2125.61710 18.1959 0.0585
2129.69151 18.1379 0.0281
2132.63307 18.1796 0.0292
2136.53720 18.1408 0.0372
2141.54891 18.2514 0.0291
2144.63908 18.2014 0.0302
2160.60661 18.1801 0.0383
2175.64462 18.3309 0.0634
2211.50155 18.1947 0.0640
2332.86919 18.1871 0.0676
2347.83310 18.1729 0.0338
2357.86063 18.1275 0.0280
2372.84851 18.1693 0.0325
2383.81116 18.1589 0.0288
2388.79100 18.1910 0.0361
2390.81391 18.1706 0.0352
2397.69809 18.1537 0.0309
2401.82974 18.1521 0.0301
2403.90672 18.1576 0.0301
2405.89412 18.1875 0.0371
2411.73437 18.1877 0.0274
2414.89346 18.2083 0.0387
2416.85139 18.1922 0.0334
2424.81876 18.1250 0.0348
2428.84738 18.1999 0.0365
2432.86085 18.1354 0.0559
2434.74572 18.1846 0.0289
2436.79442 18.1689 0.0321
2438.75519 18.1896 0.0346
2441.73288 18.1964 0.0270
2445.63929 18.1570 0.0296
2448.65746 18.0894 0.0690
2455.69702 18.1901 0.0324
2459.61703 18.1340 0.0255
2463.54835 18.1913 0.0385
2466.64456 18.1642 0.0356
2468.67485 18.1589 0.0250
2470.65719 18.1531 0.0287
2472.68536 18.1351 0.0276
2481.56470 18.2140 0.0442
2484.62727 18.1574 0.0351
2486.71924 18.1849 0.0415
2490.68743 18.1684 0.0359
2493.64898 18.1624 0.0330
2495.74759 18.1664 0.0402
2498.51445 18.1244 0.0243
2499.47587 18.1230 0.0338
2500.48648 18.1068 0.0332
2500.55895 18.1508 0.0283
2501.48107 18.1455 0.0425
2502.49242 18.1557 0.0342
2502.57015 18.1786 0.0320
2503.47314 18.3286 0.0964
2508.48357 18.1478 0.0388
2508.67045 18.1693 0.0400
2509.56464 18.0133 0.0616
2512.61682 18.1617 0.0388
2517.57069 18.1256 0.0343
2520.58605 18.1567 0.0319
2528.49129 18.1643 0.0405
2538.49773 18.1643 0.0377
2542.52502 18.1599 0.0400
2552.49897 18.1394 0.0398
2556.58311 18.1353 0.0431
2563.49754 18.1278 0.0364
2575.52602 18.1731 0.0476
2707.86703 18.1546 0.0296
2714.90635 18.1082 0.0273
2729.84030 18.1593 0.0340
2733.92049 18.1635 0.0450
2744.91804 18.1744 0.0293
2753.89295 18.1938 0.0383
2757.80446 18.1586 0.0339
2761.82156 18.1426 0.0336
2767.79686 18.1916 0.0430
2775.72593 18.1753 0.0468
2783.82991 18.1642 0.0321
2785.75551 18.1859 0.0347
2787.60584 18.1652 0.0419
2789.76255 18.1774 0.0314
2791.71899 18.1341 0.0301
2794.93383 18.1872 0.0438
2796.83267 18.2080 0.0286
2797.89390 18.2506 0.0324
2809.72175 18.1727 0.0404
2811.64610 18.1794 0.0376
2812.72061 18.1612 0.0324
2813.82989 18.1453 0.0321
2814.75341 18.1390 0.0314
2816.61806 18.1659 0.0294
2818.58938 18.1741 0.0293
2820.79598 18.1710 0.0355
2826.75946 18.2002 0.0299
2835.64360 18.1880 0.0460
2837.64037 18.1284 0.0526
2839.71283 18.1929 0.0394
2841.72214 18.1727 0.0317
2843.64864 18.1673 0.0356
2845.65931 18.1494 0.0332
2850.52730 18.1266 0.0309
2852.53967 18.2039 0.0441
2854.54339 18.1543 0.0358
2856.73377 18.2419 0.0504
2858.68638 18.1733 0.0632
2862.59907 18.1582 0.0432
2865.70264 18.1184 0.0403
2868.58885 18.1752 0.0298
2879.63543 18.1177 0.0310
2884.66577 18.1644 0.0373
2892.65412 18.1131 0.0480
2895.62782 18.1703 0.0337
2900.55607 18.1483 0.0397
2906.50795 18.1909 0.0428
2911.53215 18.1375 0.0392
2918.55613 18.2010 0.0471
2930.57528 18.0958 0.0493
3051.88680 18.1761 0.0478
3064.82169 18.1458 0.0381
3067.89512 18.1556 0.0288
3070.85666 18.1555 0.0406
3073.81211 18.1683 0.0344
3075.85079 18.1427 0.0335
3079.89533 18.1479 0.0435
3079.91117 18.1336 0.0492
3080.82744 18.1651 0.0350
3080.87253 18.1382 0.0304
3080.89626 18.1529 0.0290
3080.90975 18.1091 0.0326
3081.79722 18.1851 0.0333
3081.84116 18.1633 0.0286
3081.91281 18.1881 0.0488
3082.84337 18.1826 0.0298
3082.88252 18.1498 0.0285
3083.80691 18.1879 0.0269
3083.86835 18.1174 0.0286
3084.78460 18.1833 0.0315
3084.86729 18.1630 0.0275
3085.78834 18.1103 0.0266
3085.85863 18.1206 0.0286
3086.84025 18.1549 0.0273
3088.79775 18.1792 0.0271
3089.90698 18.1381 0.0288
3091.82721 18.1417 0.0278
3096.86532 18.1312 0.0352
3098.85277 18.1917 0.0278
3100.80630 18.1526 0.0311
3101.92005 18.1212 0.0415
3103.77757 18.1383 0.0329
3108.77013 18.1784 0.0286
3109.80230 18.1424 0.0273
3110.83670 18.1402 0.0326
3112.79505 18.2301 0.0295
3113.87598 18.1711 0.0279
3114.78685 18.1822 0.0271
3115.87032 18.1674 0.0291
3116.92578 18.1264 0.0348
3122.91284 18.1855 0.0369
3125.87316 18.1640 0.0388
3126.89877 18.1028 0.0288
3127.80962 18.1132 0.0322
3128.82265 18.1133 0.0314
3130.70056 18.1107 0.0369
3134.82220 18.2072 0.0377
3135.90191 18.1107 0.0333
3138.70364 18.1401 0.0360
3139.88091 18.1214 0.0285
3140.88069 18.1054 0.0282
3142.76893 18.1680 0.0315
3144.78990 18.1442 0.0313
3146.81256 18.1412 0.0334
3151.75252 18.1165 0.0341
3151.90520 18.1568 0.0358
3152.75662 18.1873 0.0344
3153.76052 18.1508 0.0374
3154.82208 18.1617 0.0379
3156.84177 18.1627 0.0367
3158.91588 18.2460 0.0626
3162.81676 18.1287 0.0351
3163.62966 18.1368 0.0270
3163.65141 18.1917 0.0272
3164.73902 18.1162 0.0287
3165.75915 18.1800 0.0256
3166.90431 18.1635 0.0518
3168.75235 18.1443 0.0307
3169.72865 18.1437 0.0293
3170.80575 18.1226 0.0254
3171.82850 18.1873 0.0252
3172.75544 18.1335 0.0258
3174.71241 18.1854 0.0261
3175.72170 18.1065 0.0268
3177.75889 18.1171 0.0440
3178.78541 18.1863 0.0280
3179.79515 18.1596 0.0296
3180.72405 18.1503 0.0240
3182.77501 18.1561 0.0297
3183.74360 18.1684 0.0328
3184.70142 18.1568 0.0269
3185.75408 18.2089 0.0348
3193.53962 18.1126 0.0287
3194.59822 18.2184 0.0376
3195.64553 18.1482 0.0237
3195.80321 18.1508 0.0281
3196.54866 18.1774 0.0333
3197.51617 18.1983 0.0301
3199.62603 18.1847 0.0309
3201.51783 18.0555 0.0283
3202.57222 18.1696 0.0295
3203.66177 18.1392 0.0270
3204.65608 18.1657 0.0277
3205.76972 18.1668 0.0271
3206.72056 18.2129 0.0369
3210.54802 18.1469 0.0423
3211.58637 18.1446 0.0324
3217.65498 18.1534 0.0398
3218.65338 18.1330 0.0403
3219.60924 18.1789 0.0485
3223.65456 18.1029 0.0410
3224.70008 18.1310 0.0297
3226.61742 18.0865 0.0344
3228.60383 18.1655 0.0334
3229.63630 18.1501 0.0279
3230.66988 18.1364 0.0288
3238.62228 18.1092 0.0302
3239.70096 18.1370 0.0362
3240.68209 18.1731 0.0421
3241.65702 18.1150 0.0345
3245.55687 18.1635 0.0374
3246.66059 18.1924 0.0458
3247.62676 18.1722 0.0376
3249.52877 18.1558 0.0343
3250.66144 18.1095 0.0377
3253.52921 18.0743 0.0274
3256.63849 18.2135 0.0405
3267.53456 18.1281 0.0347
3267.58718 18.0918 0.0315
3268.55269 18.1521 0.0331
3272.58998 18.2069 0.0421
3275.57296 18.2208 0.0483
3278.60182 18.0418 0.0370
3282.57586 18.0685 0.0232
3288.54839 18.0608 0.0331
3293.51903 18.1285 0.0251
3295.52921 18.1509 0.0217
3299.55349 18.0770 0.0209
3306.52620 18.2584 0.0721
3314.50326 18.1973 0.0653
3408.89305 18.1381 0.0522
3414.86864 18.1321 0.0356
3421.90025 18.1834 0.0281
3422.87458 18.2300 0.0322
3426.86572 18.1278 0.0295
3429.85652 18.1747 0.0358
3432.89116 18.1480 0.0385
3442.89366 18.1416 0.0285
3445.80640 18.1694 0.0230
3447.85704 18.1605 0.0314
3449.86967 18.1375 0.0250
3452.89025 18.1436 0.0238
3455.82450 18.2178 0.0468
3457.85803 18.1151 0.0275
3459.85318 18.1514 0.0316
3467.88304 18.1215 0.0246
3468.79160 18.1269 0.0256
3468.86544 18.1346 0.0246
3468.91501 18.1245 0.0263
3469.78897 18.1393 0.0244
3470.80188 18.1540 0.0230
3471.92829 18.1411 0.0504
3472.76436 18.1500 0.0269
3473.78413 18.1593 0.0298
3474.78079 18.1243 0.0286
3475.80638 18.1840 0.0271
3476.90635 18.1671 0.0239
3477.76819 18.1488 0.0263
3479.76705 18.2091 0.0227
3480.72717 18.1803 0.0245
3481.74511 18.1419 0.0253
3482.72186 18.1735 0.0302
3496.72465 18.0541 0.0304
3497.79621 18.1562 0.0324
3498.92050 18.1628 0.0398
3499.86734 18.1133 0.0266
3500.73356 18.1582 0.0260
3501.66786 18.1642 0.0303
3501.72784 18.2045 0.0310
3502.62798 18.1774 0.0306
3503.63626 18.1602 0.0276
3504.66647 18.1961 0.0373
3506.73149 18.1488 0.0244
3506.87247 18.1772 0.0277
3508.66022 18.2193 0.0435
3508.82289 18.1415 0.0304
3509.60582 18.2543 0.0410
3510.75895 18.1938 0.0302
3510.92411 18.1095 0.0275
3511.59580 18.1907 0.0504
3511.61492 18.2252 0.0477
3511.64734 18.1621 0.0299
3511.68168 18.1672 0.0290
3511.68483 18.2119 0.0261
3511.73442 18.1528 0.0274
3511.76343 18.1906 0.0272
3511.79170 18.1258 0.0187
3511.82381 18.1266 0.0185
3511.86557 18.2425 0.0221
3511.89476 18.2000 0.0222
3511.93323 18.2707 0.0235
3512.59729 18.1529 0.0392
3512.63626 18.1997 0.0377
3512.68902 18.1872 0.0235
3512.72077 18.1177 0.0253
3512.75653 18.1286 0.0237
3512.80402 18.2030 0.0240
3512.84434 18.2175 0.0294
3512.88316 18.2477 0.0281
3512.93246 18.0587 0.0223
3517.63912 18.2039 0.0465
3517.69294 18.2355 0.0693
3517.78536 18.1832 0.0334
3520.58893 18.2855 0.0348
3520.65852 18.1926 0.0291
3520.76641 18.2211 0.0310
3520.86005 18.2064 0.0335
3520.91701 18.2406 0.0451
3521.61400 18.1297 0.0263
3521.72315 18.1764 0.0234
3521.85065 18.1703 0.0326
3522.58631 18.1793 0.0256
3522.69845 18.2110 0.0235
3522.71928 18.1977 0.0214
3522.75112 18.1136 0.0217
3522.92453 18.0950 0.0302
3522.94235 18.2152 0.0389
3523.60753 18.1503 0.0313
3523.68553 18.1500 0.0277
3523.75631 18.1648 0.0217
3523.84705 18.1627 0.0366
3524.58130 18.2015 0.0297
3524.61032 18.2248 0.0289
3524.66312 18.1296 0.0268
3524.75557 18.1737 0.0293
3524.80798 18.1142 0.0311
3524.87994 18.1743 0.0346
3525.57197 18.1471 0.0322
3525.64512 18.1807 0.0248
3525.75447 18.1532 0.0245
3525.81323 18.1349 0.0269
3525.92114 18.1176 0.0353
3526.65870 18.1484 0.0344
3526.75743 18.1478 0.0266
3526.87898 18.2024 0.0307
3526.94529 18.2056 0.0635
3527.59253 18.1038 0.0253
3527.71672 18.1942 0.0229
3527.82177 18.1431 0.0297
3527.87458 18.2430 0.0400
3527.92177 18.2107 0.0487
3528.56114 18.1735 0.0331
3528.67837 18.1685 0.0243
3528.79617 18.1941 0.0322
3528.92649 18.3259 0.0515
3529.57218 18.1834 0.0273
3529.70064 18.1707 0.0217
3529.86606 18.1526 0.0229
3530.56135 18.1796 0.0290
3530.61577 18.1676 0.0217
3530.68957 18.1655 0.0213
3530.78452 18.1707 0.0230
3530.85065 18.1738 0.0224
3530.92842 18.0518 0.0212
3533.59907 18.2096 0.0307
3536.87278 18.0458 0.0337
3537.67878 18.2132 0.0336
3538.61228 18.1906 0.0292
3539.61917 18.2477 0.0465
3540.65559 18.1806 0.0288
3541.78595 18.1798 0.0343
3542.84134 18.0463 0.0678
3544.62268 18.2033 0.0397
3546.84966 18.1883 0.0486
3547.81395 18.1903 0.0422
3549.84397 18.1249 0.0322
3550.64041 18.2573 0.0278
3551.64101 18.0957 0.0227
3552.67633 18.1640 0.0276
3553.72573 18.0488 0.0321
3553.78070 18.1288 0.0369
3553.79268 18.2743 0.0482
3553.80731 18.2429 0.0517
3553.82570 18.2207 0.0489
3553.83747 18.1466 0.0431
3554.56916 18.2453 0.0514
3554.58394 18.2375 0.0458
3554.59615 18.1791 0.0317
3554.61166 18.1624 0.0296
3554.62266 18.1159 0.0350
3554.63207 18.2123 0.0376
3554.64387 18.1629 0.0385
3554.65571 18.2270 0.0409
3554.66426 18.2408 0.0385
3554.68329 18.1388 0.0305
3554.69832 18.1681 0.0334
3554.71358 18.1979 0.0359
3554.72863 18.1434 0.0329
3554.74346 18.1698 0.0322
3554.76366 18.1871 0.0300
3554.78342 18.1535 0.0345
3554.80587 18.1224 0.0302
3554.82612 18.2504 0.0458
3554.85024 18.1428 0.0379
3554.86473 18.2261 0.0450
3555.64890 18.1974 0.0285
3555.68260 18.0917 0.0315
3555.76892 18.1508 0.0356
3556.55101 18.1182 0.0443
3556.65153 18.1394 0.0252
3556.76215 18.1992 0.0322
3556.83450 18.0711 0.0402
3558.46492 18.1345 0.0390
3558.53571 18.1953 0.0307
3558.74593 18.2031 0.0333
3558.83441 18.2671 0.0380
3559.48117 18.2589 0.0524
3559.56612 18.1300 0.0290
3559.70436 18.1380 0.0250
3560.46747 18.2086 0.0370
3560.60571 18.1690 0.0275
3560.69921 18.1704 0.0264
3560.82685 18.0894 0.0284
3561.46098 18.1600 0.0603
3561.62731 18.1419 0.0245
3561.75365 18.1543 0.0250
3562.46849 18.1585 0.0317
3562.59411 18.1847 0.0385
3562.76025 18.1548 0.0286
3563.48140 18.1660 0.0314
3563.64485 18.1705 0.0296
3563.77653 18.1573 0.0341
3564.51598 18.0489 0.0412
3564.64065 18.1991 0.0268
3564.73548 18.2136 0.0395
3564.78499 18.2090 0.0391
3564.80061 18.2081 0.0395
3565.48063 18.1017 0.0447
3568.78805 18.2048 0.0303
3569.47465 18.1239 0.0794
3569.56798 18.2006 0.0328
3573.66289 18.2047 0.0381
3574.69430 18.1291 0.0287
3575.54180 18.1727 0.0243
3575.77840 18.1309 0.0306
3576.69564 18.1471 0.0312
3577.59578 18.1843 0.0288
3578.68040 18.1805 0.0249
3579.62591 18.1308 0.0254
3580.65910 18.1335 0.0255
3581.67894 18.1477 0.0238
3582.65083 18.1295 0.0235
3583.64121 18.1657 0.0243
3583.76112 18.2739 0.0445
3584.64988 18.1584 0.0245
3584.76451 18.1574 0.0284
3585.64022 18.1709 0.0254
3586.72531 18.1094 0.0232
3589.67885 18.2110 0.0237
3590.66280 18.1481 0.0241
3591.68636 18.1813 0.0250
3593.75331 18.1559 0.0338
3594.71550 18.1200 0.0257
3601.66402 18.1067 0.0315
3602.62463 18.1486 0.0324
3603.64466 18.1736 0.0336
3607.64301 18.1529 0.0254
3608.65839 18.1781 0.0278
3615.58614 18.2103 0.0279
3618.58774 18.1537 0.0314
3620.55096 18.2203 0.0247
3622.52879 18.2025 0.0366
3628.60498 18.0971 0.0377
3630.54432 18.1647 0.0423
3632.59599 18.2061 0.0437
3634.49507 18.1367 0.0332
3639.55395 18.1798 0.0240
3641.55237 18.1063 0.0430
3644.51274 18.1619 0.0336
3648.54449 18.1052 0.0364
3650.59299 18.2089 0.0420
3654.54854 18.1280 0.0416
3656.52980 18.2038 0.0399
3658.56165 18.1760 0.0509
3660.53426 18.1617 0.0442
3664.53801 18.1037 0.0322
3669.53758 18.1764 0.0440
3675.51634 18.1011 0.0453
3776.87514 18.2238 0.0371
3782.85981 18.1573 0.0324
3784.88513 18.2348 0.0314
3788.85253 18.2506 0.0394
3790.89494 18.1406 0.0337
3793.86225 18.1374 0.0261
3795.84966 18.2406 0.0382
3798.81286 18.1408 0.0267
3799.83703 18.0896 0.0317
3800.83197 18.1887 0.0337
3801.89146 18.1825 0.0324
3802.85704 18.1384 0.0301
3803.89230 18.2084 0.0295
3805.80876 18.1654 0.0339
3806.77503 18.1874 0.0342
3807.79413 18.1127 0.0358
3808.80181 18.1438 0.0342
3809.88692 18.1411 0.0299
3810.85354 18.1706 0.0307
3811.84514 18.1391 0.0307
3812.84124 18.1830 0.0393
3813.83416 18.1926 0.0309
3814.83305 18.1700 0.0313
3817.86456 18.1790 0.0376
3818.89369 18.1793 0.0271
3819.81139 18.1847 0.0237
3820.77803 18.1567 0.0249
3821.78118 18.1799 0.0264
3822.82057 18.1816 0.0276
3823.78076 18.2292 0.0371
3824.74695 18.0915 0.0334
3825.81181 18.1328 0.0308
3826.74033 18.1678 0.0321
3827.80814 18.2203 0.0263
3828.78275 18.1992 0.0350
3829.76494 18.2056 0.0324
3830.74128 18.1603 0.0287
3831.91478 18.1503 0.0243
3832.75184 18.1522 0.0261
3833.76503 18.1880 0.0263
3834.75076 18.1538 0.0272
3834.92165 18.1829 0.0404
3835.73984 18.1547 0.0307
3836.77089 18.2288 0.0369
3837.73824 18.1961 0.0374
3837.91014 18.1676 0.0297
3838.75003 18.1695 0.0408
3838.91735 18.1790 0.0367
3839.74580 18.1740 0.0360
3840.71179 18.1210 0.0342
3840.91674 18.1258 0.0320
3841.75031 18.2006 0.0336
3841.90104 18.1375 0.0330
3842.85368 18.1251 0.0280
3845.72583 18.2022 0.0474
3845.91657 18.2110 0.0384
3846.73652 18.1791 0.0258
3846.92882 18.2328 0.0361
3847.80260 18.2252 0.0388
3848.75757 18.1681 0.0283
3849.75672 18.1456 0.0260
3850.70075 18.1624 0.0269
3850.87249 18.1262 0.0303
3851.71590 18.1832 0.0301
3851.88079 18.1476 0.0303
3851.92689 18.1372 0.0320
3852.70447 18.1701 0.0296
3852.87571 18.1722 0.0291
3853.69289 18.1967 0.0244
3853.86119 18.1661 0.0266
3853.93198 18.1743 0.0308
3856.68292 18.1709 0.0283
3856.84968 18.1744 0.0275
3857.92060 18.1783 0.0322
3858.76930 18.1847 0.0222
3859.80750 18.1186 0.0276
3860.67702 18.1276 0.0304
3860.91585 18.2250 0.0363
3861.67507 18.1536 0.0296
3861.77866 18.1107 0.0233
3862.70777 18.1862 0.0259
3862.87080 18.1724 0.0299
3863.64580 18.1533 0.0295
3863.85989 18.1362 0.0244
3864.68273 18.1434 0.0295
3864.87280 18.1610 0.0251
3864.93174 18.0976 0.0236
3865.69355 18.1254 0.0294
3865.83029 18.1171 0.0291
3865.90706 18.1251 0.0256
3866.69202 18.1568 0.0265
3866.83148 18.1808 0.0285
3866.91039 18.1234 0.0238
3867.63487 18.1876 0.0336
3867.82053 18.2222 0.0363
3867.89358 18.1372 0.0291
3868.71798 18.1159 0.0366
3868.86965 18.1647 0.0405
3869.69778 18.1334 0.0299
3869.87874 18.1242 0.0386
3872.89511 18.1667 0.0346
3873.65067 18.1468 0.0269
3873.79274 18.1676 0.0288
3873.86547 18.1915 0.0342
3873.93508 18.1425 0.0364
3874.74977 18.2295 0.0337
3875.66344 18.2052 0.0216
3875.81884 18.1656 0.0275
3875.90984 18.1433 0.0281
3876.64064 18.1784 0.0220
3877.63877 18.2203 0.0278
3877.79011 18.1660 0.0236
3877.86400 18.1283 0.0270
3880.61183 18.2144 0.0275
3880.83967 18.1421 0.0308
3880.91843 18.2155 0.0312
3881.66883 18.1914 0.0279
3881.88032 18.1685 0.0260
3881.92708 18.1401 0.0263
3882.75711 18.1545 0.0283
3882.83138 18.1092 0.0287
3882.90021 18.1890 0.0284
3883.64650 18.1189 0.0338
3883.84419 18.1793 0.0248
3886.60859 18.1548 0.0296
3886.80136 18.1813 0.0260
3886.87322 18.1598 0.0333
3887.58191 18.1437 0.0334
3887.78455 18.1497 0.0252
3887.88411 18.1833 0.0317
3888.59798 18.0383 0.0250
3889.66439 18.1816 0.0252
3889.94261 18.1768 0.0377
3890.64956 18.1125 0.0269
3891.67402 18.1692 0.0307
3891.80226 18.1947 0.0294
3891.88424 18.1244 0.0317
3892.57560 18.2629 0.0474
3892.94155 18.1362 0.0370
3893.62782 18.1720 0.0296
3893.86966 18.1736 0.0386
3894.67823 18.1619 0.0347
3896.61582 18.0882 0.0450
3900.53709 18.2337 0.0416
3900.72351 18.1509 0.0278
3900.80213 18.1323 0.0311
3900.87078 18.2080 0.0336
3901.54724 18.1691 0.0303
3901.72859 18.1841 0.0341
3901.80583 18.1607 0.0368
3901.87478 18.0812 0.0380
3902.56993 18.1112 0.0267
3902.74944 18.1483 0.0278
3902.86841 18.1126 0.0365
3903.66106 18.1658 0.0268
3904.55825 18.1662 0.0268
3904.72127 18.1938 0.0270
3904.79034 18.1733 0.0282
3904.89248 18.1107 0.0309
3905.55498 18.1652 0.0256
3905.73167 18.1176 0.0244
3905.80170 18.1423 0.0232
3905.87027 18.1460 0.0286
3906.56951 18.0741 0.0296
3906.71012 18.0688 0.0255
3906.78247 18.1321 0.0297
3906.86169 18.0669 0.0323
3907.60029 18.0819 0.0281
3907.78250 18.2668 0.0508
3907.86706 18.0563 0.0429
3908.53638 18.2151 0.0325
3908.72205 18.1648 0.0304
3908.80212 18.1362 0.0272
3908.88171 18.1610 0.0300
3909.53824 18.1779 0.0309
3909.72098 18.1185 0.0217
3909.81142 18.1025 0.0239
3909.88771 18.1157 0.0341
3910.57469 18.1378 0.0296
3912.53735 18.1700 0.0217
3912.72473 18.1413 0.0217
3912.81864 18.1352 0.0237
3913.52887 18.1727 0.0245
3913.73429 18.1236 0.0299
3913.82321 18.1490 0.0239
3914.55264 18.1659 0.0316
3915.53036 18.1564 0.0291
3915.73238 18.1916 0.0302
3915.83058 18.1587 0.0295
3916.56905 18.2336 0.0350
3916.81298 18.2075 0.0333
3917.61779 18.0940 0.0328
3917.82353 18.1547 0.0333
3918.61112 18.1255 0.0344
3918.82125 18.1893 0.0375
3919.54938 18.1034 0.0339
3919.75800 18.1826 0.0271
3920.51573 18.1651 0.0377
3920.71181 18.0907 0.0293
3920.79718 18.1441 0.0265
3921.51190 18.1581 0.0300
3921.71115 18.2033 0.0461
3921.72563 18.0926 0.0394
3922.71556 18.1889 0.0404
3930.54881 18.1004 0.0296
3930.79059 18.2264 0.0486
3931.50444 18.1873 0.0346
3932.53202 18.1879 0.0332
3932.80377 18.0387 0.0299
3933.51844 18.1741 0.0294
3933.70290 18.1345 0.0251
3933.77490 18.1846 0.0301
3934.49233 18.1533 0.0268
3934.66238 18.0989 0.0244
3934.73222 18.1902 0.0264
3935.54223 18.1326 0.0303
3935.71356 18.1534 0.0344
3935.81110 18.1508 0.0361
3936.49561 18.0976 0.0350
3936.66111 18.1408 0.0280
3936.73748 18.1750 0.0354
3937.55987 18.0212 0.0341
3938.50338 18.1459 0.0383
3938.69838 18.1457 0.0278
3938.80354 18.1327 0.0391
3940.58804 18.1722 0.0327
3941.70466 18.1326 0.0313
3944.55594 18.1421 0.0290
3944.75630 18.1493 0.0298
3945.78420 18.1531 0.0336
3946.51507 18.1487 0.0370
3946.70728 18.1339 0.0288
3950.52381 18.1289 0.0269
3950.73886 18.1567 0.0322
3951.51657 18.2062 0.0344
3951.74782 18.1350 0.0358
3956.56974 18.0829 0.0381
3957.50815 18.1651 0.0431
3958.57897 18.2262 0.0335
3959.51173 18.2043 0.0337
3959.68615 18.2296 0.0345
3960.50097 18.1441 0.0267
3960.68007 18.1115 0.0238
3961.57227 18.1296 0.0348
3963.53360 18.0822 0.0280
3963.71100 18.1461 0.0304
3964.52870 18.1141 0.0262
3965.51313 18.1012 0.0248
3965.70443 18.1136 0.0248
3966.48831 18.1799 0.0319
3966.69006 18.2132 0.0322
3967.52267 18.1253 0.0340
3967.71549 18.1525 0.0289
3968.50079 18.1565 0.0342
3968.67075 18.1020 0.0311
3969.48241 18.1174 0.0332
3969.68309 18.1698 0.0308
3970.51155 18.1514 0.0361
3970.69014 18.0887 0.0255
3971.55540 18.1917 0.0371
3973.58160 18.1780 0.0308
3974.51087 18.1596 0.0308
3974.69743 18.3043 0.0438
3975.51377 18.1594 0.0273
3975.68559 18.1724 0.0358
3976.50833 18.1774 0.0270
3976.68438 18.2588 0.0485
3979.51057 18.0716 0.0658
3982.57121 18.1258 0.0346
3983.52886 18.1292 0.0503
3986.58566 18.1939 0.0381
3987.50800 18.2277 0.0374
3988.52093 18.2480 0.0269
3989.53152 18.1476 0.0310
3990.54835 18.1822 0.0326
3991.50409 18.1446 0.0323
3993.55583 18.2255 0.0369
3994.56650 18.1410 0.0348
3995.57406 18.1198 0.0255
3999.61142 18.1094 0.0308
4002.50083 18.1720 0.0344
4003.49504 18.1808 0.0293
4004.52914 18.1272 0.0271
4006.52207 18.2152 0.0353
4012.50201 18.1429 0.0423
4016.51765 18.1161 0.0393
4018.55541 18.2410 0.0412
4020.54065 18.2023 0.0380
4023.54098 18.1804 0.0412
4025.56038 18.2013 0.0395
4028.49978 18.1920 0.0451
4031.49990 18.0607 0.0367
4038.50523 18.2479 0.0549
4040.51963 18.3605 0.0660
4043.51205 18.2436 0.0631
4141.87980 18.1511 0.0359
4150.89500 18.1603 0.0583
4153.88292 18.1896 0.0356
4156.86131 18.1808 0.0398
4158.88088 18.2133 0.0390
4161.84885 18.1203 0.0410
4163.83171 18.1533 0.0388
4165.81315 18.4639 0.0824
4168.81030 18.2134 0.0372
4170.80228 18.1977 0.0660
4175.79289 18.1756 0.0366
4176.90424 18.2084 0.0323
4178.80800 18.1848 0.0324
4179.85231 18.1954 0.0306
4181.78873 18.1766 0.0379
4182.83368 18.1901 0.0290
4183.86981 18.1748 0.0336
4184.91044 18.2051 0.0282
4189.84565 18.1378 0.0363
4191.81073 18.1955 0.0512
4193.74509 18.1947 0.0590
4194.79064 18.1564 0.0351
4196.78072 18.1786 0.0387
4202.76224 18.1895 0.0324
4203.75026 18.1653 0.0261
4204.74254 18.1366 0.0331
4204.92483 18.1732 0.0347
4205.73906 18.2203 0.0294
4207.72853 18.1570 0.0334
4208.75063 18.1770 0.0314
4211.79479 18.1540 0.0355
4212.87196 18.1921 0.0387
4213.71516 18.1887 0.0374
4213.91873 18.1774 0.0298
4215.74785 18.1837 0.0353
4216.70564 18.2355 0.0353
4217.71308 18.2206 0.0315
4217.91673 18.1518 0.0281
4218.76271 18.2313 0.0445
4219.76364 18.2084 0.0364
4220.70560 18.1863 0.0394
4222.67432 18.2158 0.0482
4222.92180 18.1272 0.0323
4224.78781 18.1454 0.0372
4228.68320 18.1859 0.0340
4228.91679 18.1984 0.0436
4229.63892 18.1501 0.0433
4229.67688 18.2676 0.0485
4229.87385 18.1893 0.0331
4230.68656 18.1861 0.0318
4230.87463 18.1109 0.0347
4230.93953 18.1427 0.0656
4231.62893 18.1342 0.0357
4231.77314 18.1744 0.0333
4231.89733 18.1310 0.0376
4232.68098 18.1956 0.0454
4232.84201 18.2619 0.0576
4233.81627 18.2016 0.0394
4234.71444 18.0973 0.0335
4235.64246 18.1511 0.0352
4235.80369 18.1629 0.0287
4235.89612 18.1516 0.0304
4238.62838 18.2006 0.0507
4238.88080 18.1808 0.0435
4239.63511 18.1906 0.0390
4240.68249 18.1457 0.0367
4240.81973 18.1567 0.0328
4243.64830 18.1945 0.0386
4243.74101 18.1997 0.0327
4243.83477 18.1950 0.0385
4244.62065 18.2169 0.0424
4244.71689 18.1439 0.0312
4244.80969 18.1804 0.0327
4245.61373 18.1382 0.0337
4245.70764 18.1959 0.0310
4245.80347 18.1562 0.0283
4246.67204 18.1729 0.0322
4246.76491 18.2342 0.0351
4246.85824 18.1915 0.0372
4247.68726 18.1541 0.0333
4247.83087 18.1753 0.0316
4250.73542 18.1850 0.0356
4251.80699 18.2991 0.0581
4256.62311 18.2163 0.0525
4256.76913 18.2151 0.0461
4257.65477 18.1535 0.0359
4258.63816 18.1867 0.0425
4258.76065 18.1307 0.0337
4258.85477 18.2040 0.0426
4267.59874 18.2008 0.0353
4268.56196 18.1585 0.0384
4268.84482 18.1776 0.0322
4269.58117 18.1649 0.0320
4269.70169 18.1806 0.0306
4269.79097 18.1063 0.0265
4270.57471 18.1493 0.0350
4272.60306 18.2229 0.0332
4272.75221 18.1947 0.0332
4272.81145 18.2232 0.0342
4272.88300 18.2164 0.0484
4273.62018 18.2082 0.0426
4273.80082 18.1765 0.0400
4273.86198 18.0714 0.0471
4274.55282 18.2130 0.0424
4274.70657 18.1983 0.0426
4274.76771 18.0887 0.0348
4274.82612 18.1810 0.0446
4275.60526 18.1512 0.0331
4275.78061 18.2090 0.0399
4275.84171 18.0990 0.0429
4276.59004 18.1643 0.0399
4277.53384 18.1744 0.0518
4277.71076 18.1575 0.0320
4277.76945 18.1850 0.0415
4277.82806 18.1427 0.0515
4278.57872 18.1870 0.0463
4278.75489 18.2480 0.0480
4283.51325 18.1812 0.0466
4283.73356 18.2060 0.0431
4284.50820 18.2421 0.0440
4284.69878 18.1134 0.0345
4284.76111 18.2416 0.0372
4284.82593 18.1461 0.0538
4285.51129 18.2579 0.0530
4285.69941 18.2084 0.0381
4285.76585 18.1108 0.0316
4285.83117 18.1686 0.0407
4286.51098 18.2207 0.0436
4286.81178 18.1817 0.0468
4289.51880 18.2124 0.0410
4289.73733 18.1572 0.0383
4289.80246 18.2404 0.0395
4290.56510 18.2194 0.0416
4291.62769 18.1646 0.0302
4292.49335 18.1718 0.0329
4292.67255 18.1663 0.0308
4292.73113 18.1758 0.0308
4292.78967 18.1310 0.0308
4293.49368 18.1649 0.0335
4293.71829 18.1265 0.0292
4293.77710 18.1818 0.0317
4294.49286 18.1585 0.0361
4295.49997 18.1459 0.0329
4295.69800 18.2072 0.0260
4295.75658 18.1943 0.0275
4296.49700 18.1729 0.0353
4296.69354 18.1742 0.0279
4296.82719 18.2133 0.0412
4297.51655 18.1792 0.0385
4297.71817 18.1716 0.0262
4298.55144 18.1815 0.0329
4298.65716 18.1917 0.0323
4298.76304 18.1650 0.0409
4299.53445 18.1634 0.0284
4299.62745 18.1427 0.0271
4299.71965 18.1794 0.0272
4299.81422 18.1456 0.0396
4300.53013 18.2170 0.0345
4300.65020 18.1724 0.0299
4300.74572 18.1861 0.0307
4301.52100 18.1541 0.0306
4301.61676 18.1730 0.0298
4301.71788 18.1387 0.0297
4301.80771 18.2096 0.0334
4302.59398 18.2305 0.0350
4302.69417 18.1822 0.0353
4303.68000 18.1752 0.0372
4304.55411 18.0999 0.0402
4304.67224 18.1362 0.0401
4306.63808 18.2342 0.0391
4306.69341 18.1350 0.0376
4310.61727 18.2161 0.0483
4312.54955 18.1620 0.0415
4312.74800 18.1992 0.0344
4315.64052 18.0704 0.0373
4316.71371 18.1591 0.0382
4317.56179 18.1658 0.0291
4319.51904 18.1700 0.0418
4319.77388 18.1194 0.0349
4320.54586 18.1614 0.0308
4326.51310 18.2383 0.0350
4326.71029 18.3720 0.0468
4327.59176 18.0856 0.0356
4328.51854 18.1164 0.0360
4328.69657 18.2186 0.0379
4329.52829 18.1767 0.0347
4329.67616 18.1650 0.0379
4330.49940 18.1914 0.0324
4330.69269 18.1575 0.0331
4331.47955 18.1718 0.0423
4331.68841 18.1175 0.0366
4332.50933 18.1913 0.0298
4333.53041 18.1522 0.0367
4333.69154 18.1833 0.0432
4334.50379 18.0920 0.0922
4334.63200 18.3275 0.0943
4338.50363 18.2021 0.0418
4339.48098 18.1699 0.0416
4339.69743 18.1621 0.0544
4340.60129 18.1959 0.0401
4341.50429 18.2240 0.0504
4342.53348 18.1675 0.0351
4343.51231 18.1317 0.0270
4344.54055 18.1853 0.0471
4345.50573 18.1664 0.0297
4346.51843 18.1606 0.0379
4347.53314 18.1876 0.0362
4349.49479 18.1802 0.0367
4350.54143 18.1617 0.0299
4351.50732 18.1637 0.0321
4352.55786 18.2342 0.0473
4353.51122 18.1447 0.0319
4354.53991 18.1964 0.0304
4355.54256 18.1332 0.0332
4356.50794 18.1573 0.0322
4357.53702 18.1980 0.0399
4358.50004 18.2489 0.0468
4359.53760 18.1309 0.0328
4360.56694 18.1678 0.0403
4361.57036 18.2144 0.0527
4362.51211 18.1699 0.0454
4365.56297 18.2356 0.0513
4367.48900 18.2000 0.0347
4368.53264 18.1615 0.0440
4370.49667 18.1584 0.0368
4371.53510 18.1438 0.0315
4372.52084 18.1516 0.0286
4373.50704 18.1357 0.0418
4376.57174 18.2144 0.0519
4377.60896 18.2748 0.0521
4378.51953 18.1750 0.0369
4379.53457 18.1825 0.0505
4380.54607 18.1218 0.0324
4381.52475 18.1547 0.0483
4382.56729 18.1801 0.0439
4383.55782 18.1760 0.0425
4384.53200 18.2305 0.0433
4387.59148 18.2288 0.0476
4393.53185 18.1691 0.0395
4394.49934 18.1877 0.0396
4394.54721 18.1964 0.0425
4395.49780 18.1478 0.0466
4395.51864 18.1738 0.0442
4396.51064 18.1115 0.0509
4397.53493 18.1444 0.0470
4398.53987 18.1318 0.0438
4399.53253 18.1226 0.0496
4400.53460 18.1615 0.0623
4402.55102 18.1928 0.0563
4403.55008 18.1735 0.0526
4407.52599 18.2505 0.0569
4408.54087 18.2065 0.0558
4507.85625 18.2273 0.0494
4510.86176 18.2236 0.0396
4513.86288 18.2194 0.0335
4517.86201 18.2282 0.0597
4519.88299 18.1851 0.0325
4522.87688 18.1402 0.0428
4524.81274 18.2428 0.0444
4530.82038 18.1775 0.0298
4533.85623 18.2303 0.0382
4535.83897 18.1758 0.0385
4536.89666 18.1868 0.0325
4537.88230 18.1608 0.0281
4538.81739 18.2188 0.0349
4539.85545 18.2104 0.0350
4540.80164 18.1154 0.0287
4541.79438 18.1824 0.0311
4542.78905 18.2040 0.0414
4543.78457 18.1796 0.0338
4544.78148 18.0955 0.0379
4545.78780 18.2241 0.0392
4546.79492 18.1748 0.0377
4547.78888 18.1912 0.0354
4548.79984 18.2050 0.0450
4550.74290 18.3241 0.0534
4551.76607 18.2212 0.0387
4552.76206 18.2089 0.0976
4556.75813 18.2549 0.0334
4557.77535 18.2269 0.0354
4558.75229 18.1833 0.0289
4558.92209 18.1948 0.0413
4559.75021 18.2010 0.0305
4560.75033 18.2069 0.0306
4561.74039 18.2112 0.0333
4564.73057 18.1771 0.0305
4565.72866 18.1775 0.0266
4565.91953 18.1912 0.0255
4566.72811 18.1784 0.0293
4567.72116 18.1759 0.0325
4567.92699 18.1931 0.0400
4568.72972 18.2045 0.0337
4569.73882 18.2241 0.0378
4570.72942 18.1844 0.0373
4571.72408 18.2284 0.0426
4571.91264 18.2219 0.0308
4572.75158 18.1709 0.0298
4573.73996 18.1916 0.0335
4573.90631 18.1607 0.0258
4574.74234 18.1808 0.0391
4575.75142 18.2027 0.0349
4576.75794 18.1252 0.0318
4577.83964 18.1735 0.0370
4578.79067 18.1046 0.0449
4579.86759 18.1189 0.0528
4583.73438 18.2229 0.0483
4583.92718 18.1724 0.0339
4585.75808 18.1669 0.0418
4586.78329 18.1790 0.0406
4587.77104 18.1336 0.0336
4587.92958 18.1890 0.0446
4588.69350 18.2179 0.0370
4588.92436 18.1745 0.0320
4589.67641 18.1647 0.0348
4589.83181 18.2108 0.0344
4589.89383 18.1872 0.0369
4590.69919 18.2278 0.0363
4590.90384 18.1537 0.0321
4591.70769 18.1830 0.0339
4591.83314 18.1460 0.0295
4591.89968 18.1658 0.0326
4592.66630 18.1433 0.0453
4592.85558 18.1489 0.0370
4592.93393 18.1917 0.0408
4593.65547 18.2339 0.0392
4593.86516 18.1438 0.0312
4594.67648 18.1583 0.0352
4594.87150 18.2074 0.0342
4595.66598 18.1313 0.0331
4595.86041 18.1595 0.0317
4595.92227 18.1061 0.0320
4596.66120 18.1471 0.0362
4597.68564 18.1226 0.0335
4597.87715 18.1904 0.0321
4598.66193 18.1404 0.0251
4598.93062 18.1522 0.0340
4599.63440 18.1218 0.0374
4599.92496 18.2454 0.0405
4600.64366 18.2236 0.0291
4600.85238 18.1735 0.0297
4601.64923 18.1759 0.0308
4601.86546 18.2146 0.0283
4601.92735 18.1618 0.0320
4602.64185 18.1782 0.0297
4602.85129 18.1831 0.0279
4603.76932 18.1250 0.0375
4606.64313 18.1837 0.0370
4606.89822 18.1976 0.0398
4610.73931 18.1994 0.0306
4611.62860 18.1558 0.0397
4611.81948 18.2267 0.0329
4612.64998 18.1774 0.0385
4615.79173 18.2137 0.0347
4616.60074 18.1454 0.0369
4616.81725 18.2219 0.0312
4616.88724 18.1919 0.0371
4617.66973 18.2135 0.0317
4618.61250 18.1187 0.0305
4621.91328 18.2132 0.0314
4622.81092 18.1999 0.0352
4622.92225 18.2049 0.0541
4623.64476 18.2118 0.0320
4623.87002 18.1913 0.0403
4624.58999 18.1530 0.0391
4624.81413 18.2250 0.0367
4624.88050 18.1917 0.0334
4625.60409 18.1942 0.0405
4625.79444 18.2266 0.0418
4625.91093 18.2428 0.0515
4626.60257 18.3226 0.0437
4626.85789 18.2700 0.0455
4627.56305 18.1672 0.0364
4627.85235 18.1824 0.0253
4627.91960 18.1866 0.0306
4628.55033 18.1956 0.0358
4628.75659 18.2516 0.0340
4628.82206 18.2066 0.0332
4628.89194 18.1806 0.0364
4629.62775 18.2044 0.0278
4629.83037 18.1798 0.0333
4629.90837 18.2419 0.0399
4630.56366 18.1187 0.0372
4630.76952 18.1950 0.0303
4630.85288 18.1923 0.0336
4630.91564 18.2114 0.0426
4631.56505 18.1955 0.0295
4631.78081 18.1924 0.0276
4631.86750 18.1842 0.0350
4632.56886 18.1942 0.0356
4632.85560 18.1514 0.0355
4633.56884 18.1815 0.0339
4633.68034 18.2247 0.0303
4633.79608 18.1935 0.0348
4638.75387 18.1604 0.0359
4638.86409 18.2137 0.0458
4639.57641 18.1877 0.0393
4639.67421 18.2043 0.0346
4640.59594 18.1513 0.0329
4640.72810 18.1535 0.0282
4640.83311 18.1403 0.0377
4641.66993 18.2289 0.0345
4641.77989 18.1002 0.0318
4642.59382 18.2636 0.0360
4642.75635 18.1373 0.0310
4642.83142 18.1551 0.0399
4643.55162 18.2306 0.0401
4644.59896 18.1625 0.0379
4644.85795 18.1742 0.0330
4645.52206 18.1803 0.0468
4645.77050 18.1900 0.0340
4645.84521 18.2317 0.0441
4646.52006 18.1507 0.0334
4646.85247 18.1980 0.0391
4647.51645 18.1313 0.0393
4647.73950 18.2218 0.0432
4647.85053 18.1542 0.0399
4648.49962 18.2169 0.0412
4648.71609 18.1955 0.0346
4648.81712 18.1991 0.0389
4649.52569 18.1703 0.0427
4649.73440 18.1628 0.0265
4649.86080 18.0754 0.0365
4650.51165 18.1856 0.0424
4650.77559 18.1621 0.0307
4650.86931 18.1107 0.0430
4651.51503 18.1730 0.0465
4651.81016 18.0843 0.0408
4652.50607 18.2119 0.0407
4652.71920 18.1410 0.0303
4652.79409 18.1386 0.0329
4652.84382 18.1600 0.0456
4653.50241 18.2508 0.0515
4653.72160 18.2064 0.0342
4653.78680 18.1316 0.0410
4654.54123 18.1647 0.0361
4654.75269 18.1781 0.0332
4654.81778 18.0957 0.0491
4655.50227 18.1339 0.0425
4655.72677 18.1489 0.0267
4655.78855 18.1855 0.0333
4656.50422 18.1537 0.0280
4656.69398 18.1231 0.0325
4656.81322 18.1249 0.0390
4657.73013 18.2225 0.0418
4658.66269 18.1212 0.0332
4659.59670 18.1655 0.0457
4660.61501 18.0995 0.0344
4661.49227 18.1714 0.0380
4661.69295 18.2759 0.0446
4661.75444 18.1467 0.0515
4661.82164 18.0769 0.0493
4665.65972 18.1052 0.0427
4666.56516 18.1244 0.0379
4666.70824 18.1836 0.0383
4666.75039 18.1760 0.0436
4670.64986 18.1000 0.0315
4671.58536 18.1503 0.0283
4672.51088 18.1749 0.0286
4672.70334 18.1016 0.0313
4672.72562 18.1594 0.0326
4674.51396 18.1233 0.0368
4674.70707 18.1783 0.0347
4677.49057 18.1024 0.0314
4677.63697 18.1318 0.0323
4677.77947 18.1387 0.0380
4678.69395 18.1018 0.0276
4679.49619 18.1558 0.0452
4681.53198 18.1507 0.0313
4681.63200 18.1257 0.0298
4681.76420 18.0666 0.0329
4682.50298 18.0864 0.0302
4682.66031 18.1278 0.0282
4682.75551 18.0524 0.0286
4683.52150 18.0552 0.0381
4683.70842 18.0560 0.0302
4684.51402 18.1257 0.0333
4684.72774 18.0490 0.0275
4685.49899 18.0539 0.0402
4685.73396 18.0766 0.0334
4686.50273 18.1076 0.0334
4687.48649 18.0504 0.0312
4687.74200 18.0724 0.0352
4688.49942 18.0402 0.0353
4688.68924 18.0070 0.0292
4688.75105 18.0341 0.0374
4693.54697 17.9518 0.0284
4694.54225 17.9648 0.0426
4697.50290 17.9044 0.0261
4698.50839 17.9003 0.0232
4699.50456 17.8966 0.0266
4700.51083 17.8548 0.0237
4701.50612 17.8536 0.0262
4702.50463 17.8080 0.0254
4703.57515 17.7602 0.0224
4704.64488 17.7555 0.0225
4705.50828 17.7363 0.0233
4707.63863 17.6630 0.0194
4708.54152 17.6020 0.0235
4709.51762 17.6258 0.0274
4710.54724 17.5422 0.0196
4715.58658 17.2408 0.0191
4716.58898 17.0990 0.0206
4720.55614 16.7609 0.0128
4721.48767 16.7630 0.0156
4722.60096 16.7408 0.0120
4724.51004 16.8444 0.0152
4725.48885 16.9342 0.0168
4726.54976 17.0530 0.0193
4728.59487 17.0722 0.0179
4729.55037 17.1311 0.0180
4730.56905 17.1745 0.0153
4731.57363 17.2091 0.0164
4733.52530 17.3080 0.0176
4734.55466 17.4231 0.0214
4737.54558 17.5287 0.0221
4740.55610 17.6183 0.0248
4741.56379 17.6533 0.0226
4743.56944 17.7513 0.0283
4753.54962 17.9789 0.0385
4756.52846 17.9703 0.0423
4758.51130 18.0816 0.0437
4868.88180 18.2894 0.0417
4870.85255 18.1451 0.0468
4873.85454 18.1909 0.0396
4874.84898 18.2664 0.0496
4877.84883 18.2401 0.0354
4884.85637 18.1814 0.0309
4887.82845 18.1862 0.0290
4890.88443 18.2273 0.0344
4896.87267 18.2390 0.0320
4899.84360 18.2132 0.0337
4900.88502 18.1721 0.0320
4901.88342 18.2455 0.0330
4902.88214 18.1885 0.0309
4904.80623 18.2308 0.0348
4905.91023 18.2178 0.0440
4910.81218 18.2394 0.0396
4911.78274 18.2558 0.0291
4912.77967 18.2209 0.0245
4914.79673 18.1978 0.0285
4917.75776 18.1622 0.0277
4920.73782 18.2358 0.0295
4920.75032 18.2116 0.0289
4924.77886 18.1414 0.0275
4925.81881 18.2297 0.0292
4925.90587 18.1627 0.0240
4927.71851 18.2260 0.0474
4927.87299 18.2648 0.0382
4928.73498 18.1551 0.0361
4929.79125 18.2819 0.0347
4930.70575 18.1671 0.0436
4930.82468 18.2288 0.0412
4931.72058 18.3087 0.0498
4931.86625 18.1940 0.0352
4932.72363 18.1531 0.0343
4932.82430 18.2283 0.0299
4933.77197 18.2517 0.0460
4934.87519 18.2600 0.0435
4938.68096 18.1956 0.0390
4938.88559 18.2107 0.0367
4939.69987 18.1378 0.0348
4940.69986 18.2006 0.0314
4941.67863 18.2253 0.0333
4941.77660 18.1733 0.0314
4942.71640 18.2052 0.0300
4943.67043 18.2445 0.0320
4943.80994 18.2519 0.0318
4944.66726 18.2398 0.0323
4944.82270 18.2305 0.0273
4945.71570 18.2416 0.0310
4945.77218 18.1958 0.0271
4946.66535 18.1633 0.0314
4947.65907 18.2516 0.0303
4947.85730 18.1986 0.0279
4948.83959 18.2531 0.0265
4950.67748 18.2270 0.0314
4951.64774 18.2149 0.0361
4952.64597 18.1969 0.0350
4953.63960 18.2089 0.0364
4953.81417 18.2428 0.0340
4954.64114 18.2355 0.0374
4954.83401 18.1179 0.0289
4955.64184 18.1764 0.0429
4955.67654 18.2023 0.0372
4955.69574 18.2209 0.0339
4955.72772 18.2917 0.0416
4955.77521 18.2177 0.0359
4955.82073 18.2060 0.0344
4955.84252 18.2256 0.0416
