2452125.61979 16.5298  0.0134 4.75 2029.0  206.91  284.96
2452129.69452 16.5451  0.0098 4.04  959.0  206.91  284.96
2452132.63609 16.5304  0.0097 3.78  955.0  206.91  284.96
2452136.54015 16.5452  0.0123 5.43  938.0  206.91  284.96
2452141.55189 16.5406  0.0106 4.42  952.0  206.91  284.96
2452144.64178 16.5492  0.0109 4.50  901.0  206.91  284.96
2452160.60957 16.5566  0.0157 6.61 1127.0  206.91  284.96
2452175.64762 16.5106  0.0147 6.01 1574.0  206.91  284.96
2452211.50426 16.5441  0.0166 6.70 1565.0  206.91  284.96
2452347.83597 16.5317  0.0107 4.05  950.0  206.91  284.96
2452357.86350 16.5305  0.0110 4.37  970.0  206.91  284.96
2452372.85137 16.5401  0.0120 5.01 1074.0  206.91  284.96
2452383.82325 16.5342  0.0103 4.08  951.0  206.91  284.96
2452388.79393 16.5632  0.0123 5.01 1101.0  206.91  284.96
2452390.82334 16.5388  0.0106 3.87 1229.0  206.91  284.96
2452397.70101 16.5400  0.0106 4.18 1213.0  206.91  284.96
2452401.83268 16.5320  0.0106 3.97 1076.0  206.91  284.96
2452403.90965 16.5408  0.0106 4.45 1112.0  206.91  284.96
2452405.89704 16.5238  0.0116 4.73 1130.0  206.91  284.96
2452411.73732 16.5606  0.0072 4.46  703.0  206.91  284.96
2452414.90207 16.5500  0.0125 5.45 1059.0  206.91  284.96
2452416.85436 16.5476  0.0119 4.93 1097.0  206.91  284.96
2452424.82173 16.5332  0.0118 4.73 1187.0  206.91  284.96
2452428.85034 16.5304  0.0114 5.10 1039.0  206.91  284.96
2452434.74867 16.5387  0.0099 3.56 1026.0  206.91  284.96
2452436.79738 16.5162  0.0108 4.14 1060.0  206.91  284.96
2452438.75816 16.5342  0.0112 4.63  928.0  206.91  284.96
2452441.73585 16.5208  0.0093 3.97  941.0  206.91  284.96
2452445.64198 16.5271  0.0106 4.15  958.0  206.91  284.96
2452448.66336 16.5250  0.0115 3.86 1561.0  206.91  284.96
2452455.70000 16.4884  0.0090 3.83 1709.0  206.91  284.96
2452459.62002 16.5483  0.0085 4.27  790.0  206.91  284.96
2452463.55132 16.5311  0.0116 4.70 1040.0  206.91  284.96
2452466.65047 16.5149  0.0120 5.63  897.0  206.91  284.96
2452468.68070 16.5351  0.0098 4.04  841.0  206.91  284.96
2452470.66313 16.5371  0.0102 4.03  865.0  206.91  284.96
2452472.68832 16.5444  0.0101 4.34  891.0  206.91  284.96
2452481.56771 16.5561  0.0143 6.10 1139.0  206.91  284.96
2452484.63026 16.5360  0.0124 5.17  959.0  206.91  284.96
2452486.72225 16.5255  0.0151 6.99 1029.0  206.91  284.96
2452490.69045 16.5233  0.0117 5.11  934.0  206.91  284.96
2452493.65197 16.5194  0.0117 5.12 1081.0  206.91  284.96
2452495.75392 16.5453  0.0126 5.23 1264.0  206.91  284.96
2452498.51746 16.5439  0.0090 3.19  926.0  206.91  284.96
2452500.56195 16.5423  0.0101 3.57 1015.0  206.91  284.96
2452502.57318 16.5296  0.0107 4.03 1116.0  206.91  284.96
2452508.67348 16.5410  0.0139 5.50 1379.0  206.91  284.96
2452512.61982 16.5354  0.0122 4.57 1173.0  206.91  284.96
2452517.57373 16.5160  0.0110 4.27 1031.0  206.91  284.96
2452520.58903 16.5333  0.0116 4.65 1002.0  206.91  284.96
2452528.49432 16.5360  0.0126 5.02 1115.0  206.91  284.96
2452538.50073 16.5404  0.0121 4.26 1273.0  206.91  284.96
2452542.52805 16.5510  0.0123 3.68 2264.0  206.91  284.96
2452552.50201 16.5535  0.0144 5.75 1215.0  206.91  284.96
2452556.58612 16.5544  0.0149 5.58 1447.0  206.91  284.96
2452563.50055 16.5252  0.0118 5.06 1275.0  206.91  284.96
2452575.52875 16.5571  0.0129 5.31 1339.0  206.91  284.96
2452707.86995 16.5430  0.0108 4.41  951.0  206.91  284.96
2452714.90923 16.5397  0.0099 3.35  988.0  206.91  284.96
2452729.84320 16.5286  0.0144 6.39 1082.0  206.91  284.96
2452733.92335 16.5544  0.0155 4.76 2008.0  206.91  284.96
2452744.92116 16.5180  0.0100 3.82 1109.0  206.91  284.96
2452753.89559 16.5300  0.0113 4.43 1156.0  206.91  284.96
2452757.80733 16.5264  0.0101 4.17 1170.0  206.91  284.96
2452761.82443 16.5233  0.0105 3.96 1090.0  206.91  284.96
2452767.79975 16.5427  0.0133 5.55 1168.0  206.91  284.96
2452775.72882 16.5284  0.0165 6.38 1639.0  206.91  284.96
2452783.83278 16.5413  0.0106 3.89 1057.0  206.91  284.96
2452785.75841 16.5515  0.0113 4.42 1069.0  206.91  284.96
2452787.60875 16.5306  0.0130 5.41 1196.0  206.91  284.96
2452789.76546 16.5348  0.0108 4.05 1048.0  206.91  284.96
2452791.72186 16.5397  0.0110 4.19  916.0  206.91  284.96
2452794.93652 16.5342  0.0129 4.83 1367.0  206.91  284.96
2452796.83556 16.5460  0.0099 3.35  916.0  206.91  284.96
2452797.89680 16.5172  0.0095 4.52 1019.0  206.91  284.96
2452809.72467 16.5415  0.0125 4.54 1115.0  206.91  284.96
2452811.64901 16.5415  0.0137 5.77 1075.0  206.91  284.96
2452812.72352 16.5373  0.0120 5.22 1046.0  206.91  284.96
2452813.83279 16.5390  0.0115 4.25 1124.0  206.91  284.96
2452814.75633 16.5401  0.0117 4.78 1023.0  206.91  284.96
2452816.62101 16.5336  0.0105 3.97  830.0  206.91  284.96
2452818.59229 16.5499  0.0106 4.00  926.0  206.91  284.96
2452820.79893 16.5413  0.0111 3.98 1158.0  206.91  284.96
2452826.76240 16.5460  0.0087 4.26  801.0  206.91  284.96
2452835.64653 16.5240  0.0145 5.58 1433.0  206.91  284.96
2452837.64332 16.5319  0.0144 4.83 2327.0  206.91  284.96
2452839.71578 16.5378  0.0127 5.28 1037.0  206.91  284.96
2452841.72507 16.5477  0.0109 3.82 1106.0  206.91  284.96
2452843.65161 16.5383  0.0115 5.30 1124.0  206.91  284.96
2452845.66224 16.5390  0.0124 5.18 1032.0  206.91  284.96
2452850.53023 16.5345  0.0102 3.36 1253.0  206.91  284.96
2452852.54263 16.5393  0.0144 5.87 1123.0  206.91  284.96
2452854.54637 16.5399  0.0114 4.40 1142.0  206.91  284.96
2452856.73671 16.5574  0.0156 6.50 1306.0  206.91  284.96
2452858.68936 16.5281  0.0146 4.22 2812.0  206.91  284.96
2452862.60203 16.5315  0.0138 5.09 1343.0  206.91  284.96
2452865.70560 16.5353  0.0119 4.12 1798.0  206.91  284.96
2452868.59182 16.5382  0.0100 3.59  944.0  206.91  284.96
2452876.58808 16.5512  0.0118 4.71  967.0  206.91  284.96
2452879.63836 16.5359  0.0117 4.68  941.0  206.91  284.96
2452884.66873 16.5466  0.0130 5.28 1139.0  206.91  284.96
2452892.65710 16.5401  0.0159 5.97 1702.0  206.91  284.96
2452895.63079 16.5445  0.0106 3.77 1197.0  206.91  284.96
2452900.55901 16.5501  0.0126 4.66 1146.0  206.91  284.96
2452906.51093 16.5485  0.0134 5.37 1187.0  206.91  284.96
2452911.53510 16.5301  0.0126 4.63 1134.0  206.91  284.96
2452918.55911 16.5266  0.0134 4.77 1421.0  206.91  284.96
2452930.58009 16.5320  0.0140 5.42 1499.0  206.91  284.96
2453051.88964 16.5393  0.0146 4.43 2814.0  206.91  284.96
2453064.82450 16.5467  0.0131 5.45 1310.0  206.91  284.96
2453067.89793 16.5361  0.0100 3.63 1037.0  206.91  284.96
2453070.85946 16.5317  0.0125 5.23 1243.0  206.91  284.96
2453073.81488 16.5362  0.0119 4.88 1225.0  206.91  284.96
2453075.85355 16.5329  0.0109 4.05 1240.0  206.91  284.96
2453079.89809 16.5338  0.0120 3.68 2141.0  206.91  284.96
2453082.86906 16.5449  0.0104 3.94  959.0  206.91  284.96
2453084.91151 16.5351  0.0096 3.31 1177.0  206.91  284.96
2453086.84305 16.5335  0.0091 3.34  879.0  206.91  284.96
2453088.80051 16.5278  0.0093 3.67  843.0  206.91  284.96
2453089.90977 16.5395  0.0101 3.77 1035.0  206.91  284.96
2453091.83799 16.5245  0.0104 4.55  908.0  206.91  284.96
2453096.87096 16.5233  0.0118 5.36  986.0  206.91  284.96
2453098.85999 16.5330  0.0091 3.32  922.0  206.91  284.96
2453100.80908 16.5294  0.0103 3.86 1076.0  206.91  284.96
2453101.92282 16.5328  0.0131 4.78 1603.0  206.91  284.96
2453103.78037 16.5356  0.0106 3.73 1286.0  206.91  284.96
2453104.90106 16.5352  0.0254 4.31 8011.0  206.91  284.96
2453108.77292 16.5425  0.0094 3.32 1033.0  206.91  284.96
2453109.80510 16.5266  0.0097 3.77  904.0  206.91  284.96
2453110.83951 16.5235  0.0099 3.95  986.0  206.91  284.96
2453112.79783 16.5284  0.0101 4.65  812.0  206.91  284.96
2453113.87878 16.5410  0.0098 4.14  850.0  206.91  284.96
2453114.78965 16.5452  0.0094 3.58  899.0  206.91  284.96
2453115.87313 16.5292  0.0107 4.41  954.0  206.91  284.96
2453122.91566 16.5454  0.0119 4.93 1066.0  206.91  284.96
2453125.87600 16.5533  0.0137 5.96 1066.0  206.91  284.96
2453126.90157 16.5287  0.0112 4.21 1115.0  206.91  284.96
2453127.81242 16.5387  0.0111 4.39 1159.0  206.91  284.96
2453128.82547 16.5196  0.0100 3.82 1146.0  206.91  284.96
2453130.70337 16.5335  0.0117 3.78 1564.0  206.91  284.96
2453134.82508 16.5407  0.0112 4.25 1105.0  206.91  284.96
2453135.90470 16.5395  0.0119 5.02 1072.0  206.91  284.96
2453138.70644 16.5314  0.0117 4.70 1033.0  206.91  284.96
2453139.88373 16.5424  0.0102 4.36  972.0  206.91  284.96
2453140.88350 16.5386  0.0103 4.46  907.0  206.91  284.96
2453142.77177 16.5246  0.0102 4.16  962.0  206.91  284.96
2453144.79272 16.5086  0.0104 4.52  890.0  206.91  284.96
2453146.81537 16.5262  0.0109 5.25  849.0  206.91  284.96
2453151.75537 16.5171  0.0114 5.26  900.0  206.91  284.96
2453151.90803 16.5256  0.0124 5.43 1070.0  206.91  284.96
2453152.75944 16.5374  0.0111 4.50  977.0  206.91  284.96
2453153.76335 16.5590  0.0129 5.63  976.0  206.91  284.96
2453154.82491 16.5449  0.0130 5.95 1002.0  206.91  284.96
2453156.84461 16.5377  0.0120 4.91 1200.0  206.91  284.96
2453158.91873 16.5703  0.0178 6.79 1722.0  206.91  284.96
2453162.81961 16.5439  0.0115 4.02 1269.0  206.91  284.96
2453163.63249 16.5376  0.0098 3.81  898.0  206.91  284.96
2453163.65425 16.5369  0.0094 3.87  873.0  206.91  284.96
2453164.74184 16.5340  0.0102 4.18  943.0  206.91  284.96
2453165.76199 16.5381  0.0086 3.52  871.0  206.91  284.96
2453166.90713 16.5569  0.0159 6.89 1225.0  206.91  284.96
2453167.76736 16.5588  0.0143 6.97  931.0  206.91  284.96
2453168.75519 16.5281  0.0101 4.44  926.0  206.91  284.96
2453169.73152 16.5315  0.0107 4.15  921.0  206.91  284.96
2453170.80857 16.5284  0.0091 3.58  873.0  206.91  284.96
2453171.83134 16.5277  0.0081 3.50  937.0  206.91  284.96
2453172.75829 16.5514  0.0095 3.84  816.0  206.91  284.96
2453174.71522 16.5392  0.0094 3.66  866.0  206.91  284.96
2453175.72457 16.5305  0.0098 3.93  957.0  206.91  284.96
2453177.76174 16.5312  0.0133 6.90 1011.0  206.91  284.96
2453178.78828 16.5317  0.0099 4.29  864.0  206.91  284.96
2453179.79797 16.5296  0.0105 4.39  955.0  206.91  284.96
2453180.72690 16.5309  0.0093 3.84  789.0  206.91  284.96
2453182.77789 16.5240  0.0105 4.58  856.0  206.91  284.96
2453183.74646 16.5319  0.0117 5.16  905.0  206.91  284.96
2453184.70427 16.5350  0.0095 3.73  881.0  206.91  284.96
2453185.75690 16.5414  0.0109 3.90 1055.0  206.91  284.96
2453193.54250 16.5495  0.0110 4.62  975.0  206.91  284.96
2453194.60108 16.5438  0.0113 4.29 1147.0  206.91  284.96
2453195.65305 16.5316  0.0089 3.37  835.0  206.91  284.96
2453195.80607 16.5354  0.0098 3.75  961.0  206.91  284.96
2453196.55154 16.5346  0.0119 4.95 1074.0  206.91  284.96
2453197.51903 16.5333  0.0098 3.71  967.0  206.91  284.96
2453199.62887 16.5443  0.0111 5.10  797.0  206.91  284.96
2453199.65432 16.5611  0.0103 4.71  744.0  206.91  284.96
2453199.69189 16.5283  0.0105 4.77  756.0  206.91  284.96
2453199.74855 16.5356  0.0125 6.01  898.0  206.91  284.96
2453201.46721 16.5120  0.0134 5.70 1483.0  206.91  284.96
2453201.52071 16.5435  0.0089 4.06  969.0  206.91  284.96
2453201.75110 16.5322  0.0075 3.83  706.0  206.91  284.96
2453201.81594 16.5489  0.0109 5.22  944.0  206.91  284.96
2453202.48400 16.5469  0.0110 4.91  980.0  206.91  284.96
2453202.57508 16.5408  0.0100 4.28  843.0  206.91  284.96
2453202.75877 16.5207  0.0109 4.97  890.0  206.91  284.96
2453203.47277 16.5538  0.0117 4.70 1001.0  206.91  284.96
2453203.66466 16.5436  0.0099 3.91  824.0  206.91  284.96
2453204.65896 16.5478  0.0098 4.02  763.0  206.91  284.96
2453205.47386 16.5225  0.0108 4.65  982.0  206.91  284.96
2453205.77261 16.5460  0.0093 4.42  731.0  206.91  284.96
2453206.52586 16.5293  0.0096 4.19  819.0  206.91  284.96
2453206.72343 16.5506  0.0117 5.89  822.0  206.91  284.96
2453209.55358 16.5478  0.0111 5.62  755.0  206.91  284.96
2453210.51728 16.5313  0.0106 4.64 1083.0  206.91  284.96
2453211.58924 16.5273  0.0113 5.26  844.0  206.91  284.96
2453217.65788 16.5503  0.0113 4.15 1305.0  206.91  284.96
2453218.65628 16.5334  0.0118 4.64 1381.0  206.91  284.96
2453219.61213 16.5459  0.0149 6.50 1102.0  206.91  284.96
2453223.65746 16.5374  0.0138 6.46  974.0  206.91  284.96
2453224.70295 16.5337  0.0104 3.95 1038.0  206.91  284.96
2453226.62651 16.5359  0.0130 6.51  761.0  206.91  284.96
2453228.60674 16.5261  0.0113 5.35  820.0  206.91  284.96
2453229.63921 16.5605  0.0118 5.26  858.0  206.91  284.96
2453230.67280 16.5231  0.0107 4.74  846.0  206.91  284.96
2453231.57620 16.5352  0.0105 4.50  921.0  206.91  284.96
2453232.60399 16.5404  0.0141 7.22  904.0  206.91  284.96
2453238.62516 16.5400  0.0119 5.51  926.0  206.91  284.96
2453239.70386 16.5279  0.0126 6.54  914.0  206.91  284.96
2453240.68499 16.5279  0.0137 6.56  991.0  206.91  284.96
2453241.65990 16.5447  0.0118 4.69 1175.0  206.91  284.96
2453245.55978 16.5215  0.0114 4.61 1293.0  206.91  284.96
2453246.66348 16.5472  0.0149 6.62 1196.0  206.91  284.96
2453247.62967 16.5335  0.0118 4.74 1126.0  206.91  284.96
2453249.53168 16.5340  0.0115 5.00  927.0  206.91  284.96
2453250.66435 16.5435  0.0121 4.83 1320.0  206.91  284.96
2453253.53211 16.5324  0.0111 5.61  804.0  206.91  284.96
2453256.64139 16.5767  0.0133 6.03  960.0  206.91  284.96
2453267.53745 16.5175  0.0107 4.59 1150.0  206.91  284.96
2453272.59287 16.5642  0.0121 5.06 1109.0  206.91  284.96
2453275.57584 16.5616  0.0132 5.67 1133.0  206.91  284.96
2453278.60474 16.5618  0.0114 4.65 1123.0  206.91  284.96
2453282.57874 16.5544  0.0079 3.82  543.0  206.91  284.96
2453288.55130 16.5668  0.0105 5.37  805.0  206.91  284.96
2453293.52192 16.5468  0.0089 5.36  534.0  206.91  284.96
2453295.53211 16.5319  0.0066 4.07  431.0  206.91  284.96
2453299.55638 16.6099  0.0067 4.77  406.0  206.91  284.96
2453305.55151 16.5359  0.0127 5.13 1543.0  206.91  284.96
2453306.53533 16.5174  0.0169 6.00 2284.0  206.91  284.96
2453308.52278 16.5549  0.0168 6.68 1396.0  206.91  284.96
2453309.50992 16.5171  0.0126 4.88 1379.0  206.91  284.96
2453310.52952 16.5243  0.0155 5.68 1709.0  206.91  284.96
2453311.50067 16.5566  0.0155 6.73 1355.0  206.91  284.96
2453314.49992 16.5557  0.0190 6.30 2386.0  206.91  284.96
2453409.88298 16.5478  0.0113 5.58 1030.0  206.91  284.96
2453414.87145 16.5156  0.0109 5.51  934.0  206.91  284.96
2453421.90301 16.5315  0.0099 3.62 1448.0  206.91  284.96
2453422.87736 16.5183  0.0090 5.98  704.0  206.91  284.96
2453426.86849 16.5163  0.0098 4.67 1029.0  206.91  284.96
2453429.85054 16.5442  0.0110 4.89 1234.0  206.91  284.96
2453432.89394 16.5266  0.0104 3.21 2376.0  206.91  284.96
2453442.89643 16.5214  0.0100 4.65  843.0  206.91  284.96
2453445.80917 16.5377  0.0089 4.17  771.0  206.91  284.96
2453447.85984 16.5433  0.0109 4.92  893.0  206.91  284.96
2453449.87244 16.5114  0.0085 3.72  782.0  206.91  284.96
2453452.89303 16.5119  0.0085 3.59  807.0  206.91  284.96
2453455.82728 16.5281  0.0121 5.44 1163.0  206.91  284.96
2453457.86081 16.5333  0.0091 3.60  929.0  206.91  284.96
2453459.85598 16.5189  0.0094 3.49 1131.0  206.91  284.96
2453467.88584 16.5423  0.0092 4.23  743.0  206.91  284.96
2453469.79180 16.5373  0.0088 3.82  801.0  206.91  284.96
2453470.80468 16.5315  0.0084 3.73  729.0  206.91  284.96
2453472.76715 16.5397  0.0096 4.42  838.0  206.91  284.96
2453473.78692 16.5288  0.0099 4.75  795.0  206.91  284.96
2453474.78359 16.5520  0.0127 6.41  783.0  206.91  284.96
2453475.80919 16.5329  0.0092 4.19  775.0  206.91  284.96
2453477.77097 16.5551  0.0097 3.99  831.0  206.91  284.96
2453478.71692 16.5427  0.0100 4.73  820.0  206.91  284.96
2453478.75179 16.5391  0.0096 4.47  749.0  206.91  284.96
2453478.80826 16.5495  0.0093 4.02  769.0  206.91  284.96
2453478.85760 16.5462  0.0080 3.83  744.0  206.91  284.96
2453478.88800 16.5635  0.0100 4.22  852.0  206.91  284.96
2453479.73613 16.5488  0.0107 4.35 1287.0  206.91  284.96
2453479.76980 16.5214  0.0081 3.84  721.0  206.91  284.96
2453479.88615 16.5116  0.0086 3.64  797.0  206.91  284.96
2453479.93074 16.5224  0.0092 3.86 1005.0  206.91  284.96
2453480.72995 16.5194  0.0086 4.19  742.0  206.91  284.96
2453480.90065 16.5469  0.0088 4.48  761.0  206.91  284.96
2453481.74789 16.5284  0.0092 4.06  843.0  206.91  284.96
2453482.72465 16.5430  0.0096 4.15  896.0  206.91  284.96
2453496.72745 16.5427  0.0098 4.24  912.0  206.91  284.96
2453497.79900 16.5266  0.0108 4.99  926.0  206.91  284.96
2453498.92327 16.5424  0.0107 5.02  908.0  206.91  284.96
2453499.87015 16.5410  0.0098 4.67  816.0  206.91  284.96
2453500.67928 16.5173  0.0084 5.45  661.0  206.91  284.96
2453500.69150 16.5277  0.0090 4.03  810.0  206.91  284.96
2453500.73635 16.5464  0.0096 4.33  851.0  206.91  284.96
2453500.80361 16.5391  0.0097 4.16  843.0  206.91  284.96
2453500.84459 16.5347  0.0090 3.83  858.0  206.91  284.96
2453500.87357 16.5463  0.0104 4.48  929.0  206.91  284.96
2453500.89815 16.5265  0.0107 4.87  941.0  206.91  284.96
2453500.92882 16.5426  0.0091 3.93  935.0  206.91  284.96
2453501.67097 16.5256  0.0102 5.09  975.0  206.91  284.96
2453501.80112 16.5489  0.0069 3.81  755.0  206.91  284.96
2453502.72586 16.5212  0.0085 3.46  882.0  206.91  284.96
2453503.69502 16.5164  0.0087 4.58  747.0  206.91  284.96
2453504.70975 16.5672  0.0094 4.59  701.0  206.91  284.96
2453506.75359 16.5526  0.0103 5.09  771.0  206.91  284.96
2453508.76315 16.5463  0.0109 5.32  841.0  206.91  284.96
2453509.73625 16.5357  0.0090 4.02  758.0  206.91  284.96
2453510.80601 16.5275  0.0092 3.83  833.0  206.91  284.96
2453511.84514 16.5349  0.0095 3.84 1068.0  206.91  284.96
2453512.71484 16.5463  0.0111 4.86 1098.0  206.91  284.96
2453517.69576 16.5409  0.0122 5.27 1187.0  206.91  284.96
2453520.76921 16.5242  0.0099 4.13  878.0  206.91  284.96
2453521.72598 16.5318  0.0082 3.15  919.0  206.91  284.96
2453522.75394 16.5396  0.0083 3.48  743.0  206.91  284.96
2453523.75914 16.5317  0.0081 3.27  779.0  206.91  284.96
2453524.90085 16.5506  0.0112 5.51 1001.0  206.91  284.96
2453525.75731 16.5464  0.0089 3.83  719.0  206.91  284.96
2453526.76027 16.5330  0.0092 4.06  815.0  206.91  284.96
2453528.68120 16.5416  0.0089 3.91  732.0  206.91  284.96
2453529.70347 16.5444  0.0071 3.51  549.0  206.91  284.96
2453530.61859 16.5261  0.0080 3.48  773.0  206.91  284.96
2453537.74378 16.5247  0.0089 4.19  719.0  206.91  284.96
2453538.61508 16.5231  0.0090 4.24  771.0  206.91  284.96
2453539.82538 16.5287  0.0063 3.25  749.0  206.91  284.96
2453540.65843 16.5390  0.0094 4.05  910.0  206.91  284.96
2453544.73061 16.5397  0.0110 3.92 1480.0  206.91  284.96
2453546.85251 16.5763  0.0148 6.52 1118.0  206.91  284.96
2453547.81678 16.5368  0.0123 5.85  964.0  206.91  284.96
2453550.64326 16.5314  0.0085 3.73  942.0  206.91  284.96
2453551.64420 16.5264  0.0066 3.50  743.0  206.91  284.96
2453552.67916 16.5503  0.0097 4.62  762.0  206.91  284.96
2453553.72858 16.5646  0.0113 5.17  906.0  206.91  284.96
2453554.66710 16.5597  0.0113 5.19  841.0  206.91  284.96
2453555.68547 16.5693  0.0100 4.89  743.0  206.91  284.96
2453556.68154 16.5498  0.0094 4.06  760.0  206.91  284.96
2453558.53858 16.5129  0.0098 4.33  932.0  206.91  284.96
2453558.83726 16.5527  0.0114 5.50  839.0  206.91  284.96
2453559.70721 16.5449  0.0088 3.54  786.0  206.91  284.96
2453560.60858 16.5620  0.0101 4.17  791.0  206.91  284.96
2453561.55353 16.5495  0.0095 4.00  944.0  206.91  284.96
2453562.59695 16.5800  0.0125 5.74  831.0  206.91  284.96
2453563.64772 16.4942  0.0091 4.09  743.0  206.91  284.96
2453564.58268 16.5457  0.0125 6.20  811.0  206.91  284.96
2453571.72133 16.5267  0.0136 4.22 2684.0  206.91  284.96
2453571.76990 16.5249  0.0192 5.36 3428.0  206.91  284.96
2453573.66576 16.5688  0.0117 4.99 1030.0  206.91  284.96
2453574.69718 16.5376  0.0101 4.37  941.0  206.91  284.96
2453575.54466 16.5295  0.0086 3.53  817.0  206.91  284.96
2453575.78127 16.5451  0.0104 4.41  994.0  206.91  284.96
2453576.69853 16.5409  0.0104 4.66  855.0  206.91  284.96
2453577.59862 16.5463  0.0101 4.78  739.0  206.91  284.96
2453578.68327 16.5586  0.0095 4.53  714.0  206.91  284.96
2453579.62878 16.5271  0.0088 4.08  708.0  206.91  284.96
2453580.66196 16.5357  0.0096 4.25  775.0  206.91  284.96
2453581.68181 16.5318  0.0083 3.46  720.0  206.91  284.96
2453582.65369 16.5384  0.0094 4.06  703.0  206.91  284.96
2453583.64412 16.5490  0.0099 4.80  702.0  206.91  284.96
2453583.76402 16.5278  0.0116 5.77  979.0  206.91  284.96
2453584.65276 16.5245  0.0082 3.56  696.0  206.91  284.96
2453584.76743 16.5317  0.0099 4.97  770.0  206.91  284.96
2453585.64311 16.5428  0.0107 5.32  652.0  206.91  284.96
2453585.73270 16.5325  0.0092 4.67  661.0  206.91  284.96
2453586.72818 16.5444  0.0087 3.78  785.0  206.91  284.96
2453587.60040 16.5655  0.0118 5.51  785.0  206.91  284.96
2453587.66330 16.5393  0.0109 5.44  739.0  206.91  284.96
2453587.72592 16.5455  0.0132 6.97  791.0  206.91  284.96
2453588.55089 16.5488  0.0089 4.41  772.0  206.91  284.96
2453588.61080 16.5070  0.0077 4.37  695.0  206.91  284.96
2453589.48957 16.5332  0.0085 3.33  815.0  206.91  284.96
2453589.55448 16.5169  0.0081 3.44  739.0  206.91  284.96
2453589.68174 16.5322  0.0082 3.52  724.0  206.91  284.96
2453589.69107 16.5373  0.0085 3.70  741.0  206.91  284.96
2453590.46905 16.5455  0.0104 4.10 1225.0  206.91  284.96
2453590.55387 16.5202  0.0087 3.90  771.0  206.91  284.96
2453590.63339 16.5390  0.0098 4.56  749.0  206.91  284.96
2453590.69046 16.5612  0.0100 4.40  791.0  206.91  284.96
2453591.48216 16.5259  0.0090 3.61  888.0  206.91  284.96
2453591.63190 16.5445  0.0081 3.05  783.0  206.91  284.96
2453591.68927 16.5407  0.0082 3.11  776.0  206.91  284.96
2453592.48129 16.5572  0.0101 3.87 1019.0  206.91  284.96
2453592.54857 16.5458  0.0092 3.83  780.0  206.91  284.96
2453592.66234 16.5371  0.0086 3.69  680.0  206.91  284.96
2453593.47185 16.5423  0.0083 4.43  668.0  206.91  284.96
2453593.57554 16.5230  0.0088 3.69  772.0  206.91  284.96
2453593.75621 16.5319  0.0108 5.04 1080.0  206.91  284.96
2453594.49554 16.5362  0.0109 5.04  885.0  206.91  284.96
2453594.57037 16.5309  0.0081 3.25  744.0  206.91  284.96
2453594.71839 16.5287  0.0095 4.34  863.0  206.91  284.96
2453596.64570 16.5694  0.0125 5.97  866.0  206.91  284.96
2453599.63624 16.5868  0.0138 6.24 1078.0  206.91  284.96
2453601.66691 16.5517  0.0100 3.73 1135.0  206.91  284.96
2453602.62752 16.5422  0.0103 4.07 1083.0  206.91  284.96
2453603.46679 16.5351  0.0172 5.59 2645.0  206.91  284.96
2453603.64755 16.5301  0.0100 4.32  901.0  206.91  284.96
2453607.64591 16.5560  0.0097 4.35  751.0  206.91  284.96
2453608.66127 16.5315  0.0096 4.43  773.0  206.91  284.96
2453615.58902 16.5503  0.0097 4.77  714.0  206.91  284.96
2453618.59062 16.5549  0.0101 4.00  888.0  206.91  284.96
2453620.55383 16.5369  0.0093 4.06  741.0  206.91  284.96
2453622.53169 16.5392  0.0110 4.66  818.0  206.91  284.96
2453628.61253 16.5369  0.0129 5.36 1352.0  206.91  284.96
2453630.54722 16.5733  0.0121 4.49 1139.0  206.91  284.96
2453632.59889 16.5522  0.0131 5.49 1266.0  206.91  284.96
2453634.49797 16.5549  0.0111 5.20  824.0  206.91  284.96
2453639.55684 16.5460  0.0084 3.53  808.0  206.91  284.96
2453641.55525 16.5382  0.0131 6.03 1031.0  206.91  284.96
2453644.51564 16.5288  0.0094 3.88  914.0  206.91  284.96
2453648.54874 16.5588  0.0129 6.36  909.0  206.91  284.96
2453650.59588 16.5379  0.0133 6.51 1071.0  206.91  284.96
2453654.55143 16.5235  0.0132 4.10 1973.0  206.91  284.96
2453656.53269 16.5574  0.0118 4.14 1314.0  206.91  284.96
2453658.56453 16.5741  0.0157 6.06 1526.0  206.91  284.96
2453659.55107 16.5346  0.0146 6.20 1411.0  206.91  284.96
2453660.53717 16.5123  0.0128 4.61 1633.0  206.91  284.96
2453661.51846 16.5363  0.0149 5.53 1499.0  206.91  284.96
2453661.56298 16.5567  0.0181 7.27 1638.0  206.91  284.96
2453662.49871 16.5323  0.0112 4.57 1196.0  206.91  284.96
2453662.52567 16.5396  0.0135 5.79 1276.0  206.91  284.96
2453663.52253 16.6181  0.0174 6.89 1238.0  206.91  284.96
2453663.52861 16.5804  0.0164 6.78 1256.0  206.91  284.96
2453663.53669 16.5545  0.0157 6.65 1273.0  206.91  284.96
2453664.53504 16.5419  0.0103 3.64 1246.0  206.91  284.96
2453665.50793 16.5153  0.0117 4.40 1238.0  206.91  284.96
2453665.54056 16.5234  0.0122 4.69 1319.0  206.91  284.96
2453666.49476 16.5233  0.0110 3.60 1632.0  206.91  284.96
2453668.49178 16.4954  0.0143 5.28 2029.0  206.91  284.96
2453669.51705 16.5394  0.0125 5.61 1076.0  206.91  284.96
2453670.50700 16.5833  0.0156 6.49 1213.0  206.91  284.96
2453672.51508 16.5675  0.0160 6.68 1300.0  206.91  284.96
2453675.51924 16.5424  0.0124 4.76 1379.0  206.91  284.96
2453776.87794 16.5436  0.0108 5.05 1024.0  206.91  284.96
2453782.86258 16.5327  0.0097 4.33 1029.0  206.91  284.96
2453784.88789 16.5116  0.0089 3.27 1387.0  206.91  284.96
2453788.85534 16.5289  0.0109 4.09 1416.0  206.91  284.96
2453790.89772 16.5256  0.0104 3.25 1822.0  206.91  284.96
2453793.86505 16.5272  0.0083 3.03 1010.0  206.91  284.96
2453795.85244 16.5326  0.0123 5.60 1125.0  206.91  284.96
2453798.81564 16.5237  0.0091 3.92  905.0  206.91  284.96
2453799.83983 16.5322  0.0100 4.16 1136.0  206.91  284.96
2453800.83475 16.5482  0.0111 4.92  950.0  206.91  284.96
2453801.89424 16.5431  0.0102 4.12  922.0  206.91  284.96
2453802.85979 16.5545  0.0111 4.91  953.0  206.91  284.96
2453803.89509 16.5326  0.0090 3.47  951.0  206.91  284.96
2453805.81154 16.5199  0.0096 4.30  931.0  206.91  284.96
2453806.77781 16.5290  0.0105 4.43 1052.0  206.91  284.96
2453807.79692 16.5595  0.0115 5.13 1172.0  206.91  284.96
2453808.80460 16.5094  0.0095 3.91 1154.0  206.91  284.96
2453809.88971 16.5082  0.0089 3.56 1089.0  206.91  284.96
2453810.85632 16.5258  0.0092 3.58 1108.0  206.91  284.96
2453811.84791 16.5335  0.0101 4.17  957.0  206.91  284.96
2453812.84401 16.5455  0.0118 4.83 1080.0  206.91  284.96
2453813.83695 16.5308  0.0096 3.78 1047.0  206.91  284.96
2453814.83584 16.5509  0.0093 3.33 1021.0  206.91  284.96
2453817.86909 16.5390  0.0093 3.41 1159.0  206.91  284.96
2453818.89648 16.5482  0.0092 3.71  900.0  206.91  284.96
2453819.81415 16.5479  0.0086 3.56  795.0  206.91  284.96
2453820.78084 16.5201  0.0089 3.88  824.0  206.91  284.96
2453821.78397 16.5358  0.0093 4.14  816.0  206.91  284.96
2453822.82336 16.5232  0.0092 3.86  862.0  206.91  284.96
2453823.78355 16.5444  0.0101 4.76  821.0  206.91  284.96
2453824.74974 16.5188  0.0113 5.54  929.0  206.91  284.96
2453825.81460 16.5240  0.0097 4.71  868.0  206.91  284.96
2453826.74312 16.5593  0.0090 5.54  541.0  206.91  284.96
2453827.81091 16.5357  0.0093 4.26  744.0  206.91  284.96
2453828.78553 16.5277  0.0114 5.28  910.0  206.91  284.96
2453829.76772 16.5509  0.0103 4.56  826.0  206.91  284.96
2453830.74408 16.5215  0.0094 3.97  950.0  206.91  284.96
2453831.92105 16.5359  0.0090 3.61  945.0  206.91  284.96
2453832.75462 16.5468  0.0091 3.93  787.0  206.91  284.96
2453833.76778 16.5166  0.0085 3.75  769.0  206.91  284.96
2453833.82029 16.5131  0.0079 3.05  780.0  206.91  284.96
2453833.88322 16.5112  0.0088 3.35  915.0  206.91  284.96
2453834.75356 16.5293  0.0088 3.80  926.0  206.91  284.96
2453834.92441 16.5609  0.0154 5.91 1445.0  206.91  284.96
2453835.74261 16.5465  0.0110 5.09  959.0  206.91  284.96
2453836.77366 16.5167  0.0096 3.92 1026.0  206.91  284.96
2453837.74101 16.5148  0.0123 5.59 1047.0  206.91  284.96
2453837.91292 16.5312  0.0096 3.72 1098.0  206.91  284.96
2453838.75280 16.5239  0.0130 5.95 1104.0  206.91  284.96
2453838.92013 16.5319  0.0108 4.20 1214.0  206.91  284.96
2453839.74857 16.5238  0.0111 4.89 1171.0  206.91  284.96
2453840.71457 16.5150  0.0106 4.63 1284.0  206.91  284.96
2453840.91955 16.5466  0.0104 4.14 1131.0  206.91  284.96
2453841.75309 16.5211  0.0101 4.29 1159.0  206.91  284.96
2453841.90379 16.5344  0.0099 3.67 1344.0  206.91  284.96
2453842.85690 16.5140  0.0089 3.38 1126.0  206.91  284.96
2453845.72861 16.5133  0.0145 4.80 2448.0  206.91  284.96
2453845.91994 16.5502  0.0117 4.86 1000.0  206.91  284.96
2453846.73933 16.5350  0.0089 3.67  851.0  206.91  284.96
2453846.93200 16.5350  0.0115 3.75 1836.0  206.91  284.96
2453847.80540 16.5197  0.0118 5.55  948.0  206.91  284.96
2453848.76036 16.5433  0.0099 4.48  803.0  206.91  284.96
2453849.75951 16.5284  0.0094 3.97  850.0  206.91  284.96
2453850.70416 16.5364  0.0095 4.01  878.0  206.91  284.96
2453850.87719 16.5123  0.0100 4.21  934.0  206.91  284.96
2453851.71879 16.5258  0.0097 4.70  823.0  206.91  284.96
2453851.88357 16.5532  0.0112 4.94  902.0  206.91  284.96
2453851.92970 16.5417  0.0101 3.68 1207.0  206.91  284.96
2453852.70727 16.5264  0.0103 4.74  871.0  206.91  284.96
2453852.87851 16.5426  0.0099 4.25  857.0  206.91  284.96
2453853.69568 16.5182  0.0087 4.21  787.0  206.91  284.96
2453853.86397 16.5200  0.0089 3.69  804.0  206.91  284.96
2453853.93481 16.5076  0.0100 3.43 1746.0  206.91  284.96
2453856.68573 16.5426  0.0097 4.19 1013.0  206.91  284.96
2453856.85248 16.5124  0.0084 3.65  901.0  206.91  284.96
2453857.92338 16.5182  0.0100 4.42  988.0  206.91  284.96
2453858.77212 16.5222  0.0088 4.26  716.0  206.91  284.96
2453859.81028 16.5258  0.0092 4.09  786.0  206.91  284.96
2453860.67979 16.5270  0.0107 5.27  945.0  206.91  284.96
2453860.91864 16.5596  0.0123 5.62  974.0  206.91  284.96
2453861.67787 16.5353  0.0105 5.05  927.0  206.91  284.96
2453861.78150 16.5151  0.0083 3.40  797.0  206.91  284.96
2453862.71114 16.5033  0.0086 3.65  939.0  206.91  284.96
2453862.87361 16.5193  0.0095 3.84 1048.0  206.91  284.96
2453863.64860 16.5182  0.0098 4.56 1028.0  206.91  284.96
2453863.86271 16.5295  0.0086 3.65  807.0  206.91  284.96
2453864.68553 16.5371  0.0101 4.14  972.0  206.91  284.96
2453864.87561 16.5242  0.0087 3.59  816.0  206.91  284.96
2453864.93455 16.5051  0.0085 3.06 1216.0  206.91  284.96
2453865.69637 16.5282  0.0098 4.03 1013.0  206.91  284.96
2453865.83310 16.5490  0.0098 4.18  909.0  206.91  284.96
2453865.90983 16.5351  0.0093 4.07  862.0  206.91  284.96
2453866.69482 16.5290  0.0093 3.75  943.0  206.91  284.96
2453866.83432 16.5118  0.0092 3.79  885.0  206.91  284.96
2453866.91323 16.5293  0.0084 3.21  873.0  206.91  284.96
2453867.63767 16.5449  0.0106 4.41 1305.0  206.91  284.96
2453867.82523 16.5359  0.0101 3.79 1121.0  206.91  284.96
2453867.89641 16.5247  0.0095 3.53 1198.0  206.91  284.96
2453868.72078 16.5547  0.0111 3.78 1353.0  206.91  284.96
2453868.87245 16.5092  0.0108 3.87 1301.0  206.91  284.96
2453869.70059 16.5182  0.0099 3.66 1401.0  206.91  284.96
2453869.88154 16.5248  0.0113 3.87 1601.0  206.91  284.96
2453872.90486 16.5261  0.0089 3.45 1168.0  206.91  284.96
2453873.65409 16.5501  0.0095 3.83  932.0  206.91  284.96
2453873.79629 16.5270  0.0091 3.57  903.0  206.91  284.96
2453873.86828 16.5338  0.0102 4.16  941.0  206.91  284.96
2453873.93786 16.5324  0.0106 4.03 1266.0  206.91  284.96
2453874.75257 16.5455  0.0109 4.88  855.0  206.91  284.96
2453875.66624 16.5329  0.0080 3.45  734.0  206.91  284.96
2453875.82210 16.5341  0.0089 3.71  853.0  206.91  284.96
2453875.91265 16.5163  0.0088 3.63  870.0  206.91  284.96
2453876.64345 16.5076  0.0067 3.96  659.0  206.91  284.96
2453877.64160 16.5403  0.0093 4.78  735.0  206.91  284.96
2453877.79290 16.5237  0.0084 3.60  771.0  206.91  284.96
2453877.86678 16.5380  0.0094 4.03  913.0  206.91  284.96
2453880.61464 16.5439  0.0074 5.28  540.0  206.91  284.96
2453880.84246 16.5220  0.0103 4.75  898.0  206.91  284.96
2453880.92127 16.5284  0.0096 4.67 1006.0  206.91  284.96
2453881.67167 16.5051  0.0096 4.19  910.0  206.91  284.96
2453881.88312 16.5196  0.0086 3.32  969.0  206.91  284.96
2453882.58366 16.5283  0.0106 4.86 1004.0  206.91  284.96
2453882.75994 16.5424  0.0099 4.37  818.0  206.91  284.96
2453882.83419 16.5382  0.0100 4.41  921.0  206.91  284.96
2453882.90300 16.5236  0.0088 3.59  897.0  206.91  284.96
2453883.64931 16.5353  0.0102 4.49  886.0  206.91  284.96
2453883.84987 16.5296  0.0083 3.50  810.0  206.91  284.96
2453886.61143 16.5098  0.0102 4.82  939.0  206.91  284.96
2453886.80422 16.5203  0.0088 3.90  768.0  206.91  284.96
2453886.87606 16.5225  0.0103 4.72  870.0  206.91  284.96
2453887.58474 16.5271  0.0102 5.08  925.0  206.91  284.96
2453887.78738 16.5234  0.0085 3.81  785.0  206.91  284.96
2453887.88691 16.5375  0.0099 4.35  975.0  206.91  284.96
2453888.60082 16.5500  0.0100 5.41  802.0  206.91  284.96
2453889.66721 16.5121  0.0085 3.67  759.0  206.91  284.96
2453889.94543 16.5378  0.0102 4.05 1273.0  206.91  284.96
2453890.65235 16.5287  0.0090 3.66  923.0  206.91  284.96
2453891.67684 16.5173  0.0096 4.27  830.0  206.91  284.96
2453891.80508 16.5285  0.0092 3.94  869.0  206.91  284.96
2453891.88707 16.5292  0.0099 4.45  911.0  206.91  284.96
2453892.57843 16.5419  0.0134 6.20 1284.0  206.91  284.96
2453892.94721 16.5283  0.0114 4.83 1427.0  206.91  284.96
2453893.63066 16.5353  0.0100 4.38  909.0  206.91  284.96
2453893.87534 16.5164  0.0121 5.73  957.0  206.91  284.96
2453894.68104 16.5449  0.0114 5.23  812.0  206.91  284.96
2453896.62168 16.5466  0.0143 6.27 1242.0  206.91  284.96
2453900.53993 16.5447  0.0141 5.86 1555.0  206.91  284.96
2453900.72634 16.5231  0.0090 3.39 1038.0  206.91  284.96
2453900.80499 16.5445  0.0100 3.85 1150.0  206.91  284.96
2453900.87362 16.5305  0.0099 3.80 1336.0  206.91  284.96
2453901.55010 16.5481  0.0112 5.14  970.0  206.91  284.96
2453901.73144 16.5067  0.0102 4.41  890.0  206.91  284.96
2453901.80867 16.5208  0.0108 4.76  973.0  206.91  284.96
2453901.87761 16.5231  0.0118 5.08 1202.0  206.91  284.96
2453902.57431 16.5240  0.0086 4.37  827.0  206.91  284.96
2453902.75226 16.5207  0.0094 4.07  941.0  206.91  284.96
2453902.87511 16.5574  0.0142 6.23 1208.0  206.91  284.96
2453903.66391 16.5377  0.0095 4.07  919.0  206.91  284.96
2453904.56110 16.5274  0.0085 3.78  842.0  206.91  284.96
2453904.72408 16.5296  0.0093 3.59  900.0  206.91  284.96
2453904.79317 16.5329  0.0094 3.87  864.0  206.91  284.96
2453904.89531 16.5432  0.0103 4.53 1057.0  206.91  284.96
2453905.55784 16.5345  0.0092 3.94  861.0  206.91  284.96
2453905.73454 16.5174  0.0085 3.21  905.0  206.91  284.96
2453905.80455 16.5351  0.0080 3.04  857.0  206.91  284.96
2453905.87311 16.5253  0.0093 3.74 1098.0  206.91  284.96
2453906.57234 16.5338  0.0109 4.85  932.0  206.91  284.96
2453906.71297 16.5388  0.0093 4.28  821.0  206.91  284.96
2453906.78532 16.5340  0.0097 4.27  874.0  206.91  284.96
2453906.86843 16.5749  0.0126 5.60  991.0  206.91  284.96
2453907.60313 16.5443  0.0104 4.80  808.0  206.91  284.96
2453907.78535 16.5728  0.0148 6.59  959.0  206.91  284.96
2453907.86991 16.5381  0.0136 5.94 1108.0  206.91  284.96
2453908.53925 16.5324  0.0104 4.13 1132.0  206.91  284.96
2453908.72488 16.5353  0.0097 3.75  909.0  206.91  284.96
2453908.80494 16.5299  0.0095 4.02  818.0  206.91  284.96
2453908.88803 16.5065  0.0096 4.09 1017.0  206.91  284.96
2453909.54110 16.5074  0.0102 4.63  987.0  206.91  284.96
2453909.72379 16.5233  0.0085 3.65  696.0  206.91  284.96
2453909.81427 16.5240  0.0090 3.82  791.0  206.91  284.96
2453909.89056 16.5140  0.0103 4.52 1050.0  206.91  284.96
2453910.57754 16.5355  0.0094 3.99  871.0  206.91  284.96
2453912.54020 16.5357  0.0078 3.07  896.0  206.91  284.96
2453912.72756 16.5229  0.0082 3.68  703.0  206.91  284.96
2453912.82149 16.5332  0.0088 3.78  740.0  206.91  284.96
2453913.53172 16.5111  0.0081 3.27  863.0  206.91  284.96
2453913.73714 16.5499  0.0103 4.43  868.0  206.91  284.96
2453913.82606 16.5247  0.0084 3.46  831.0  206.91  284.96
2453914.55548 16.5369  0.0104 4.59  928.0  206.91  284.96
2453915.53320 16.5249  0.0099 4.34  967.0  206.91  284.96
2453915.73521 16.5482  0.0096 4.32  748.0  206.91  284.96
2453915.83342 16.5284  0.0118 6.01  823.0  206.91  284.96
2453916.57189 16.5458  0.0104 4.93  834.0  206.91  284.96
2453916.81583 16.5538  0.0098 4.34  811.0  206.91  284.96
2453917.62064 16.5334  0.0111 5.16  868.0  206.91  284.96
2453917.82640 16.5240  0.0109 5.13  951.0  206.91  284.96
2453918.61399 16.5519  0.0120 5.45  875.0  206.91  284.96
2453918.82410 16.5715  0.0134 6.20  937.0  206.91  284.96
2453919.55226 16.5320  0.0121 5.87 1032.0  206.91  284.96
2453919.76088 16.5293  0.0073 3.60  729.0  206.91  284.96
2453920.51857 16.5366  0.0112 5.05  895.0  206.91  284.96
2453920.71466 16.5488  0.0105 4.61  895.0  206.91  284.96
2453920.80007 16.5067  0.0083 3.29  846.0  206.91  284.96
2453921.51475 16.5195  0.0101 3.89 1081.0  206.91  284.96
2453921.72849 16.5665  0.0140 6.24  947.0  206.91  284.96
2453922.71843 16.5437  0.0125 6.14  884.0  206.91  284.96
2453930.55167 16.5509  0.0092 4.00  926.0  206.91  284.96
2453930.79626 16.5739  0.0149 5.45 1883.0  206.91  284.96
2453931.50732 16.5599  0.0120 5.15 1014.0  206.91  284.96
2453932.53491 16.5425  0.0103 4.19 1014.0  206.91  284.96
2453932.80662 16.5244  0.0097 4.18 1072.0  206.91  284.96
2453933.52129 16.5296  0.0089 3.89  978.0  206.91  284.96
2453933.70579 16.5275  0.0088 3.92  832.0  206.91  284.96
2453933.77776 16.5167  0.0091 3.88  912.0  206.91  284.96
2453934.49520 16.5581  0.0099 4.20  986.0  206.91  284.96
2453934.66524 16.5392  0.0092 4.18  760.0  206.91  284.96
2453934.73508 16.5372  0.0091 3.73  842.0  206.91  284.96
2453935.54509 16.5530  0.0106 4.54  887.0  206.91  284.96
2453935.71644 16.5611  0.0124 6.13  806.0  206.91  284.96
2453935.81397 16.5289  0.0108 4.99 1034.0  206.91  284.96
2453936.49849 16.5614  0.0117 5.11  969.0  206.91  284.96
2453936.66399 16.5431  0.0097 3.82  845.0  206.91  284.96
2453936.74035 16.5448  0.0113 4.47 1025.0  206.91  284.96
2453937.56274 16.5413  0.0131 6.47  852.0  206.91  284.96
2453938.50622 16.5656  0.0121 5.44  975.0  206.91  284.96
2453938.70127 16.5445  0.0099 5.55  727.0  206.91  284.96
2453938.80641 16.5132  0.0125 6.52  851.0  206.91  284.96
2453940.59091 16.5503  0.0096 4.42  832.0  206.91  284.96
2453941.70756 16.5583  0.0118 6.13  748.0  206.91  284.96
2453944.55881 16.5081  0.0089 4.10  859.0  206.91  284.96
2453944.75917 16.5255  0.0104 5.86  791.0  206.91  284.96
2453945.78710 16.5179  0.0114 5.71  934.0  206.91  284.96
2453946.51796 16.5337  0.0107 4.90  910.0  206.91  284.96
2453946.71017 16.5231  0.0113 5.91  746.0  206.91  284.96
2453950.52664 16.5272  0.0089 3.91  784.0  206.91  284.96
2453950.74171 16.5291  0.0112 5.52  840.0  206.91  284.96
2453951.51937 16.5524  0.0109 4.60  939.0  206.91  284.96
2453951.75068 16.5003  0.0130 5.62 1449.0  206.91  284.96
2453956.57257 16.5855  0.0139 6.03 1103.0  206.91  284.96
2453957.51100 16.5220  0.0109 4.64 1100.0  206.91  284.96
2453958.58179 16.5192  0.0099 4.09  914.0  206.91  284.96
2453959.51457 16.5369  0.0109 4.97  884.0  206.91  284.96
2453959.68900 16.5214  0.0118 5.59  955.0  206.91  284.96
2453960.50381 16.5275  0.0090 3.87  831.0  206.91  284.96
2453960.68291 16.5198  0.0084 3.35  901.0  206.91  284.96
2453961.57514 16.5585  0.0122 5.16 1026.0  206.91  284.96
2453963.53645 16.5336  0.0094 4.05  782.0  206.91  284.96
2453963.60637 16.5240  0.0094 4.10  797.0  206.91  284.96
2453963.71382 16.5240  0.0105 5.24  805.0  206.91  284.96
2453964.53156 16.5244  0.0088 3.41  858.0  206.91  284.96
2453965.51597 16.5265  0.0091 3.66  826.0  206.91  284.96
2453965.70725 16.5107  0.0088 4.08  786.0  206.91  284.96
2453966.49116 16.5427  0.0108 4.67  976.0  206.91  284.96
2453966.69286 16.5261  0.0096 4.46  791.0  206.91  284.96
2453967.52956 16.5475  0.0113 4.66  871.0  206.91  284.96
2453967.71832 16.5209  0.0098 5.10  761.0  206.91  284.96
2453968.50366 16.5466  0.0108 4.31 1032.0  206.91  284.96
2453968.67360 16.5622  0.0116 5.47  835.0  206.91  284.96
2453969.48524 16.5384  0.0110 5.15  848.0  206.91  284.96
2453969.68594 16.5448  0.0101 4.87  789.0  206.91  284.96
2453970.51950 16.5455  0.0111 5.26  812.0  206.91  284.96
2453970.69301 16.5331  0.0092 4.15  757.0  206.91  284.96
2453971.55825 16.5759  0.0125 6.02  813.0  206.91  284.96
2453973.58445 16.5269  0.0096 4.71  714.0  206.91  284.96
2453974.51373 16.5268  0.0105 4.99  843.0  206.91  284.96
2453975.51662 16.5148  0.0093 4.28  814.0  206.91  284.96
2453975.69325 16.5222  0.0111 5.85  894.0  206.91  284.96
2453976.51116 16.5155  0.0089 3.93  810.0  206.91  284.96
2453976.68722 16.5460  0.0127 6.19  978.0  206.91  284.96
2453979.51342 16.5518  0.0176 6.18 2180.0  206.91  284.96
2453982.57406 16.5203  0.0096 3.72 1064.0  206.91  284.96
2453983.53170 16.5661  0.0138 4.94 1590.0  206.91  284.96
2453986.58852 16.5238  0.0115 5.03 1056.0  206.91  284.96
2453987.51087 16.5309  0.0109 4.90  921.0  206.91  284.96
2453988.52377 16.5161  0.0086 3.66  772.0  206.91  284.96
2453989.53438 16.5332  0.0100 4.95  868.0  206.91  284.96
2453990.55118 16.5115  0.0102 4.98  844.0  206.91  284.96
2453991.50697 16.5771  0.0125 6.18  843.0  206.91  284.96
2453993.55864 16.5407  0.0106 5.10  799.0  206.91  284.96
2453994.56934 16.5276  0.0111 5.30  888.0  206.91  284.96
2453995.57693 16.5242  0.0092 3.92  845.0  206.91  284.96
2453999.61428 16.5548  0.0101 4.53  957.0  206.91  284.96
2454002.50368 16.5467  0.0111 4.69  881.0  206.91  284.96
2454003.49789 16.5193  0.0095 4.22  892.0  206.91  284.96
2454004.53199 16.5237  0.0093 3.98  917.0  206.91  284.96
2454006.52495 16.5219  0.0099 4.05  905.0  206.91  284.96
2454012.50486 16.5499  0.0118 5.26 1001.0  206.91  284.96
2454016.52049 16.5269  0.0121 5.44 1084.0  206.91  284.96
2454018.55865 16.5182  0.0117 4.63 1036.0  206.91  284.96
2454020.54349 16.5312  0.0105 5.47  935.0  206.91  284.96
2454023.54383 16.5167  0.0129 5.27 1332.0  206.91  284.96
2454025.56321 16.4881  0.0104 4.86 1107.0  206.91  284.96
2454028.50263 16.5346  0.0124 5.95 1011.0  206.91  284.96
2454031.50274 16.5596  0.0128 5.48 1069.0  206.91  284.96
2454038.50809 16.5380  0.0137 6.30 1094.0  206.91  284.96
2454041.50711 16.5143  0.0135 5.37 1484.0  206.91  284.96
2454043.51486 16.5277  0.0153 6.13 1650.0  206.91  284.96
2454141.88253 16.5259  0.0117 4.18 1369.0  206.91  284.96
2454151.86370 16.5266  0.0119 5.06 1006.0  206.91  284.96
2454153.88564 16.5161  0.0108 4.21 1052.0  206.91  284.96
2454156.86404 16.5271  0.0131 5.62 1049.0  206.91  284.96
2454158.88364 16.5168  0.0118 4.85 1146.0  206.91  284.96
2454161.85158 16.5251  0.0128 5.30 1314.0  206.91  284.96
2454163.83446 16.5192  0.0111 3.61 1572.0  206.91  284.96
2454165.81587 16.5230  0.0148 5.44 1694.0  206.91  284.96
2454168.81305 16.5341  0.0117 3.91 1327.0  206.91  284.96
2454170.80499 16.5371  0.0171 4.06 4627.0  206.91  284.96
2454175.79563 16.5235  0.0118 5.01 1050.0  206.91  284.96
2454176.90697 16.5306  0.0103 3.33 1099.0  206.91  284.96
2454178.81071 16.5286  0.0109 4.24  938.0  206.91  284.96
2454179.85501 16.5217  0.0100 3.26 1017.0  206.91  284.96
2454181.79144 16.5318  0.0120 5.32  967.0  206.91  284.96
2454182.83638 16.5200  0.0099 3.55  913.0  206.91  284.96
2454183.87253 16.5264  0.0111 4.56  985.0  206.91  284.96
2454184.91317 16.5315  0.0095 3.73 1012.0  206.91  284.96
2454189.85583 16.5237  0.0113 4.65  934.0  206.91  284.96
2454191.81764 16.5347  0.0148 6.28 1188.0  206.91  284.96
2454193.74780 16.5338  0.0155 6.20 1502.0  206.91  284.96
2454194.79339 16.5274  0.0116 4.58 1124.0  206.91  284.96
2454196.78345 16.5159  0.0123 5.09 1247.0  206.91  284.96
2454202.76499 16.5063  0.0099 3.75 1065.0  206.91  284.96
2454203.75300 16.5099  0.0097 3.62  912.0  206.91  284.96
2454204.74526 16.5250  0.0112 4.36 1045.0  206.91  284.96
2454204.92756 16.5156  0.0115 3.86 1502.0  206.91  284.96
2454205.74180 16.5145  0.0103 4.13  860.0  206.91  284.96
2454207.73126 16.5101  0.0107 4.13 1033.0  206.91  284.96
2454208.75336 16.5260  0.0101 3.75  924.0  206.91  284.96
2454211.79753 16.5547  0.0127 5.44  945.0  206.91  284.96
2454212.87469 16.5437  0.0133 5.64  923.0  206.91  284.96
2454213.71789 16.5090  0.0112 4.82  951.0  206.91  284.96
2454213.92147 16.5110  0.0097 3.40 1060.0  206.91  284.96
2454215.75057 16.5223  0.0120 5.09  988.0  206.91  284.96
2454216.70836 16.5272  0.0117 4.85 1041.0  206.91  284.96
2454217.71581 16.4927  0.0095 3.53 1011.0  206.91  284.96
2454217.92528 16.5250  0.0099 3.34 1120.0  206.91  284.96
2454218.76543 16.5692  0.0144 6.14 1029.0  206.91  284.96
2454219.76636 16.5551  0.0145 6.41 1016.0  206.91  284.96
2454220.71108 16.5298  0.0117 4.79 1061.0  206.91  284.96
2454222.67982 16.5438  0.0136 5.30 1424.0  206.91  284.96
2454222.92458 16.5232  0.0111 3.80 1390.0  206.91  284.96
2454224.79053 16.5271  0.0108 3.45 1418.0  206.91  284.96
2454224.80204 16.5126  0.0106 3.42 1421.0  206.91  284.96
2454224.82484 16.5391  0.0133 4.67 1454.0  206.91  284.96
2454224.84518 16.5245  0.0135 3.71 2605.0  206.91  284.96
2454224.86690 16.5252  0.0137 4.94 1579.0  206.91  284.96
2454224.87624 16.5276  0.0124 4.24 1601.0  206.91  284.96
2454224.87907 16.5204  0.0123 4.28 1576.0  206.91  284.96
2454224.88199 16.5253  0.0122 4.08 1611.0  206.91  284.96
2454224.89350 16.5198  0.0115 3.87 1561.0  206.91  284.96
2454224.90463 16.5090  0.0135 4.90 1665.0  206.91  284.96
2454224.91573 16.5234  0.0132 4.55 1714.0  206.91  284.96
2454224.92582 16.5215  0.0127 4.30 1714.0  206.91  284.96
2454224.92877 16.5302  0.0132 4.39 1711.0  206.91  284.96
2454224.93165 16.5139  0.0140 4.88 1855.0  206.91  284.96
2454224.93464 16.5296  0.0147 5.09 1901.0  206.91  284.96
2454224.93731 16.5190  0.0154 4.91 2338.0  206.91  284.96
2454227.84608 16.5311  0.0106 4.08 1181.0  206.91  284.96
2454227.85365 16.5183  0.0117 4.15 1409.0  206.91  284.96
2454227.85748 16.5210  0.0124 4.23 1491.0  206.91  284.96
2454227.87452 16.5032  0.0116 4.43 1326.0  206.91  284.96
2454227.88697 16.5121  0.0128 4.46 1610.0  206.91  284.96
2454227.91069 16.5269  0.0117 4.29 1382.0  206.91  284.96
2454227.92031 16.5248  0.0125 4.50 1433.0  206.91  284.96
2454227.92898 16.5445  0.0138 4.83 1673.0  206.91  284.96
2454228.62646 16.5191  0.0164 6.60 1574.0  206.91  284.96
2454228.63472 16.5180  0.0147 5.88 1502.0  206.91  284.96
2454228.68594 16.5128  0.0118 4.49 1196.0  206.91  284.96
2454228.71727 16.5113  0.0105 3.59 1150.0  206.91  284.96
2454228.75741 16.5266  0.0117 4.27 1289.0  206.91  284.96
2454228.79369 16.5197  0.0111 4.12 1177.0  206.91  284.96
2454228.83544 16.5074  0.0133 4.56 1822.0  206.91  284.96
2454228.88015 16.5290  0.0136 5.60 1263.0  206.91  284.96
2454228.90557 16.5282  0.0144 5.92 1355.0  206.91  284.96
2454228.91952 16.5247  0.0149 6.07 1347.0  206.91  284.96
2454228.93093 16.5208  0.0136 5.42 1421.0  206.91  284.96
2454228.93383 16.5237  0.0134 5.19 1522.0  206.91  284.96
2454229.63499 16.5513  0.0138 6.01 1100.0  206.91  284.96
2454229.67962 16.5412  0.0129 5.39 1106.0  206.91  284.96
2454229.74178 16.5286  0.0113 4.44 1039.0  206.91  284.96
2454229.80924 16.5249  0.0108 3.89 1142.0  206.91  284.96
2454229.87657 16.5326  0.0118 4.66 1164.0  206.91  284.96
2454229.92715 16.5280  0.0110 4.12 1156.0  206.91  284.96
2454230.63240 16.5657  0.0146 6.27 1093.0  206.91  284.96
2454230.68932 16.5136  0.0107 3.90  926.0  206.91  284.96
2454230.76230 16.5083  0.0091 3.09  941.0  206.91  284.96
2454230.87737 16.5314  0.0127 5.10 1147.0  206.91  284.96
2454230.92849 16.5657  0.0150 5.80 1288.0  206.91  284.96
2454231.61575 16.5523  0.0116 4.96 1130.0  206.91  284.96
2454231.63166 16.5129  0.0096 4.37 1032.0  206.91  284.96
2454231.77588 16.5379  0.0102 4.02 1111.0  206.91  284.96
2454231.90008 16.5427  0.0133 5.29 1195.0  206.91  284.96
2454232.61690 16.5506  0.0135 5.81 1310.0  206.91  284.96
2454232.68374 16.5337  0.0135 6.07 1210.0  206.91  284.96
2454232.84474 16.5576  0.0155 6.36 1228.0  206.91  284.96
2454232.93389 16.5519  0.0144 5.54 1399.0  206.91  284.96
2454233.71743 16.5518  0.0142 6.22 1078.0  206.91  284.96
2454233.81901 16.5260  0.0117 5.17 1118.0  206.91  284.96
2454233.92541 16.5216  0.0136 5.85 1311.0  206.91  284.96
2454234.61098 16.5291  0.0136 5.83 1270.0  206.91  284.96
2454234.71719 16.5258  0.0113 4.53 1068.0  206.91  284.96
2454234.93152 16.5425  0.0130 4.93 1335.0  206.91  284.96
2454235.61953 16.5248  0.0127 5.52 1241.0  206.91  284.96
2454235.64519 16.5080  0.0109 4.07 1160.0  206.91  284.96
2454235.80644 16.5245  0.0101 3.58  954.0  206.91  284.96
2454235.89887 16.5300  0.0111 4.23 1042.0  206.91  284.96
2454237.61072 16.5480  0.0144 6.41 1125.0  206.91  284.96
2454238.61573 16.5557  0.0154 6.75 1231.0  206.91  284.96
2454238.63114 16.5327  0.0143 6.02 1238.0  206.91  284.96
2454238.68155 16.5246  0.0130 5.68 1076.0  206.91  284.96
2454238.81931 16.5173  0.0112 4.56 1091.0  206.91  284.96
2454238.88354 16.5314  0.0147 5.92 1318.0  206.91  284.96
2454239.63789 16.5476  0.0133 5.85  989.0  206.91  284.96
2454240.68525 16.5324  0.0122 5.13  983.0  206.91  284.96
2454240.82533 16.5194  0.0115 4.43 1029.0  206.91  284.96
2454243.65106 16.5258  0.0126 5.26 1059.0  206.91  284.96
2454243.74377 16.5150  0.0116 4.70 1011.0  206.91  284.96
2454243.83752 16.5134  0.0113 4.52 1033.0  206.91  284.96
2454244.62339 16.5294  0.0129 5.35 1139.0  206.91  284.96
2454244.71965 16.5141  0.0109 4.34 1011.0  206.91  284.96
2454244.81246 16.5215  0.0112 4.22 1076.0  206.91  284.96
2454245.61649 16.5230  0.0112 4.84  907.0  206.91  284.96
2454245.71041 16.5161  0.0106 4.22  898.0  206.91  284.96
2454245.80622 16.5342  0.0112 4.58  917.0  206.91  284.96
2454246.67478 16.5134  0.0107 4.36  988.0  206.91  284.96
2454246.76766 16.5191  0.0112 4.56 1005.0  206.91  284.96
2454246.86099 16.5221  0.0113 4.29 1166.0  206.91  284.96
2454247.69003 16.5200  0.0120 4.95 1062.0  206.91  284.96
2454250.73818 16.5225  0.0116 4.18 1263.0  206.91  284.96
2454251.80976 16.5394  0.0166 5.91 1831.0  206.91  284.96
2454256.62588 16.5458  0.0147 6.09 1210.0  206.91  284.96
2454256.77191 16.5379  0.0134 5.39 1198.0  206.91  284.96
2454257.65753 16.5439  0.0145 6.24 1116.0  206.91  284.96
2454258.64076 16.5387  0.0133 5.73 1018.0  206.91  284.96
2454258.76325 16.5237  0.0113 4.47 1043.0  206.91  284.96
2454258.85737 16.5345  0.0132 5.34 1223.0  206.91  284.96
2454267.60137 16.5065  0.0108 4.41 1045.0  206.91  284.96
2454268.56459 16.5376  0.0118 6.12  956.0  206.91  284.96
2454268.84745 16.5066  0.0118 4.60 1152.0  206.91  284.96
2454269.58377 16.5213  0.0108 4.12 1015.0  206.91  284.96
2454269.70432 16.4984  0.0107 4.56  885.0  206.91  284.96
2454269.81308 16.5070  0.0078 4.07  793.0  206.91  284.96
2454270.57732 16.5191  0.0129 5.56 1171.0  206.91  284.96
2454272.60568 16.5186  0.0099 3.42 1097.0  206.91  284.96
2454272.75483 16.5057  0.0106 4.32  977.0  206.91  284.96
2454272.81404 16.5100  0.0098 4.44 1007.0  206.91  284.96
2454272.88563 16.4954  0.0108 5.47 1171.0  206.91  284.96
2454273.62279 16.5510  0.0135 5.90 1065.0  206.91  284.96
2454273.80343 16.5002  0.0125 4.58 1368.0  206.91  284.96
2454273.86459 16.5322  0.0162 6.36 1448.0  206.91  284.96
2454274.55545 16.5325  0.0139 5.75 1312.0  206.91  284.96
2454274.70919 16.5227  0.0120 4.71 1120.0  206.91  284.96
2454274.77032 16.5264  0.0119 4.60 1142.0  206.91  284.96
2454274.82873 16.5058  0.0109 5.73 1062.0  206.91  284.96
2454275.60788 16.5249  0.0120 4.78 1126.0  206.91  284.96
2454275.78325 16.5116  0.0127 5.05 1238.0  206.91  284.96
2454275.84433 16.5112  0.0144 5.73 1448.0  206.91  284.96
2454276.59266 16.5298  0.0132 5.41 1173.0  206.91  284.96
2454277.53647 16.5656  0.0160 6.23 1408.0  206.91  284.96
2454277.71337 16.5435  0.0119 4.43 1122.0  206.91  284.96
2454277.77206 16.5637  0.0148 6.09 1160.0  206.91  284.96
2454277.83310 16.5390  0.0159 6.63 1312.0  206.91  284.96
2454278.58134 16.5507  0.0144 5.63 1306.0  206.91  284.96
2454278.75750 16.5258  0.0138 5.64 1234.0  206.91  284.96
2454283.51589 16.5212  0.0129 4.25 1627.0  206.91  284.96
2454283.73620 16.5394  0.0127 4.26 1505.0  206.91  284.96
2454284.51082 16.5192  0.0126 4.66 1303.0  206.91  284.96
2454284.70140 16.5156  0.0113 4.06 1221.0  206.91  284.96
2454284.76374 16.5259  0.0112 3.92 1288.0  206.91  284.96
2454284.82858 16.5351  0.0132 4.15 1613.0  206.91  284.96
2454285.51393 16.5589  0.0142 5.11 1380.0  206.91  284.96
2454285.70668 16.5197  0.0122 4.89 1100.0  206.91  284.96
2454285.76847 16.5414  0.0115 4.23 1083.0  206.91  284.96
2454285.83380 16.5208  0.0129 4.98 1300.0  206.91  284.96
2454286.51362 16.5097  0.0121 4.79 1301.0  206.91  284.96
2454286.81855 16.5072  0.0144 5.43 2248.0  206.91  284.96
2454289.52143 16.5183  0.0120 4.68 1179.0  206.91  284.96
2454289.73997 16.5181  0.0122 5.18 1049.0  206.91  284.96
2454289.80508 16.5217  0.0114 4.27 1151.0  206.91  284.96
2454290.56772 16.5398  0.0137 6.18  957.0  206.91  284.96
2454291.63034 16.5063  0.0102 3.66  995.0  206.91  284.96
2454292.49600 16.4909  0.0096 3.36 1101.0  206.91  284.96
2454292.67518 16.5221  0.0105 3.88 1021.0  206.91  284.96
2454292.73378 16.5169  0.0099 3.71  941.0  206.91  284.96
2454292.79229 16.5180  0.0110 4.15 1080.0  206.91  284.96
2454293.49631 16.5201  0.0115 4.40 1063.0  206.91  284.96
2454293.72094 16.5170  0.0105 4.04  906.0  206.91  284.96
2454293.77973 16.5186  0.0107 4.06  977.0  206.91  284.96
2454294.49549 16.5099  0.0109 4.30 1131.0  206.91  284.96
2454295.50260 16.4998  0.0115 5.02  982.0  206.91  284.96
2454295.70065 16.5168  0.0101 4.17  778.0  206.91  284.96
2454295.75924 16.5015  0.0102 4.31  823.0  206.91  284.96
2454296.49965 16.5350  0.0124 5.11 1056.0  206.91  284.96
2454296.69618 16.5140  0.0104 4.19  823.0  206.91  284.96
2454297.51920 16.5216  0.0121 5.12  980.0  206.91  284.96
2454297.72083 16.5218  0.0083 4.15  754.0  206.91  284.96
2454298.55408 16.5272  0.0115 4.75  899.0  206.91  284.96
2454298.65980 16.5194  0.0118 5.20  836.0  206.91  284.96
2454298.76568 16.5284  0.0131 6.00  954.0  206.91  284.96
2454299.53709 16.5065  0.0097 3.83  913.0  206.91  284.96
2454299.63056 16.5105  0.0105 4.32  839.0  206.91  284.96
2454299.72230 16.5240  0.0105 4.37  818.0  206.91  284.96
2454300.53278 16.5258  0.0112 4.40  939.0  206.91  284.96
2454300.65284 16.5256  0.0107 4.28  830.0  206.91  284.96
2454300.74837 16.5225  0.0107 4.30  913.0  206.91  284.96
2454301.52366 16.5084  0.0100 3.68 1081.0  206.91  284.96
2454301.61939 16.5207  0.0109 4.55  968.0  206.91  284.96
2454301.72092 16.5141  0.0102 3.85  895.0  206.91  284.96
2454301.81079 16.5289  0.0112 4.98  921.0  206.91  284.96
2454302.59663 16.5330  0.0106 4.71  844.0  206.91  284.96
2454302.69681 16.5223  0.0117 4.86  866.0  206.91  284.96
2454303.68264 16.5498  0.0138 6.27  870.0  206.91  284.96
2454304.55675 16.5076  0.0134 5.41 1311.0  206.91  284.96
2454304.67489 16.5411  0.0146 6.07 1272.0  206.91  284.96
2454306.64074 16.5213  0.0131 5.56 1125.0  206.91  284.96
2454306.69645 16.5182  0.0125 5.48 1094.0  206.91  284.96
2454310.61994 16.5461  0.0140 4.72 1630.0  206.91  284.96
2454312.55219 16.5386  0.0124 4.35 1486.0  206.91  284.96
2454312.75064 16.5225  0.0123 4.98 1142.0  206.91  284.96
2454315.64319 16.5362  0.0140 6.23 1107.0  206.91  284.96
2454316.71636 16.5056  0.0123 5.36 1038.0  206.91  284.96
2454317.56446 16.5117  0.0103 3.98  902.0  206.91  284.96
2454319.52171 16.5191  0.0123 5.14 1043.0  206.91  284.96
2454319.77654 16.5142  0.0127 5.88 1024.0  206.91  284.96
2454320.54851 16.5096  0.0110 4.39  918.0  206.91  284.96
2454326.51577 16.5119  0.0103 3.99  963.0  206.91  284.96
2454326.71293 16.5197  0.0126 5.76  887.0  206.91  284.96
2454327.59458 16.5242  0.0134 6.00  933.0  206.91  284.96
2454328.52138 16.5305  0.0125 4.82 1105.0  206.91  284.96
2454328.69941 16.5307  0.0124 5.03 1081.0  206.91  284.96
2454329.53094 16.5392  0.0128 5.67  987.0  206.91  284.96
2454329.67883 16.5428  0.0127 5.11  961.0  206.91  284.96
2454330.50224 16.5211  0.0113 4.69  991.0  206.91  284.96
2454330.69553 16.5130  0.0116 4.94  980.0  206.91  284.96
2454331.48238 16.5291  0.0128 5.11 1120.0  206.91  284.96
2454331.69125 16.5341  0.0136 6.33  912.0  206.91  284.96
2454332.51216 16.5168  0.0100 3.73  992.0  206.91  284.96
2454333.53326 16.5342  0.0126 4.90 1125.0  206.91  284.96
2454333.69438 16.5226  0.0136 6.11 1029.0  206.91  284.96
2454334.50664 16.5473  0.0205 5.64 3364.0  206.91  284.96
2454334.63487 16.5138  0.0205 4.75 4991.0  206.91  284.96
2454338.50649 16.5071  0.0127 4.41 1563.0  206.91  284.96
2454339.48382 16.5144  0.0123 4.38 1498.0  206.91  284.96
2454339.70026 16.5133  0.0124 4.98 1496.0  206.91  284.96
2454340.60410 16.5138  0.0115 3.96 1290.0  206.91  284.96
2454341.50712 16.5507  0.0147 5.90 1266.0  206.91  284.96
2454342.53631 16.5164  0.0115 4.41 1064.0  206.91  284.96
2454343.51515 16.5019  0.0097 3.47 1059.0  206.91  284.96
2454344.54338 16.5408  0.0144 5.81 1162.0  206.91  284.96
2454345.50857 16.5162  0.0099 3.42 1061.0  206.91  284.96
2454346.52128 16.5194  0.0115 4.56 1123.0  206.91  284.96
2454347.53599 16.5245  0.0115 4.58  976.0  206.91  284.96
2454349.49762 16.5185  0.0115 4.66  986.0  206.91  284.96
2454350.54427 16.5088  0.0106 3.95 1002.0  206.91  284.96
2454351.51016 16.5131  0.0109 4.21  984.0  206.91  284.96
2454352.56068 16.5176  0.0140 6.39 1054.0  206.91  284.96
2454353.51404 16.5130  0.0107 3.94 1105.0  206.91  284.96
2454354.54276 16.4999  0.0104 4.09 1013.0  206.91  284.96
2454355.54571 16.5023  0.0107 4.59 1058.0  206.91  284.96
2454356.51076 16.5035  0.0114 4.68 1009.0  206.91  284.96
2454357.53985 16.5335  0.0147 6.54 1106.0  206.91  284.96
2454358.50289 16.5517  0.0137 5.80 1107.0  206.91  284.96
2454359.54041 16.5150  0.0117 5.12 1016.0  206.91  284.96
2454360.56978 16.5282  0.0132 5.64 1031.0  206.91  284.96
2454361.57320 16.5304  0.0146 6.00 1241.0  206.91  284.96
2454362.51496 16.5073  0.0131 4.79 1697.0  206.91  284.96
2454365.56579 16.5267  0.0148 5.78 1385.0  206.91  284.96
2454367.49905 16.5193  0.0120 4.55 1339.0  206.91  284.96
2454368.53545 16.5163  0.0135 5.35 1303.0  206.91  284.96
2454370.49951 16.5251  0.0120 4.43 1257.0  206.91  284.96
2454371.53794 16.5164  0.0109 4.02 1222.0  206.91  284.96
2454372.52367 16.5134  0.0102 3.93 1001.0  206.91  284.96
2454373.50986 16.5216  0.0130 5.08 1161.0  206.91  284.96
2454376.57457 16.5302  0.0151 6.52 1170.0  206.91  284.96
2454377.61179 16.5095  0.0140 6.43 1184.0  206.91  284.96
2454378.52237 16.5167  0.0120 4.90 1010.0  206.91  284.96
2454379.53740 16.5256  0.0140 5.83 1106.0  206.91  284.96
2454380.54890 16.5151  0.0114 4.38 1089.0  206.91  284.96
2454381.52760 16.5142  0.0142 5.66 1304.0  206.91  284.96
2454382.57014 16.5500  0.0153 6.43 1239.0  206.91  284.96
2454383.56068 16.5219  0.0124 4.99 1313.0  206.91  284.96
2454384.53486 16.5322  0.0137 5.68 1102.0  206.91  284.96
2454388.49799 16.5356  0.0148 6.14 1225.0  206.91  284.96
2454393.53468 16.5115  0.0119 4.65 1337.0  206.91  284.96
2454394.55002 16.5316  0.0128 4.55 1401.0  206.91  284.96
2454395.52146 16.5185  0.0137 4.86 1422.0  206.91  284.96
2454396.51345 16.5211  0.0151 5.39 1635.0  206.91  284.96
2454397.53775 16.5023  0.0126 4.83 1645.0  206.91  284.96
2454398.54267 16.5332  0.0134 4.80 1625.0  206.91  284.96
2454399.53538 16.5245  0.0150 5.40 1580.0  206.91  284.96
2454400.53744 16.5279  0.0162 6.11 1837.0  206.91  284.96
2454402.55386 16.5150  0.0154 6.10 1337.0  206.91  284.96
2454403.55293 16.5115  0.0143 5.31 1386.0  206.91  284.96
2454408.54369 16.5354  0.0151 5.86 1452.0  206.91  284.96
2454507.86818 16.4977  0.0128 5.92 1130.0  206.91  284.96
2454510.86450 16.4830  0.0111 5.04 1107.0  206.91  284.96
2454513.86562 16.5047  0.0094 4.06 1029.0  206.91  284.96
2454517.86476 16.4985  0.0152 6.45 1460.0  206.91  284.96
2454519.88571 16.4790  0.0099 3.93 1067.0  206.91  284.96
2454522.87963 16.4692  0.0115 5.12 1152.0  206.91  284.96
2454524.81545 16.4742  0.0115 5.07 1333.0  206.91  284.96
2454530.82308 16.4686  0.0086 3.29 1016.0  206.91  284.96
2454533.85894 16.4660  0.0114 5.40  985.0  206.91  284.96
2454535.84171 16.4674  0.0121 5.93  992.0  206.91  284.96
2454536.89938 16.4660  0.0101 4.52  931.0  206.91  284.96
2454537.88501 16.4605  0.0088 3.63  809.0  206.91  284.96
2454538.82012 16.4630  0.0104 4.56 1029.0  206.91  284.96
2454539.85817 16.4543  0.0100 4.65  883.0  206.91  284.96
2454540.80438 16.4687  0.0096 3.76 1003.0  206.91  284.96
2454541.79709 16.4574  0.0090 3.61  901.0  206.91  284.96
2454542.79177 16.4959  0.0118 5.67  979.0  206.91  284.96
2454543.78731 16.4601  0.0099 4.42 1014.0  206.91  284.96
2454544.78420 16.4731  0.0118 5.21 1174.0  206.91  284.96
2454545.79051 16.4489  0.0102 4.15 1183.0  206.91  284.96
2454546.79763 16.4674  0.0102 3.82 1176.0  206.91  284.96
2454547.79160 16.4612  0.0097 3.63 1235.0  206.91  284.96
2454548.80256 16.4721  0.0115 4.93 1207.0  206.91  284.96
2454550.74561 16.4719  0.0114 5.23 1208.0  206.91  284.96
2454551.76880 16.4637  0.0101 3.79 1180.0  206.91  284.96
2454552.76478 16.4537  0.0160 4.45 3732.0  206.91  284.96
2454556.76088 16.4595  0.0098 4.66  878.0  206.91  284.96
2454557.77809 16.4643  0.0105 5.14  906.0  206.91  284.96
2454558.75503 16.4563  0.0092 4.00  882.0  206.91  284.96
2454559.75295 16.4608  0.0093 4.35  812.0  206.91  284.96
2454560.75308 16.4561  0.0092 4.26  790.0  206.91  284.96
2454561.74314 16.4589  0.0099 4.68  911.0  206.91  284.96
2454564.73329 16.4445  0.0097 4.66  821.0  206.91  284.96
2454565.73137 16.4477  0.0083 3.47  849.0  206.91  284.96
2454565.92227 16.4388  0.0083 3.34 1008.0  206.91  284.96
2454566.73085 16.4408  0.0092 4.15  856.0  206.91  284.96
2454567.72389 16.4403  0.0090 3.88  919.0  206.91  284.96
2454568.73243 16.4695  0.0100 4.17  957.0  206.91  284.96
2454569.74153 16.4744  0.0110 5.61  893.0  206.91  284.96
2454570.73215 16.4546  0.0108 5.19  967.0  206.91  284.96
2454571.72682 16.4506  0.0116 5.58 1016.0  206.91  284.96
2454571.91537 16.4481  0.0092 3.96  912.0  206.91  284.96
2454572.75431 16.4434  0.0090 3.83  974.0  206.91  284.96
2454573.74269 16.4391  0.0102 4.65 1066.0  206.91  284.96
2454573.90905 16.4413  0.0087 3.76  866.0  206.91  284.96
2454574.74508 16.4518  0.0103 4.32 1107.0  206.91  284.96
2454575.75416 16.4544  0.0097 3.56 1152.0  206.91  284.96
2454576.76067 16.4358  0.0094 3.51 1268.0  206.91  284.96
2454577.84238 16.4608  0.0114 4.66 1163.0  206.91  284.96
2454578.79340 16.4649  0.0128 5.76 1197.0  206.91  284.96
2454579.87033 16.4338  0.0128 4.24 2409.0  206.91  284.96
2454583.73713 16.4390  0.0101 4.29 1066.0  206.91  284.96
2454583.92992 16.4462  0.0103 4.25 1241.0  206.91  284.96
2454585.76085 16.4537  0.0126 6.18  963.0  206.91  284.96
2454586.78604 16.4745  0.0130 6.28  980.0  206.91  284.96
2454587.77378 16.4316  0.0111 5.39  963.0  206.91  284.96
2454587.93231 16.4386  0.0124 5.56 1292.0  206.91  284.96
2454588.69625 16.4521  0.0108 5.32 1002.0  206.91  284.96
2454588.92710 16.4377  0.0098 4.31 1073.0  206.91  284.96
2454589.67916 16.4370  0.0103 4.51  978.0  206.91  284.96
2454589.83455 16.4684  0.0106 4.65  932.0  206.91  284.96
2454589.89658 16.4590  0.0109 4.61  986.0  206.91  284.96
2454590.70193 16.4195  0.0096 4.11 1025.0  206.91  284.96
2454590.90659 16.4366  0.0098 4.00 1118.0  206.91  284.96
2454591.71043 16.4355  0.0096 3.82 1113.0  206.91  284.96
2454591.83587 16.4198  0.0097 4.29 1037.0  206.91  284.96
2454591.90243 16.4254  0.0096 3.84 1155.0  206.91  284.96
2454592.66906 16.4263  0.0106 4.58 1313.0  206.91  284.96
2454592.85831 16.4354  0.0105 4.18 1273.0  206.91  284.96
2454592.93667 16.4213  0.0115 3.81 2295.0  206.91  284.96
2454593.65819 16.4354  0.0103 4.67 1029.0  206.91  284.96
2454593.86790 16.4265  0.0092 3.70 1111.0  206.91  284.96
2454594.67921 16.4462  0.0106 4.85  969.0  206.91  284.96
2454594.87425 16.4231  0.0097 4.25 1060.0  206.91  284.96
2454595.66872 16.4540  0.0103 4.66  950.0  206.91  284.96
2454595.86316 16.4316  0.0098 4.48  927.0  206.91  284.96
2454595.92500 16.4334  0.0104 4.74  943.0  206.91  284.96
2454596.66395 16.4310  0.0107 5.21  965.0  206.91  284.96
2454597.68837 16.4270  0.0098 4.55  886.0  206.91  284.96
2454597.87989 16.4219  0.0100 4.56 1040.0  206.91  284.96
2454598.66466 16.4249  0.0082 3.43  792.0  206.91  284.96
2454598.93338 16.4315  0.0107 4.52 1231.0  206.91  284.96
2454599.63716 16.4457  0.0112 4.99 1052.0  206.91  284.96
2454599.92771 16.4396  0.0115 5.01 1106.0  206.91  284.96
2454600.64641 16.4267  0.0085 3.60  875.0  206.91  284.96
2454600.85513 16.4203  0.0089 3.57 1018.0  206.91  284.96
2454601.65198 16.4300  0.0090 3.63 1024.0  206.91  284.96
2454601.86823 16.4144  0.0086 3.46  863.0  206.91  284.96
2454601.93009 16.4295  0.0100 4.71  943.0  206.91  284.96
2454602.64461 16.4166  0.0089 3.65  954.0  206.91  284.96
2454602.85403 16.4278  0.0085 3.55  964.0  206.91  284.96
2454603.88713 16.4210  0.0097 4.49  934.0  206.91  284.96
2454606.64588 16.4055  0.0095 3.76 1477.0  206.91  284.96
2454606.90096 16.4052  0.0106 4.10 1616.0  206.91  284.96
2454610.74205 16.4050  0.0095 3.83 1164.0  206.91  284.96
2454611.63136 16.4187  0.0109 4.68 1120.0  206.91  284.96
2454611.82221 16.4113  0.0090 3.57 1115.0  206.91  284.96
2454612.65274 16.4182  0.0095 3.89 1157.0  206.91  284.96
2454612.68400 16.4053  0.0090 3.58 1319.0  206.91  284.96
2454615.79448 16.4070  0.0103 4.84  994.0  206.91  284.96
2454616.60350 16.4173  0.0108 5.03 1022.0  206.91  284.96
2454616.82002 16.4005  0.0101 4.84  907.0  206.91  284.96
2454616.88998 16.3978  0.0104 4.79 1160.0  206.91  284.96
2454617.67523 16.4193  0.0096 4.25  909.0  206.91  284.96
2454618.61526 16.4022  0.0097 5.03  923.0  206.91  284.96
2454621.91663 16.4183  0.0079 3.77 1082.0  206.91  284.96
2454622.81368 16.3949  0.0099 4.76  977.0  206.91  284.96
2454622.92925 16.4518  0.0143 6.51 1326.0  206.91  284.96
2454623.64823 16.4072  0.0115 5.96  921.0  206.91  284.96
2454623.87279 16.3992  0.0114 5.35 1215.0  206.91  284.96
2454624.59278 16.4113  0.0119 5.79 1083.0  206.91  284.96
2454624.81690 16.3933  0.0097 4.37  931.0  206.91  284.96
2454624.88327 16.3978  0.0103 5.03  989.0  206.91  284.96
2454625.60687 16.4276  0.0122 6.27  962.0  206.91  284.96
2454625.79722 16.4157  0.0096 5.36  966.0  206.91  284.96
2454625.91464 16.4157  0.0118 5.57 1109.0  206.91  284.96
2454626.60536 16.4037  0.0110 5.70  898.0  206.91  284.96
2454626.86587 16.4028  0.0104 5.24  917.0  206.91  284.96
2454627.56583 16.4029  0.0103 4.71 1042.0  206.91  284.96
2454627.85512 16.3965  0.0088 4.10  817.0  206.91  284.96
2454627.92238 16.3944  0.0098 4.97  900.0  206.91  284.96
2454628.55309 16.3893  0.0100 4.71 1080.0  206.91  284.96
2454628.75937 16.3828  0.0097 5.07  898.0  206.91  284.96
2454628.82481 16.4050  0.0102 5.04  902.0  206.91  284.96
2454628.89472 16.4113  0.0104 4.81 1034.0  206.91  284.96
2454629.63051 16.3852  0.0088 3.70  832.0  206.91  284.96
2454629.83313 16.3853  0.0094 4.09 1019.0  206.91  284.96
2454629.91115 16.3980  0.0108 5.52 1033.0  206.91  284.96
2454630.56646 16.3893  0.0101 4.54 1049.0  206.91  284.96
2454630.77227 16.3927  0.0087 3.65 1003.0  206.91  284.96
2454630.85565 16.3772  0.0099 4.78 1001.0  206.91  284.96
2454630.91842 16.3837  0.0108 5.26 1132.0  206.91  284.96
2454631.56784 16.3742  0.0082 3.25 1058.0  206.91  284.96
2454631.78357 16.3781  0.0084 3.73  922.0  206.91  284.96
2454631.87027 16.3822  0.0100 4.61 1183.0  206.91  284.96
2454632.57163 16.3898  0.0095 4.06 1154.0  206.91  284.96
2454632.85838 16.3831  0.0098 4.23 1289.0  206.91  284.96
2454633.57160 16.3766  0.0093 3.70 1211.0  206.91  284.96
2454633.60406 16.3788  0.0088 3.45 1131.0  206.91  284.96
2454633.68311 16.3656  0.0084 3.46 1031.0  206.91  284.96
2454633.79886 16.3870  0.0098 4.08 1147.0  206.91  284.96
2454633.81655 16.3647  0.0092 3.84 1149.0  206.91  284.96
2454633.82604 16.3843  0.0095 3.91 1190.0  206.91  284.96
2454633.88732 16.3824  0.0115 4.93 1488.0  206.91  284.96
2454638.70762 16.3596  0.0103 4.99 1087.0  206.91  284.96
2454638.75667 16.3885  0.0103 4.86 1093.0  206.91  284.96
2454638.86687 16.3979  0.0122 5.10 1623.0  206.91  284.96
2454639.53524 16.3623  0.0098 4.23 1353.0  206.91  284.96
2454639.57919 16.3822  0.0104 4.62 1249.0  206.91  284.96
2454639.67699 16.3796  0.0087 3.33 1210.0  206.91  284.96
2454640.59870 16.3634  0.0093 4.41  955.0  206.91  284.96
2454640.73086 16.3556  0.0086 4.18  876.0  206.91  284.96
2454640.83590 16.3917  0.0121 5.96 1220.0  206.91  284.96
2454641.67270 16.3609  0.0091 4.14  965.0  206.91  284.96
2454641.78265 16.3575  0.0100 4.72 1028.0  206.91  284.96
2454642.59663 16.3550  0.0090 3.95 1031.0  206.91  284.96
2454642.75915 16.3524  0.0095 4.71  896.0  206.91  284.96
2454642.83422 16.3915  0.0104 4.81 1087.0  206.91  284.96
2454643.55439 16.3628  0.0104 5.35  962.0  206.91  284.96
2454644.60177 16.3899  0.0111 5.69  949.0  206.91  284.96
2454644.86349 16.3631  0.0096 4.55  951.0  206.91  284.96
2454645.52485 16.3640  0.0118 5.19 1404.0  206.91  284.96
2454645.77331 16.3785  0.0098 4.46  992.0  206.91  284.96
2454645.84802 16.3800  0.0116 5.56 1230.0  206.91  284.96
2454646.52286 16.3437  0.0085 3.59 1108.0  206.91  284.96
2454646.85525 16.3744  0.0102 4.74 1222.0  206.91  284.96
2454647.51925 16.3928  0.0113 4.21 1466.0  206.91  284.96
2454647.74229 16.3680  0.0106 5.05 1059.0  206.91  284.96
2454647.85331 16.3811  0.0119 5.74 1192.0  206.91  284.96
2454648.50239 16.3482  0.0100 4.46 1204.0  206.91  284.96
2454648.71887 16.3707  0.0098 4.50  926.0  206.91  284.96
2454648.81991 16.3396  0.0104 5.10 1019.0  206.91  284.96
2454649.52851 16.3651  0.0108 4.99 1138.0  206.91  284.96
2454649.80734 16.3619  0.0101 4.74 1001.0  206.91  284.96
2454649.86359 16.3489  0.0107 5.22 1174.0  206.91  284.96
2454650.51447 16.3705  0.0110 5.04 1307.0  206.91  284.96
2454650.77839 16.3346  0.0098 5.03  894.0  206.91  284.96
2454650.87211 16.3814  0.0110 5.18 1208.0  206.91  284.96
2454651.51784 16.3622  0.0130 6.33 1220.0  206.91  284.96
2454651.81296 16.3589  0.0110 5.25 1082.0  206.91  284.96
2454652.50887 16.3545  0.0099 4.32 1192.0  206.91  284.96
2454652.72200 16.3511  0.0088 3.98  915.0  206.91  284.96
2454652.79687 16.3436  0.0096 4.66  983.0  206.91  284.96
2454652.84661 16.3512  0.0123 6.21 1169.0  206.91  284.96
2454653.50521 16.3590  0.0121 5.97 1218.0  206.91  284.96
2454653.72438 16.3315  0.0093 4.40 1037.0  206.91  284.96
2454653.78961 16.3806  0.0127 6.33 1054.0  206.91  284.96
2454654.54402 16.3431  0.0095 4.85  970.0  206.91  284.96
2454654.75549 16.3481  0.0094 4.56  970.0  206.91  284.96
2454654.83706 16.3489  0.0125 6.19 1252.0  206.91  284.96
2454655.50509 16.3446  0.0109 5.06 1359.0  206.91  284.96
2454655.72955 16.3279  0.0085 4.08  839.0  206.91  284.96
2454655.79134 16.3362  0.0101 5.32  981.0  206.91  284.96
2454656.50700 16.3386  0.0084 3.34  948.0  206.91  284.96
2454656.69679 16.3451  0.0095 4.26 1082.0  206.91  284.96
2454656.81601 16.3409  0.0102 4.51 1396.0  206.91  284.96
2454657.73315 16.3548  0.0114 6.05  935.0  206.91  284.96
2454658.66550 16.3376  0.0094 4.33  999.0  206.91  284.96
2454659.60482 16.3597  0.0122 6.27 1023.0  206.91  284.96
2454660.61782 16.3260  0.0101 5.04 1069.0  206.91  284.96
2454661.49505 16.3400  0.0109 4.79 1501.0  206.91  284.96
2454661.69573 16.3219  0.0105 4.55 1422.0  206.91  284.96
2454661.75723 16.3310  0.0115 5.04 1637.0  206.91  284.96
2454661.82445 16.3428  0.0112 4.57 1769.0  206.91  284.96
2454665.66253 16.3295  0.0110 4.60 1765.0  206.91  284.96
2454666.56798 16.3369  0.0093 3.71 1349.0  206.91  284.96
2454666.71103 16.3266  0.0102 4.61 1253.0  206.91  284.96
2454666.75322 16.3208  0.0107 5.02 1314.0  206.91  284.96
2454670.65266 16.3203  0.0094 4.94  915.0  206.91  284.96
2454671.58820 16.3026  0.0083 4.31  786.0  206.91  284.96
2454672.51369 16.3204  0.0077 3.38  944.0  206.91  284.96
2454672.70613 16.3072  0.0089 4.36 1005.0  206.91  284.96
2454672.72842 16.3081  0.0094 4.78 1018.0  206.91  284.96
2454674.51678 16.3238  0.0104 5.55  950.0  206.91  284.96
2454674.70989 16.2993  0.0092 4.73  907.0  206.91  284.96
2454675.68463 16.3179  0.0091 4.40 1006.0  206.91  284.96
2454677.49339 16.3142  0.0085 3.85 1040.0  206.91  284.96
2454677.63979 16.3117  0.0093 4.81  886.0  206.91  284.96
2454678.69678 16.3233  0.0081 4.26  791.0  206.91  284.96
2454679.49902 16.3235  0.0120 6.37  972.0  206.91  284.96
2454679.63577 16.3183  0.0109 6.31  832.0  206.91  284.96
2454681.53480 16.3156  0.0094 4.96  872.0  206.91  284.96
2454681.63479 16.3119  0.0095 5.29  832.0  206.91  284.96
2454681.76702 16.3023  0.0091 4.45 1034.0  206.91  284.96
2454682.50580 16.3095  0.0088 3.99  994.0  206.91  284.96
2454682.66313 16.3097  0.0088 4.29  826.0  206.91  284.96
2454682.75832 16.3034  0.0088 4.12  970.0  206.91  284.96
2454683.52431 16.3193  0.0108 5.42 1162.0  206.91  284.96
2454683.71125 16.3146  0.0104 5.67  895.0  206.91  284.96
2454684.51682 16.3088  0.0089 3.85 1125.0  206.91  284.96
2454684.73055 16.2997  0.0087 4.21  886.0  206.91  284.96
2454685.50183 16.3391  0.0106 4.90 1092.0  206.91  284.96
2454685.73679 16.3268  0.0094 4.24 1036.0  206.91  284.96
2454686.50554 16.3097  0.0091 4.08 1036.0  206.91  284.96
2454687.48930 16.3058  0.0093 4.21 1028.0  206.91  284.96
2454687.74484 16.3164  0.0110 5.89 1104.0  206.91  284.96
2454688.50224 16.3074  0.0097 4.40 1100.0  206.91  284.96
2454688.69207 16.3104  0.0091 4.33  921.0  206.91  284.96
2454688.75386 16.3077  0.0102 4.97 1111.0  206.91  284.96
2454693.55003 16.2807  0.0105 3.98 2358.0  206.91  284.96
2454694.54507 16.3265  0.0123 6.24 1178.0  206.91  284.96
2454697.50573 16.3097  0.0092 4.67  925.0  206.91  284.96
2454698.51122 16.2963  0.0082 3.78  867.0  206.91  284.96
2454699.50738 16.3021  0.0092 4.29 1013.0  206.91  284.96
2454700.51366 16.3134  0.0087 3.95  937.0  206.91  284.96
2454701.50895 16.2998  0.0093 4.43 1023.0  206.91  284.96
2454702.50748 16.3012  0.0095 4.88  967.0  206.91  284.96
2454703.57800 16.2911  0.0087 4.34  913.0  206.91  284.96
2454704.64773 16.3064  0.0096 5.00  896.0  206.91  284.96
2454705.51109 16.2875  0.0086 4.10  971.0  206.91  284.96
2454707.64146 16.2972  0.0085 4.51  849.0  206.91  284.96
2454708.54435 16.3157  0.0104 5.98  926.0  206.91  284.96
2454709.52046 16.3266  0.0112 5.83 1008.0  206.91  284.96
2454710.55006 16.3045  0.0080 4.08  987.0  206.91  284.96
2454715.58940 16.2916  0.0103 5.77 1041.0  206.91  284.96
2454716.59182 16.3133  0.0127 5.43 2132.0  206.91  284.96
2454720.55897 16.2909  0.0094 4.19 1225.0  206.91  284.96
2454721.49143 16.3071  0.0118 5.87 1322.0  206.91  284.96
2454722.60381 16.3179  0.0101 4.68 1222.0  206.91  284.96
2454724.51288 16.3257  0.0103 4.48 1204.0  206.91  284.96
2454725.49167 16.3262  0.0108 5.08 1197.0  206.91  284.96
2454726.55259 16.3373  0.0129 6.55 1125.0  206.91  284.96
2454728.59773 16.3425  0.0114 5.53 1060.0  206.91  284.96
2454729.55322 16.3468  0.0121 6.66  973.0  206.91  284.96
2454730.57189 16.3392  0.0095 4.61  925.0  206.91  284.96
2454731.57649 16.3254  0.0106 5.43  919.0  206.91  284.96
2454733.52815 16.3485  0.0100 5.07  929.0  206.91  284.96
2454734.55751 16.3377  0.0105 5.11 1014.0  206.91  284.96
2454737.54843 16.3269  0.0099 5.35  899.0  206.91  284.96
2454740.55896 16.3267  0.0107 5.58 1020.0  206.91  284.96
2454741.56664 16.3560  0.0096 4.76 1020.0  206.91  284.96
2454743.57228 16.3583  0.0105 4.92  976.0  206.91  284.96
2454753.55244 16.3842  0.0114 5.30 1271.0  206.91  284.96
2454756.53130 16.3784  0.0123 5.92 1149.0  206.91  284.96
2454758.51414 16.4012  0.0123 5.05 1301.0  206.91  284.96
2454868.88455 16.5107  0.0118 4.05 1626.0  206.91  284.96
2454870.85555 16.5112  0.0123 5.49 1406.0  206.91  284.96
2454873.85726 16.5231  0.0113 4.41 1259.0  206.91  284.96
2454874.85174 16.5097  0.0119 5.10 1268.0  206.91  284.96
2454877.85157 16.5014  0.0099 3.91 1050.0  206.91  284.96
2454884.85909 16.5021  0.0094 3.86 1074.0  206.91  284.96
2454887.83119 16.5072  0.0093 3.89  957.0  206.91  284.96
2454890.88716 16.5092  0.0090 3.87  841.0  206.91  284.96
2454896.87540 16.5097  0.0098 4.40  893.0  206.91  284.96
2454899.84634 16.4927  0.0098 3.73 1046.0  206.91  284.96
2454900.88774 16.5128  0.0092 3.41 1012.0  206.91  284.96
2454901.88614 16.5019  0.0090 3.22 1019.0  206.91  284.96
2454902.88483 16.5031  0.0087 3.21 1002.0  206.91  284.96
2454904.80896 16.5223  0.0100 3.95 1081.0  206.91  284.96
2454905.91295 16.5534  0.0130 4.36 1824.0  206.91  284.96
2454910.81490 16.5068  0.0099 3.34 1505.0  206.91  284.96
2454911.78546 16.5131  0.0083 3.40  771.0  206.91  284.96
2454912.78241 16.4942  0.0081 3.30  801.0  206.91  284.96
2454914.79944 16.5258  0.0098 4.48  775.0  206.91  284.96
2454917.76047 16.5083  0.0091 3.63  860.0  206.91  284.96
2454920.74039 16.5171  0.0093 4.08  776.0  206.91  284.96
2454924.78141 16.5109  0.0093 3.74  905.0  206.91  284.96
2454925.82136 16.4965  0.0090 3.63  912.0  206.91  284.96
2454925.90842 16.4840  0.0080 3.36  874.0  206.91  284.96
2454925.91983 16.5062  0.0096 4.10 1137.0  206.91  284.96
2454927.72109 16.5193  0.0126 5.20 1145.0  206.91  284.96
2454927.87554 16.5358  0.0125 5.64  971.0  206.91  284.96
2454928.73755 16.5283  0.0112 4.80 1020.0  206.91  284.96
2454929.79382 16.4934  0.0092 3.80 1004.0  206.91  284.96
2454930.70831 16.5033  0.0109 4.25 1375.0  206.91  284.96
2454930.82726 16.5219  0.0111 4.62 1176.0  206.91  284.96
2454931.72315 16.5329  0.0123 4.67 1347.0  206.91  284.96
2454931.86880 16.5146  0.0103 4.25 1116.0  206.91  284.96
2454932.72618 16.5109  0.0104 4.02 1246.0  206.91  284.96
2454932.82688 16.4898  0.0083 3.13 1077.0  206.91  284.96
2454933.77452 16.5129  0.0121 5.40 1212.0  206.91  284.96
2454934.77294 16.5295  0.0142 4.69 2162.0  206.91  284.96
2454934.87774 16.4930  0.0127 5.54 1221.0  206.91  284.96
2454938.68351 16.5506  0.0113 4.11 1229.0  206.91  284.96
2454938.88815 16.5172  0.0104 4.73 1035.0  206.91  284.96
2454939.70243 16.5401  0.0116 5.45  966.0  206.91  284.96
2454940.70242 16.5242  0.0107 4.71  911.0  206.91  284.96
2454941.68119 16.5115  0.0098 4.32  980.0  206.91  284.96
2454941.77917 16.5152  0.0097 4.72  887.0  206.91  284.96
2454942.71898 16.5054  0.0094 4.13  866.0  206.91  284.96
2454943.67301 16.5182  0.0093 4.25  886.0  206.91  284.96
2454943.81250 16.5058  0.0093 4.16  855.0  206.91  284.96
2454944.66980 16.5146  0.0100 4.19  957.0  206.91  284.96
2454944.70804 16.5008  0.0095 3.67  901.0  206.91  284.96
2454944.82528 16.5239  0.0096 4.12  846.0  206.91  284.96
2454945.71828 16.5112  0.0093 3.84  893.0  206.91  284.96
2454945.77474 16.5012  0.0085 3.45  849.0  206.91  284.96
2454946.66793 16.5153  0.0100 4.35  915.0  206.91  284.96
2454947.66163 16.5185  0.0093 4.13  826.0  206.91  284.96
2454947.85986 16.4942  0.0095 4.28  969.0  206.91  284.96
2454948.84217 16.4998  0.0087 4.21  800.0  206.91  284.96
2454950.66985 16.5172  0.0097 4.38  861.0  206.91  284.96
2454951.65030 16.5080  0.0104 4.68 1032.0  206.91  284.96
2454952.64856 16.4891  0.0101 5.00  886.0  206.91  284.96
2454953.64219 16.5297  0.0104 4.50 1023.0  206.91  284.96
2454953.81674 16.5254  0.0095 3.77  957.0  206.91  284.96
2454954.64373 16.5212  0.0111 5.00  972.0  206.91  284.96
2454954.83660 16.5249  0.0096 4.64  842.0  206.91  284.96
2454955.64442 16.5567  0.0125 5.49 1108.0  206.91  284.96
2454955.77778 16.5274  0.0105 4.77  846.0  206.91  284.96
