2452125.59623 17.6799  0.0418 5.75 1855.0  370.22   49.22
2452129.67387 17.7602  0.0260 4.24  875.0  370.22   49.22
2452132.61532 17.7663  0.0284 4.81  885.0  370.22   49.22
2452136.51950 17.7464  0.0406 7.42  904.0  370.22   49.22
2452141.52976 17.7195  0.0240 3.91  954.0  370.22   49.22
2452144.62219 17.7227  0.0255 4.26  848.0  370.22   49.22
2452160.58889 17.7193  0.0307 5.03 1024.0  370.22   49.22
2452175.62608 17.6168  0.0457 5.95 2520.0  370.22   49.22
2452187.58568 17.6077  0.0351 6.53 1223.0  370.22   49.22
2452206.55545 17.6023  0.0424 7.08 1586.0  370.22   49.22
2452332.85028 17.2068  0.0364 5.76 3508.0  370.22   49.22
2452347.81508 16.6135  0.0112 3.85  903.0  370.22   49.22
2452357.84205 17.0720  0.0158 4.25  918.0  370.22   49.22
2452372.82988 17.2138  0.0175 4.30  954.0  370.22   49.22
2452383.78219 17.2724  0.0171 3.43  901.0  370.22   49.22
2452386.87368 17.2815  0.0192 4.56 1033.0  370.22   49.22
2452391.83993 17.3352  0.0244 5.03 1399.0  370.22   49.22
2452397.73054 17.3780  0.0201 3.87 1129.0  370.22   49.22
2452401.81041 17.3989  0.0209 4.25  996.0  370.22   49.22
2452403.88803 17.4410  0.0215 3.99 1076.0  370.22   49.22
2452405.87060 17.4678  0.0231 4.44 1056.0  370.22   49.22
2452415.86852 17.4936  0.0277 5.38 1151.0  370.22   49.22
2452424.79979 17.5639  0.0236 3.97 1093.0  370.22   49.22
2452428.82848 17.6215  0.0234 4.27  943.0  370.22   49.22
2452432.84263 17.6194  0.0306 5.25 1170.0  370.22   49.22
2452434.71371 17.6048  0.0256 4.69  964.0  370.22   49.22
2452436.77423 17.6267  0.0239 3.88  927.0  370.22   49.22
2452438.73695 17.6658  0.0254 4.36  855.0  370.22   49.22
2452441.71373 17.6626  0.0212 3.51  919.0  370.22   49.22
2452445.61660 17.6798  0.0256 4.08  986.0  370.22   49.22
2452448.62056 17.6503  0.0340 4.22 2195.0  370.22   49.22
2452455.66761 17.6963  0.0217 3.64 1284.0  370.22   49.22
2452459.57731 17.7078  0.0248 5.17  729.0  370.22   49.22
2452463.52981 17.7094  0.0272 4.41 1116.0  370.22   49.22
2452466.67514 17.7494  0.0316 5.91  849.0  370.22   49.22
2452468.61742 17.7428  0.0253 4.36  780.0  370.22   49.22
2452470.62030 17.7084  0.0271 4.80  870.0  370.22   49.22
2452472.65734 17.9608  0.0321 4.81 1146.0  370.22   49.22
2452481.54338 17.7437  0.0416 6.86 1200.0  370.22   49.22
2452484.60899 17.7669  0.0380 6.46  938.0  370.22   49.22
2452486.70106 17.7697  0.0369 6.42  893.0  370.22   49.22
2452488.56461 17.7718  0.0351 6.29  896.0  370.22   49.22
2452489.58989 17.7925  0.0271 4.56  827.0  370.22   49.22
2452489.77980 18.0286  0.0337 5.60  756.0  370.22   49.22
2452490.66759 17.7243  0.0333 6.04  894.0  370.22   49.22
2452493.63083 17.7007  0.0266 4.54 1023.0  370.22   49.22
2452495.70103 17.7657  0.0277 4.47 1004.0  370.22   49.22
2452498.49555 17.7394  0.0245 3.76  882.0  370.22   49.22
2452500.52979 17.7747  0.0305 4.43 1060.0  370.22   49.22
2452502.55223 17.7687  0.0264 3.97  953.0  370.22   49.22
2452508.65259 17.7575  0.0305 4.50 1217.0  370.22   49.22
2452512.59868 17.8014  0.0327 4.72 1099.0  370.22   49.22
2452517.59484 17.7551  0.0279 4.01  992.0  370.22   49.22
2452520.56773 17.7883  0.0286 4.11 1004.0  370.22   49.22
2452526.65649 17.7246  0.0291 5.65  837.0  370.22   49.22
2452538.47969 17.8020  0.0387 4.98 1573.0  370.22   49.22
2452542.51315 17.7849  0.0371 3.92 2360.0  370.22   49.22
2452547.57419 17.7946  0.0335 4.59 1316.0  370.22   49.22
2452552.48014 17.8136  0.0581 4.89 3910.0  370.22   49.22
2452556.56158 17.8079  0.0434 6.34 1236.0  370.22   49.22
2452563.56804 17.8217  0.0354 4.92 1380.0  370.22   49.22
2452574.54667 17.7635  0.0365 4.83 1776.0  370.22   49.22
2452707.84756 17.7620  0.0290 5.51  905.0  370.22   49.22
2452714.88817 17.7817  0.0262 4.20  810.0  370.22   49.22
2452721.91445 17.7895  0.0513 3.85 4791.0  370.22   49.22
2452729.81722 17.8396  0.0317 4.90  942.0  370.22   49.22
2452733.90043 17.7895  0.0334 5.09 1036.0  370.22   49.22
2452744.89536 17.8091  0.0252 4.00  962.0  370.22   49.22
2452744.90104 17.7990  0.0255 3.89  921.0  370.22   49.22
2452753.87628 17.8516  0.0301 4.06 1061.0  370.22   49.22
2452757.77260 17.7915  0.0304 4.51 1067.0  370.22   49.22
2452760.88673 17.7841  0.0307 4.55 1205.0  370.22   49.22
2452767.77723 17.8183  0.0360 5.60 1068.0  370.22   49.22
2452770.81491 17.7815  0.0340 5.14 1138.0  370.22   49.22
2452783.70930 17.8113  0.0263 4.30  889.0  370.22   49.22
2452785.80354 17.7666  0.0321 4.73 1102.0  370.22   49.22
2452786.80621 17.7860  0.0340 4.93 1219.0  370.22   49.22
2452786.83060 17.8192  0.0315 4.36 1153.0  370.22   49.22
2452787.62797 17.7969  0.0291 4.28 1106.0  370.22   49.22
2452787.73901 17.8168  0.0299 4.24 1097.0  370.22   49.22
2452787.83490 17.7928  0.0320 4.78 1059.0  370.22   49.22
2452788.60811 17.8207  0.0322 4.37 1241.0  370.22   49.22
2452788.93944 17.7708  0.0343 4.99 1374.0  370.22   49.22
2452789.57683 17.8264  0.0351 4.75 1301.0  370.22   49.22
2452789.74277 17.8236  0.0269 3.64  994.0  370.22   49.22
2452790.66791 17.7856  0.0271 4.36  875.0  370.22   49.22
2452790.91332 17.8129  0.0329 4.69 1045.0  370.22   49.22
2452791.74443 17.8203  0.0302 4.58  864.0  370.22   49.22
2452792.65489 17.7799  0.0314 5.48  869.0  370.22   49.22
2452793.62519 17.8386  0.0371 7.15  817.0  370.22   49.22
2452796.81028 17.8007  0.0268 3.87  857.0  370.22   49.22
2452797.91515 17.7906  0.0284 4.41 1040.0  370.22   49.22
2452809.70341 17.8050  0.0282 3.71 1030.0  370.22   49.22
2452810.87355 17.7992  0.0311 4.18 1339.0  370.22   49.22
2452812.70108 17.7946  0.0301 4.26  972.0  370.22   49.22
2452813.79238 17.8375  0.0321 4.50  968.0  370.22   49.22
2452814.73013 17.7813  0.0301 4.32  916.0  370.22   49.22
2452816.58498 17.7973  0.0279 4.17  852.0  370.22   49.22
2452818.57164 17.8179  0.0302 4.63  940.0  370.22   49.22
2452820.74018 17.7873  0.0310 4.52 1075.0  370.22   49.22
2452826.74147 17.8142  0.0302 4.81  845.0  370.22   49.22
2452835.62469 17.8213  0.0453 6.01 1427.0  370.22   49.22
2452837.62196 17.8430  0.0407 4.34 2143.0  370.22   49.22
2452839.66724 17.7559  0.0308 4.70 1075.0  370.22   49.22
2452841.70070 17.8103  0.0310 4.67  996.0  370.22   49.22
2452843.61509 17.8214  0.0306 4.81 1037.0  370.22   49.22
2452845.64146 17.8175  0.0317 4.82  947.0  370.22   49.22
2452850.50643 17.8434  0.0319 4.20 1286.0  370.22   49.22
2452852.52170 17.8389  0.0370 5.42 1057.0  370.22   49.22
2452854.52231 17.7642  0.0335 5.05 1218.0  370.22   49.22
2452856.71118 17.8164  0.0449 6.74 1215.0  370.22   49.22
2452858.66854 17.8210  0.0330 4.28 1391.0  370.22   49.22
2452859.58910 17.8140  0.0400 3.99 2539.0  370.22   49.22
2452863.55568 17.7977  0.0332 4.26 1522.0  370.22   49.22
2452863.59827 17.7786  0.0353 4.85 1408.0  370.22   49.22
2452865.65781 17.7860  0.0286 4.04 1025.0  370.22   49.22
2452866.65117 17.8396  0.0340 4.67 1090.0  370.22   49.22
2452867.64963 17.7735  0.0287 4.50  917.0  370.22   49.22
2452867.70159 17.8255  0.0299 4.44  923.0  370.22   49.22
2452871.64318 17.7859  0.0269 3.91  987.0  370.22   49.22
2452875.52035 17.7705  0.0321 5.64  878.0  370.22   49.22
2452876.49861 17.7963  0.0243 5.65  491.0  370.22   49.22
2452876.60620 17.7511  0.0303 5.14  876.0  370.22   49.22
2452876.65795 17.8061  0.0282 4.22  855.0  370.22   49.22
2452876.68816 17.7514  0.0266 5.15  677.0  370.22   49.22
2452878.65641 17.7866  0.0286 4.55  954.0  370.22   49.22
2452880.69372 17.8020  0.0269 5.34  656.0  370.22   49.22
2452884.63962 17.7968  0.0318 4.65 1107.0  370.22   49.22
2452884.66193 17.8587  0.0372 5.54 1090.0  370.22   49.22
2452892.67543 17.7944  0.0491 6.37 1749.0  370.22   49.22
2452895.64955 17.7959  0.0281 3.94 1176.0  370.22   49.22
2452898.65624 17.8604  0.0433 5.73 1288.0  370.22   49.22
2452904.58233 17.8067  0.0384 6.13 1032.0  370.22   49.22
2452909.58334 17.7741  0.0400 5.99 1166.0  370.22   49.22
2452918.52924 17.8362  0.0387 5.19 1272.0  370.22   49.22
2452930.55768 17.7974  0.0357 4.75 1303.0  370.22   49.22
2453051.87969 17.7065  0.0586 4.85 5601.0  370.22   49.22
2453058.87650 17.7795  0.0273 4.18  959.0  370.22   49.22
2453063.90010 17.8103  0.0360 4.90 1517.0  370.22   49.22
2453067.87506 17.8087  0.0256 3.55  862.0  370.22   49.22
2453070.83494 17.7935  0.0325 4.81 1199.0  370.22   49.22
2453073.79024 17.8200  0.0288 4.08 1157.0  370.22   49.22
2453075.82196 17.8218  0.0330 4.64 1183.0  370.22   49.22
2453079.86708 17.8059  0.0323 3.47 1826.0  370.22   49.22
2453082.82996 17.8136  0.0260 3.73  811.0  370.22   49.22
2453084.88555 17.8020  0.0245 3.80  783.0  370.22   49.22
2453086.81956 17.7922  0.0253 3.86  820.0  370.22   49.22
2453088.77725 17.7695  0.0238 3.94  753.0  370.22   49.22
2453089.88653 17.7745  0.0250 4.34  828.0  370.22   49.22
2453091.80373 17.7876  0.0244 3.83  751.0  370.22   49.22
2453096.84123 17.8110  0.0349 6.04  937.0  370.22   49.22
2453098.89697 17.7943  0.0234 3.91  750.0  370.22   49.22
2453100.84296 17.8163  0.0286 4.41  929.0  370.22   49.22
2453102.80272 17.8232  0.0295 4.13 1054.0  370.22   49.22
2453103.87316 17.8241  0.0306 4.38 1023.0  370.22   49.22
2453106.81009 17.7954  0.0335 4.42 1590.0  370.22   49.22
2453108.74876 17.8429  0.0339 5.18  970.0  370.22   49.22
2453109.78171 17.7838  0.0254 3.98  792.0  370.22   49.22
2453111.84771 17.7931  0.0296 5.17  830.0  370.22   49.22
2453112.82100 17.7896  0.0267 4.87  714.0  370.22   49.22
2453113.85491 17.8078  0.0254 4.44  746.0  370.22   49.22
2453114.76501 17.8248  0.0266 4.33  773.0  370.22   49.22
2453115.84758 17.8039  0.0253 4.17  771.0  370.22   49.22
2453118.90904 17.8360  0.0297 4.72  893.0  370.22   49.22
2453122.89253 17.7830  0.0333 5.60  929.0  370.22   49.22
2453125.84963 17.8544  0.0410 6.70  923.0  370.22   49.22
2453126.87842 17.8156  0.0308 4.59 1012.0  370.22   49.22
2453127.78402 17.7912  0.0295 4.17 1035.0  370.22   49.22
2453128.80235 17.7994  0.0273 4.48  975.0  370.22   49.22
2453129.77702 17.7752  0.0460 4.53 3356.0  370.22   49.22
2453131.66464 17.7786  0.0379 4.85 1598.0  370.22   49.22
2453135.84525 17.8015  0.0273 4.05  997.0  370.22   49.22
2453137.92079 17.8095  0.0264 3.74 1212.0  370.22   49.22
2453138.80507 17.8665  0.0271 4.46  805.0  370.22   49.22
2453139.84926 17.7873  0.0242 3.79  776.0  370.22   49.22
2453140.85664 17.7973  0.0298 4.96  816.0  370.22   49.22
2453142.74882 17.8094  0.0255 4.20  804.0  370.22   49.22
2453144.76946 17.8396  0.0287 4.86  774.0  370.22   49.22
2453146.76196 17.7616  0.0311 5.96  786.0  370.22   49.22
2453151.73170 17.8043  0.0325 5.95  781.0  370.22   49.22
2453152.73550 17.7947  0.0275 4.18  842.0  370.22   49.22
2453153.90429 17.8511  0.0322 4.73 1038.0  370.22   49.22
2453154.80041 17.7870  0.0392 6.87  902.0  370.22   49.22
2453156.79940 17.7894  0.0348 5.54 1088.0  370.22   49.22
2453158.85803 17.7783  0.0322 4.28 1357.0  370.22   49.22
2453162.79449 17.7750  0.0291 4.17 1082.0  370.22   49.22
2453163.75571 17.8031  0.0286 4.30  965.0  370.22   49.22
2453164.71412 17.7886  0.0261 3.88  962.0  370.22   49.22
2453165.78533 17.7755  0.0208 3.45  812.0  370.22   49.22
2453166.87692 17.7672  0.0395 6.51 1051.0  370.22   49.22
2453168.57295 17.8016  0.0277 5.04  808.0  370.22   49.22
2453168.91126 17.7761  0.0309 4.54 1156.0  370.22   49.22
2453169.70789 17.8249  0.0292 4.27  808.0  370.22   49.22
2453170.78553 17.8457  0.0256 4.17  773.0  370.22   49.22
2453171.88070 17.7829  0.0255 3.91  952.0  370.22   49.22
2453172.72866 17.8051  0.0204 3.88  683.0  370.22   49.22
2453174.69162 17.8473  0.0236 3.38  774.0  370.22   49.22
2453175.70094 17.8050  0.0224 3.26  824.0  370.22   49.22
2453177.70332 17.8119  0.0378 7.22  889.0  370.22   49.22
2453177.76793 17.7748  0.0334 6.96  880.0  370.22   49.22
2453178.76206 17.8123  0.0282 4.57  872.0  370.22   49.22
2453179.77507 17.7806  0.0261 4.39  787.0  370.22   49.22
2453180.68778 17.8284  0.0230 3.65  691.0  370.22   49.22
2453182.75497 17.8203  0.0272 4.44  731.0  370.22   49.22
2453183.71348 17.7458  0.0316 5.83  812.0  370.22   49.22
2453184.68096 17.7969  0.0243 3.76  750.0  370.22   49.22
2453185.84559 17.8239  0.0319 4.86 1061.0  370.22   49.22
2453193.51524 17.7388  0.0323 5.77  917.0  370.22   49.22
2453194.62419 17.6974  0.0281 4.64  995.0  370.22   49.22
2453195.68065 17.7931  0.0246 3.71  835.0  370.22   49.22
2453196.72438 17.7945  0.0275 4.36  874.0  370.22   49.22
2453197.62433 17.7774  0.0263 4.31  785.0  370.22   49.22
2453199.76909 17.8236  0.0349 6.29  809.0  370.22   49.22
2453202.51990 17.7785  0.0247 4.41  795.0  370.22   49.22
2453203.64147 17.7961  0.0225 3.45  711.0  370.22   49.22
2453204.60181 17.7961  0.0243 4.18  704.0  370.22   49.22
2453205.74355 17.7866  0.0222 4.42  580.0  370.22   49.22
2453206.65117 17.8012  0.0284 5.54  669.0  370.22   49.22
2453209.69420 17.7443  0.0317 5.99  805.0  370.22   49.22
2453210.64025 17.8487  0.0296 4.81  861.0  370.22   49.22
2453211.71380 17.7384  0.0345 7.09  706.0  370.22   49.22
2453217.63360 17.7986  0.0267 3.63 1131.0  370.22   49.22
2453218.63311 17.8143  0.0356 5.37 1225.0  370.22   49.22
2453223.63158 17.8253  0.0383 6.82  835.0  370.22   49.22
2453224.68015 17.7927  0.0251 3.81  839.0  370.22   49.22
2453226.59392 17.7669  0.0318 6.40  675.0  370.22   49.22
2453228.58641 17.8262  0.0281 5.07  707.0  370.22   49.22
2453229.60960 17.7769  0.0257 4.49  723.0  370.22   49.22
2453230.64825 17.7959  0.0259 4.86  655.0  370.22   49.22
2453231.55275 17.7006  0.0295 5.60  825.0  370.22   49.22
2453232.58026 17.7623  0.0306 6.13  775.0  370.22   49.22
2453238.59879 17.8292  0.0332 5.80  812.0  370.22   49.22
2453239.55859 17.7527  0.0268 5.02  785.0  370.22   49.22
2453240.63531 17.8052  0.0318 5.95  763.0  370.22   49.22
2453245.52867 17.8127  0.0342 5.75 1154.0  370.22   49.22
2453246.64076 17.7569  0.0366 6.40  974.0  370.22   49.22
2453247.65626 17.7957  0.0316 4.57 1042.0  370.22   49.22
2453249.50844 17.8219  0.0304 5.35  729.0  370.22   49.22
2453250.63540 17.7926  0.0332 5.38 1051.0  370.22   49.22
2453253.62869 17.8337  0.0310 5.98  700.0  370.22   49.22
2453256.61161 17.7470  0.0329 6.50  761.0  370.22   49.22
2453259.60382 17.8136  0.0344 6.20  770.0  370.22   49.22
2453267.51086 17.8110  0.0346 6.06  977.0  370.22   49.22
2453272.56975 17.8670  0.0364 5.09 1069.0  370.22   49.22
2453274.61022 17.7181  0.0341 6.20 1025.0  370.22   49.22
2453278.58198 17.7542  0.0320 5.16  984.0  370.22   49.22
2453281.56271 17.7500  0.0282 5.27  719.0  370.22   49.22
2453288.52425 17.8239  0.0304 5.64  680.0  370.22   49.22
2453293.49910 17.8047  0.0276 5.63  620.0  370.22   49.22
2453295.50358 17.7739  0.0221 4.68  553.0  370.22   49.22
2453299.51081 17.8656  0.0237 4.32  589.0  370.22   49.22
2453312.52203 17.7469  0.0386 5.79 1357.0  370.22   49.22
2453416.88313 17.7914  0.0270 4.79  805.0  370.22   49.22
2453421.87985 17.7761  0.0198 3.92  623.0  370.22   49.22
2453425.90288 17.8111  0.0422 5.85 1453.0  370.22   49.22
2453428.89536 17.8089  0.0289 4.64  911.0  370.22   49.22
2453432.86898 17.8431  0.0302 3.98 1427.0  370.22   49.22
2453442.86973 17.7997  0.0256 4.70  743.0  370.22   49.22
2453445.78588 17.7927  0.0226 3.99  694.0  370.22   49.22
2453447.83574 17.8227  0.0294 5.47  772.0  370.22   49.22
2453449.84851 17.7747  0.0256 5.04  685.0  370.22   49.22
2453452.86917 17.8090  0.0250 4.34  714.0  370.22   49.22
2453455.80245 17.7489  0.0323 5.42 1030.0  370.22   49.22
2453458.78177 17.7966  0.0260 4.35  961.0  370.22   49.22
2453468.85817 17.7651  0.0219 3.78  788.0  370.22   49.22
2453469.86513 17.8244  0.0218 3.47  688.0  370.22   49.22
2453471.89913 17.7501  0.0269 5.35  715.0  370.22   49.22
2453473.86185 17.7981  0.0300 5.61  725.0  370.22   49.22
2453474.89072 17.7725  0.0263 4.92  716.0  370.22   49.22
2453476.75674 17.7797  0.0223 4.12  688.0  370.22   49.22
2453478.77243 17.7542  0.0232 4.48  633.0  370.22   49.22
2453479.90982 17.7903  0.0224 3.81  713.0  370.22   49.22
2453481.80503 17.7983  0.0219 3.55  735.0  370.22   49.22
2453484.75623 17.7659  0.0259 3.44 1354.0  370.22   49.22
2453496.70362 17.7383  0.0245 4.40  819.0  370.22   49.22
2453497.77206 17.8337  0.0313 5.29  853.0  370.22   49.22
2453499.73086 17.8196  0.0246 4.47  680.0  370.22   49.22
2453500.71333 17.8282  0.0255 4.22  725.0  370.22   49.22
2453501.75046 17.8089  0.0261 4.83  785.0  370.22   49.22
2453502.74892 17.7942  0.0221 3.57  761.0  370.22   49.22
2453503.67569 17.8389  0.0239 4.20  700.0  370.22   49.22
2453506.86640 17.7844  0.0251 4.45  763.0  370.22   49.22
2453508.73275 17.7810  0.0279 4.88  814.0  370.22   49.22
2453509.76330 17.7747  0.0239 4.52  705.0  370.22   49.22
2453510.90994 17.8055  0.0237 3.73  815.0  370.22   49.22
2453511.81623 17.8310  0.0244 3.54  911.0  370.22   49.22
2453512.84973 17.7880  0.0308 4.54 1141.0  370.22   49.22
2453517.83861 17.7669  0.0361 5.77 1067.0  370.22   49.22
2453520.79580 17.8140  0.0271 4.42  775.0  370.22   49.22
2453522.72519 17.7976  0.0193 3.21  621.0  370.22   49.22
2453523.78287 17.8127  0.0224 3.63  738.0  370.22   49.22
2453524.68503 17.7874  0.0259 5.26  654.0  370.22   49.22
2453525.67910 17.7498  0.0231 4.52  649.0  370.22   49.22
2453526.73181 17.7928  0.0248 4.31  699.0  370.22   49.22
2453527.76570 17.7400  0.0227 4.27  688.0  370.22   49.22
2453528.70662 17.7872  0.0211 3.66  628.0  370.22   49.22
2453529.66454 17.7393  0.0136 3.96  356.0  370.22   49.22
2453530.67261 17.7774  0.0199 3.39  643.0  370.22   49.22
2453538.65083 17.7791  0.0235 4.30  702.0  370.22   49.22
2453540.63806 17.8489  0.0265 4.19  814.0  370.22   49.22
2453544.83875 17.8245  0.0366 4.74 1549.0  370.22   49.22
2453547.76933 17.7753  0.0266 4.67  740.0  370.22   49.22
2453550.61618 17.7182  0.0244 4.66  826.0  370.22   49.22
2453551.61851 17.8913  0.0182 3.68  558.0  370.22   49.22
2453552.65138 17.7819  0.0315 5.32  891.0  370.22   49.22
2453553.77491 17.8201  0.0365 6.19  908.0  370.22   49.22
2453554.73167 17.7827  0.0286 5.28  721.0  370.22   49.22
2453555.79250 17.8649  0.0424 7.21  889.0  370.22   49.22
2453556.70468 17.7712  0.0264 5.24  660.0  370.22   49.22
2453558.51542 17.7515  0.0290 5.20  913.0  370.22   49.22
2453558.81407 17.8020  0.0280 5.43  680.0  370.22   49.22
2453559.59698 17.8372  0.0255 4.65  706.0  370.22   49.22
2453560.58541 17.7790  0.0241 4.08  713.0  370.22   49.22
2453561.52946 17.8660  0.0285 4.16  945.0  370.22   49.22
2453562.57013 17.8047  0.0234 4.02  701.0  370.22   49.22
2453562.82146 17.8664  0.0289 4.46  824.0  370.22   49.22
2453563.62437 17.7940  0.0216 3.70  639.0  370.22   49.22
2453564.60603 17.7890  0.0235 4.19  677.0  370.22   49.22
2453569.54287 17.7857  0.0340 5.36 1154.0  370.22   49.22
2453573.63353 17.7933  0.0310 5.24  934.0  370.22   49.22
2453574.67425 17.8321  0.0352 5.83  834.0  370.22   49.22
2453575.52181 17.7710  0.0232 4.09  726.0  370.22   49.22
2453576.67575 17.8121  0.0274 4.75  720.0  370.22   49.22
2453577.74345 17.7745  0.0255 4.65  683.0  370.22   49.22
2453578.64868 17.8001  0.0250 4.63  593.0  370.22   49.22
2453579.60593 17.7963  0.0243 4.55  668.0  370.22   49.22
2453579.77361 17.7347  0.0288 5.92  725.0  370.22   49.22
2453580.63576 17.7775  0.0243 4.51  661.0  370.22   49.22
2453581.65917 17.7822  0.0236 4.43  653.0  370.22   49.22
2453582.60730 17.7696  0.0212 3.98  573.0  370.22   49.22
2453583.62125 17.7635  0.0243 4.72  600.0  370.22   49.22
2453584.63001 17.7432  0.0217 4.03  632.0  370.22   49.22
2453585.62031 17.8455  0.0236 4.07  565.0  370.22   49.22
2453586.66603 17.7965  0.0218 3.54  674.0  370.22   49.22
2453589.65870 17.8067  0.0198 3.48  586.0  370.22   49.22
2453590.62759 17.7588  0.0240 4.50  667.0  370.22   49.22
2453592.64411 17.8047  0.0197 3.32  582.0  370.22   49.22
2453594.69249 17.7968  0.0238 4.46  682.0  370.22   49.22
2453601.63468 17.8115  0.0244 3.65  971.0  370.22   49.22
2453602.65075 17.7458  0.0310 5.14 1019.0  370.22   49.22
2453603.62474 17.7662  0.0251 4.48  786.0  370.22   49.22
2453607.62313 17.7609  0.0244 4.74  636.0  370.22   49.22
2453608.63799 17.7962  0.0279 5.60  644.0  370.22   49.22
2453615.56572 17.7671  0.0246 4.80  640.0  370.22   49.22
2453618.54993 17.7747  0.0270 4.92  742.0  370.22   49.22
2453619.57447 17.7903  0.0320 5.70  810.0  370.22   49.22
2453621.57412 17.7762  0.0314 6.35  698.0  370.22   49.22
2453628.54798 17.7893  0.0323 4.93 1129.0  370.22   49.22
2453629.63266 17.8607  0.0393 5.83 1173.0  370.22   49.22
2453631.51757 17.7656  0.0335 5.42 1064.0  370.22   49.22
2453633.53064 17.8256  0.0350 6.32  827.0  370.22   49.22
2453637.62686 17.8541  0.0373 6.56  841.0  370.22   49.22
2453639.58205 17.7647  0.0225 4.00  739.0  370.22   49.22
2453641.53249 17.7552  0.0335 6.16  889.0  370.22   49.22
2453644.49287 17.8263  0.0298 4.88  875.0  370.22   49.22
2453648.52471 17.7828  0.0285 5.27  758.0  370.22   49.22
2453650.56218 17.8018  0.0307 5.49  817.0  370.22   49.22
2453655.51262 17.8127  0.0301 4.64 1057.0  370.22   49.22
2453657.52013 17.8384  0.0342 4.68 1102.0  370.22   49.22
2453660.51429 17.7355  0.0325 4.73 1304.0  370.22   49.22
2453662.51956 17.7987  0.0338 5.48 1035.0  370.22   49.22
2453666.54702 17.8073  0.0280 4.18 1173.0  370.22   49.22
2453776.85495 17.7140  0.0360 6.78  961.0  370.22   49.22
2453781.88111 17.8229  0.0390 6.05 1081.0  370.22   49.22
2453784.86500 17.8669  0.0282 4.02 1091.0  370.22   49.22
2453787.89876 17.7622  0.0323 3.73 1959.0  370.22   49.22
2453791.88182 17.8055  0.0274 4.48  897.0  370.22   49.22
2453794.85927 17.7973  0.0258 4.39  814.0  370.22   49.22
2453796.84804 17.8316  0.0285 4.90  813.0  370.22   49.22
2453797.85091 17.7966  0.0261 4.30  992.0  370.22   49.22
2453798.89888 17.8139  0.0272 4.32  984.0  370.22   49.22
2453801.82249 17.8147  0.0342 5.67  947.0  370.22   49.22
2453803.81148 17.7547  0.0262 4.00 1024.0  370.22   49.22
2453804.85876 17.7677  0.0285 5.33  745.0  370.22   49.22
2453805.89929 17.8166  0.0257 3.82  880.0  370.22   49.22
2453807.88760 17.8144  0.0262 4.25  879.0  370.22   49.22
2453809.80198 17.7991  0.0266 4.00 1141.0  370.22   49.22
2453811.88054 17.7678  0.0259 4.48  865.0  370.22   49.22
2453813.76084 17.7971  0.0314 5.10 1022.0  370.22   49.22
2453817.89998 17.7716  0.0287 4.05 1396.0  370.22   49.22
2453819.76145 17.8320  0.0235 3.72  747.0  370.22   49.22
2453820.86565 17.7510  0.0241 4.60  759.0  370.22   49.22
2453821.87565 17.8326  0.0261 4.32  771.0  370.22   49.22
2453822.77465 17.7453  0.0266 4.69  878.0  370.22   49.22
2453823.88394 17.7912  0.0232 4.19  742.0  370.22   49.22
2453824.88050 17.7945  0.0295 5.47  799.0  370.22   49.22
2453826.88496 17.7741  0.0266 4.80  872.0  370.22   49.22
2453828.88734 17.8176  0.0273 4.47  781.0  370.22   49.22
2453829.87407 17.8237  0.0266 4.68  763.0  370.22   49.22
2453832.87721 17.7926  0.0261 4.69  775.0  370.22   49.22
2453833.85185 17.8159  0.0238 3.85  779.0  370.22   49.22
2453834.89311 17.7847  0.0251 4.15  846.0  370.22   49.22
2453835.83651 17.8183  0.0242 3.80  775.0  370.22   49.22
2453836.84901 17.8073  0.0237 3.68  858.0  370.22   49.22
2453837.83154 17.7605  0.0305 5.01  952.0  370.22   49.22
2453838.83550 17.8170  0.0297 4.58  943.0  370.22   49.22
2453839.84758 17.7904  0.0311 4.87 1037.0  370.22   49.22
2453840.83877 17.7985  0.0257 3.63 1052.0  370.22   49.22
2453841.81751 17.8070  0.0287 4.17 1122.0  370.22   49.22
2453845.82203 17.8105  0.0303 4.99  895.0  370.22   49.22
2453846.83053 17.7689  0.0238 3.82  848.0  370.22   49.22
2453848.84603 17.8060  0.0245 3.82  795.0  370.22   49.22
2453849.85935 17.8137  0.0222 3.20  815.0  370.22   49.22
2453850.79536 17.7540  0.0253 4.05  864.0  370.22   49.22
2453851.80173 17.7914  0.0310 5.67  758.0  370.22   49.22
2453852.79017 17.8110  0.0268 4.59  798.0  370.22   49.22
2453853.78291 17.8093  0.0222 3.71  689.0  370.22   49.22
2453856.77175 17.8071  0.0270 3.91  865.0  370.22   49.22
2453858.83559 17.8335  0.0277 5.16  674.0  370.22   49.22
2453860.82636 17.7815  0.0332 5.98  866.0  370.22   49.22
2453861.84071 17.7635  0.0234 3.93  787.0  370.22   49.22
2453862.78466 17.7769  0.0237 3.74  873.0  370.22   49.22
2453863.72499 17.7897  0.0243 4.02  813.0  370.22   49.22
2453864.78555 17.7727  0.0217 3.44  763.0  370.22   49.22
2453865.74989 17.7784  0.0287 4.97  902.0  370.22   49.22
2453866.77834 17.7736  0.0233 3.74  794.0  370.22   49.22
2453867.71522 17.7691  0.0251 3.39 1163.0  370.22   49.22
2453868.78188 17.7564  0.0292 4.01 1173.0  370.22   49.22
2453869.76764 17.7919  0.0314 4.21 1350.0  370.22   49.22
2453873.76911 17.7687  0.0244 4.07  857.0  370.22   49.22
2453874.81331 17.7412  0.0278 5.06  797.0  370.22   49.22
2453875.72820 17.7859  0.0214 3.51  740.0  370.22   49.22
2453877.75776 17.7873  0.0218 3.74  695.0  370.22   49.22
2453880.75496 17.7811  0.0256 4.62  738.0  370.22   49.22
2453881.76321 17.7830  0.0219 3.41  782.0  370.22   49.22
2453882.70124 17.7600  0.0248 4.21  761.0  370.22   49.22
2453883.74264 17.8083  0.0241 3.98  726.0  370.22   49.22
2453886.71355 17.7935  0.0236 4.27  701.0  370.22   49.22
2453887.69655 17.7775  0.0225 3.78  710.0  370.22   49.22
2453889.85808 17.7615  0.0227 3.51  867.0  370.22   49.22
2453891.58380 17.8036  0.0297 5.45  837.0  370.22   49.22
2453893.74051 17.7643  0.0310 5.97  763.0  370.22   49.22
2453894.78312 17.7700  0.0284 4.97  786.0  370.22   49.22
2453896.73452 17.8265  0.0284 4.24 1036.0  370.22   49.22
2453900.63425 17.7948  0.0271 4.30 1052.0  370.22   49.22
2453901.64612 17.7760  0.0281 4.75  847.0  370.22   49.22
2453902.66399 17.7686  0.0276 4.80  871.0  370.22   49.22
2453903.79263 17.7997  0.0302 5.27  798.0  370.22   49.22
2453904.64369 17.7838  0.0235 3.97  768.0  370.22   49.22
2453905.65068 17.7304  0.0209 3.59  699.0  370.22   49.22
2453906.63225 17.7307  0.0233 3.78  789.0  370.22   49.22
2453907.69331 17.8181  0.0380 6.57  875.0  370.22   49.22
2453908.63186 17.7881  0.0233 3.71  853.0  370.22   49.22
2453909.63626 17.7884  0.0232 4.38  668.0  370.22   49.22
2453912.63661 17.7695  0.0205 3.40  720.0  370.22   49.22
2453913.63417 17.7526  0.0205 3.45  635.0  370.22   49.22
2453914.66733 17.7720  0.0237 4.57  711.0  370.22   49.22
2453915.63108 17.7903  0.0267 5.11  673.0  370.22   49.22
2453916.71275 17.8201  0.0256 4.65  729.0  370.22   49.22
2453917.72552 17.8409  0.0270 4.45  780.0  370.22   49.22
2453918.72995 17.7576  0.0264 4.74  733.0  370.22   49.22
2453919.65977 17.7483  0.0325 6.63  770.0  370.22   49.22
2453920.61187 17.7748  0.0262 4.46  727.0  370.22   49.22
2453921.62534 17.7156  0.0328 5.61  878.0  370.22   49.22
2453930.68757 17.7718  0.0277 4.83  881.0  370.22   49.22
2453931.60675 17.7886  0.0262 4.17  855.0  370.22   49.22
2453931.78983 17.7823  0.0343 5.75 1065.0  370.22   49.22
2453932.63418 17.8051  0.0213 3.40  751.0  370.22   49.22
2453933.61391 17.7711  0.0208 3.69  690.0  370.22   49.22
2453934.58450 17.7659  0.0231 3.78  811.0  370.22   49.22
2453935.66173 17.7711  0.0304 5.65  735.0  370.22   49.22
2453936.61334 17.7817  0.0271 4.62  780.0  370.22   49.22
2453936.80161 17.8289  0.0331 5.40  962.0  370.22   49.22
2453937.73006 17.8257  0.0337 6.80  713.0  370.22   49.22
2453938.59097 17.8274  0.0268 4.41  755.0  370.22   49.22
2453940.73559 17.7766  0.0219 4.04  628.0  370.22   49.22
2453944.67599 17.7828  0.0240 4.81  634.0  370.22   49.22
2453945.62445 17.7895  0.0264 4.39  822.0  370.22   49.22
2453946.61805 17.8222  0.0271 4.83  693.0  370.22   49.22
2453950.63464 17.7886  0.0244 4.26  694.0  370.22   49.22
2453951.47833 17.8416  0.0296 4.44  892.0  370.22   49.22
2453951.65098 17.7556  0.0269 4.38  963.0  370.22   49.22
2453951.70959 17.8008  0.0321 5.24  916.0  370.22   49.22
2453954.73747 17.7069  0.0508 6.71 2086.0  370.22   49.22
2453955.48219 17.7630  0.0425 6.30 1473.0  370.22   49.22
2453955.66741 17.7112  0.0398 6.65 1215.0  370.22   49.22
2453956.50812 17.7864  0.0426 6.54 1239.0  370.22   49.22
2453956.65784 17.7703  0.0408 6.77 1105.0  370.22   49.22
2453957.61316 17.7340  0.0512 6.06 2531.0  370.22   49.22
2453958.67782 17.8025  0.0304 4.98  924.0  370.22   49.22
2453959.60809 17.7940  0.0277 4.66  819.0  370.22   49.22
2453960.60124 17.7918  0.0215 3.55  675.0  370.22   49.22
2453963.56571 17.7762  0.0283 5.30  707.0  370.22   49.22
2453964.63256 17.8058  0.0255 4.47  698.0  370.22   49.22
2453965.61442 17.7334  0.0219 3.96  699.0  370.22   49.22
2453966.60925 17.8095  0.0238 3.93  713.0  370.22   49.22
2453967.63564 17.7964  0.0257 4.35  681.0  370.22   49.22
2453968.59186 17.8091  0.0273 4.52  731.0  370.22   49.22
2453969.59947 17.7592  0.0236 4.18  699.0  370.22   49.22
2453970.61236 17.7702  0.0273 4.84  652.0  370.22   49.22
2453971.64237 17.8156  0.0308 5.38  759.0  370.22   49.22
2453973.67192 17.7276  0.0279 6.05  705.0  370.22   49.22
2453974.60659 17.7878  0.0269 5.07  690.0  370.22   49.22
2453975.60199 17.8053  0.0256 4.71  720.0  370.22   49.22
2453976.59599 17.7698  0.0247 4.40  776.0  370.22   49.22
2453979.62241 17.8301  0.0343 6.06  777.0  370.22   49.22
2453982.65325 17.7746  0.0316 4.89 1142.0  370.22   49.22
2453987.59221 17.7890  0.0269 4.57  901.0  370.22   49.22
2453988.60942 17.7363  0.0224 4.23  774.0  370.22   49.22
2453990.59340 17.7597  0.0301 6.01  758.0  370.22   49.22
2453994.54330 17.8748  0.0346 5.86  847.0  370.22   49.22
2453996.51906 17.7792  0.0290 5.30  773.0  370.22   49.22
2454000.60469 17.7841  0.0365 6.42  889.0  370.22   49.22
2454002.59861 17.7578  0.0245 4.65  739.0  370.22   49.22
2454003.55307 17.7405  0.0224 3.77  838.0  370.22   49.22
2454005.64890 17.7011  0.0295 5.60  973.0  370.22   49.22
2454011.53187 17.7742  0.0317 5.55  925.0  370.22   49.22
2454015.56123 17.8262  0.0375 5.70 1176.0  370.22   49.22
2454017.53895 17.7644  0.0276 4.57  930.0  370.22   49.22
2454019.54063 17.8456  0.0316 4.66  928.0  370.22   49.22
2454021.54335 17.7831  0.0367 5.54 1093.0  370.22   49.22
2454024.57288 17.8653  0.0336 5.72  889.0  370.22   49.22
2454027.48913 17.7854  0.0430 6.00 1509.0  370.22   49.22
2454029.52711 17.8209  0.0353 5.56  943.0  370.22   49.22
2454149.89237 17.7589  0.0404 5.14 1672.0  370.22   49.22
2454155.83076 17.8099  0.0321 5.18  993.0  370.22   49.22
2454157.88314 17.7432  0.0228 4.05  845.0  370.22   49.22
2454159.89605 17.7759  0.0339 5.26 1051.0  370.22   49.22
2454162.84332 17.7581  0.0363 5.39 1313.0  370.22   49.22
2454164.88319 17.7616  0.0284 3.89 1212.0  370.22   49.22
2454166.89916 17.8007  0.0393 5.75 1323.0  370.22   49.22
2454167.81074 17.7501  0.0354 5.15 1392.0  370.22   49.22
2454169.81786 17.8114  0.0317 4.27 1230.0  370.22   49.22
2454174.83243 17.7603  0.0309 4.65 1088.0  370.22   49.22
2454176.81414 17.7643  0.0295 4.40 1028.0  370.22   49.22
2454177.86779 17.7946  0.0315 5.25  866.0  370.22   49.22
2454178.91048 17.7890  0.0348 4.65 1315.0  370.22   49.22
2454180.80796 17.7575  0.0340 5.94  901.0  370.22   49.22
2454181.89751 17.7729  0.0259 4.04  861.0  370.22   49.22
2454183.77943 17.7566  0.0264 4.03  906.0  370.22   49.22
2454184.84748 17.8125  0.0271 4.16  817.0  370.22   49.22
2454185.82684 17.7793  0.0281 4.51  832.0  370.22   49.22
2454190.84526 17.7659  0.0279 4.31  970.0  370.22   49.22
2454192.85754 17.7853  0.0303 4.61 1022.0  370.22   49.22
2454193.86852 17.7587  0.0309 4.81 1073.0  370.22   49.22
2454194.89009 17.7609  0.0284 4.29 1013.0  370.22   49.22
2454196.91007 17.7822  0.0287 4.10 1101.0  370.22   49.22
2454202.85985 17.7662  0.0252 3.94  870.0  370.22   49.22
2454203.84798 17.7820  0.0248 3.73  901.0  370.22   49.22
2454204.84715 17.7543  0.0268 4.17  929.0  370.22   49.22
2454205.84367 17.7423  0.0249 4.03  829.0  370.22   49.22
2454207.84731 17.7745  0.0261 3.96  837.0  370.22   49.22
2454208.87634 17.8167  0.0289 4.49  898.0  370.22   49.22
2454212.92505 17.7733  0.0332 5.01  982.0  370.22   49.22
2454213.84505 17.7622  0.0244 3.70  847.0  370.22   49.22
2454215.88259 17.8033  0.0279 4.01  895.0  370.22   49.22
2454216.80345 17.7890  0.0297 4.84  885.0  370.22   49.22
2454217.82575 17.7911  0.0239 3.49  826.0  370.22   49.22
2454218.86645 17.7823  0.0290 4.43  917.0  370.22   49.22
2454219.90469 17.7622  0.0342 5.69  988.0  370.22   49.22
2454220.84214 17.7902  0.0330 4.76 1085.0  370.22   49.22
2454222.81147 17.7870  0.0301 4.26 1167.0  370.22   49.22
2454228.80225 17.7865  0.0372 4.04 2212.0  370.22   49.22
2454229.78104 17.7841  0.0308 4.63 1066.0  370.22   49.22
2454230.76801 17.7763  0.0252 3.75  902.0  370.22   49.22
2454231.79009 17.8029  0.0276 4.00 1014.0  370.22   49.22
2454232.79834 17.8390  0.0380 5.62 1119.0  370.22   49.22
2454234.74254 17.7580  0.0304 4.99  980.0  370.22   49.22
2454235.76739 17.7584  0.0262 3.84 1025.0  370.22   49.22
2454237.72544 17.7646  0.0260 4.99  862.0  370.22   49.22
2454238.79044 17.7554  0.0302 4.98  977.0  370.22   49.22
2454239.78679 17.7801  0.0253 4.61  836.0  370.22   49.22
2454240.94218 17.5134  0.0342 5.07 2075.0  370.22   49.22
2454243.68498 17.7266  0.0301 5.26  894.0  370.22   49.22
2454244.84680 17.7695  0.0287 4.13 1056.0  370.22   49.22
2454245.84000 17.7511  0.0251 3.87  827.0  370.22   49.22
2454246.89476 17.8570  0.0332 4.31 1131.0  370.22   49.22
2454250.86061 17.7336  0.0358 5.21 1329.0  370.22   49.22
2454256.69682 17.7812  0.0419 6.60 1138.0  370.22   49.22
2454257.77508 17.7795  0.0364 5.58 1144.0  370.22   49.22
2454258.70360 17.7663  0.0303 4.83  963.0  370.22   49.22
2454267.66908 17.7914  0.0268 4.60  918.0  370.22   49.22
2454268.60707 17.8087  0.0331 5.68  945.0  370.22   49.22
2454269.64724 17.7372  0.0279 4.71  848.0  370.22   49.22
2454272.69786 17.7518  0.0251 3.79  874.0  370.22   49.22
2454273.65789 17.7599  0.0298 4.53  959.0  370.22   49.22
2454274.64162 17.7965  0.0306 4.42 1122.0  370.22   49.22
2454275.69846 17.7817  0.0336 5.05 1127.0  370.22   49.22
2454277.59756 17.7850  0.0326 5.14 1037.0  370.22   49.22
2454278.67180 17.7986  0.0352 5.24 1028.0  370.22   49.22
2454283.61713 17.8255  0.0333 4.35 1311.0  370.22   49.22
2454284.60103 17.7943  0.0322 4.01 1206.0  370.22   49.22
2454285.60778 17.7043  0.0370 5.41 1298.0  370.22   49.22
2454286.75760 17.8119  0.0388 4.83 1893.0  370.22   49.22
2454289.64173 17.7597  0.0314 5.19  933.0  370.22   49.22
2454290.67130 17.7669  0.0355 6.34  844.0  370.22   49.22
2454291.72532 17.7879  0.0329 5.61  875.0  370.22   49.22
2454292.58634 17.7775  0.0266 4.04  903.0  370.22   49.22
2454293.61385 17.7750  0.0268 3.98  911.0  370.22   49.22
2454294.58557 17.8552  0.0282 4.47  900.0  370.22   49.22
2454295.61495 17.7796  0.0264 4.50  737.0  370.22   49.22
2454296.59443 17.7342  0.0259 4.46  785.0  370.22   49.22
2454297.58822 17.7768  0.0273 4.46  806.0  370.22   49.22
2454298.69775 17.8017  0.0285 4.49  769.0  370.22   49.22
2454299.66469 17.7764  0.0255 4.14  752.0  370.22   49.22
2454300.78954 17.7672  0.0311 4.51  998.0  370.22   49.22
2454301.46708 17.7928  0.0356 4.65 1460.0  370.22   49.22
2454302.74617 17.8064  0.0291 4.70  738.0  370.22   49.22
2454307.57746 17.7631  0.0282 3.81 1144.0  370.22   49.22
2454310.73092 17.8102  0.0406 4.25 2183.0  370.22   49.22
2454312.62698 17.7748  0.0283 3.92 1264.0  370.22   49.22
2454315.66083 17.8197  0.0352 5.25 1062.0  370.22   49.22
2454317.61429 17.8293  0.0302 4.52  866.0  370.22   49.22
2454319.62206 17.7790  0.0314 4.84  961.0  370.22   49.22
2454320.72346 17.8210  0.0323 4.73  897.0  370.22   49.22
2454326.63302 17.8473  0.0324 5.02  835.0  370.22   49.22
2454327.66025 17.8465  0.0402 6.36  939.0  370.22   49.22
2454328.60133 17.8055  0.0289 4.20  861.0  370.22   49.22
2454328.73369 17.8181  0.0384 5.38 1182.0  370.22   49.22
2454329.59317 17.7599  0.0322 5.08  908.0  370.22   49.22
2454330.57480 17.7465  0.0283 4.49  872.0  370.22   49.22
2454331.60126 17.7696  0.0309 5.24  833.0  370.22   49.22
2454332.59865 17.8147  0.0277 4.16  881.0  370.22   49.22
2454333.60171 17.7755  0.0304 4.61  974.0  370.22   49.22
2454334.59594 17.7391  0.0494 4.63 3431.0  370.22   49.22
2454338.63587 17.8464  0.0342 4.52 1274.0  370.22   49.22
2454339.60491 17.8391  0.0346 4.67 1240.0  370.22   49.22
2454340.51652 17.7428  0.0400 5.54 1416.0  370.22   49.22
2454341.60332 17.8108  0.0390 5.48 1224.0  370.22   49.22
2454342.63953 17.7685  0.0330 5.21 1058.0  370.22   49.22
2454343.61889 17.7859  0.0280 4.06 1016.0  370.22   49.22
2454344.66834 17.7789  0.0326 4.29 1302.0  370.22   49.22
2454345.61866 17.7579  0.0302 4.44 1054.0  370.22   49.22
2454346.62403 17.7826  0.0315 4.91  958.0  370.22   49.22
2454347.63806 17.8071  0.0315 5.20  882.0  370.22   49.22
2454349.60983 17.7983  0.0282 4.64  775.0  370.22   49.22
2454351.60849 17.7774  0.0377 6.38  906.0  370.22   49.22
2454353.63166 17.7868  0.0424 6.35 1270.0  370.22   49.22
2454357.61989 17.7810  0.0356 5.94  979.0  370.22   49.22
2454359.59108 17.7753  0.0313 5.09  934.0  370.22   49.22
2454362.58442 17.8592  0.0487 5.76 1789.0  370.22   49.22
2454367.59019 17.7596  0.0350 4.75 1414.0  370.22   49.22
2454370.58917 17.7520  0.0296 3.78 1413.0  370.22   49.22
2454372.56117 17.8151  0.0286 3.87 1044.0  370.22   49.22
2454380.57094 17.8080  0.0295 4.14 1015.0  370.22   49.22
2454508.88597 17.7743  0.0299 4.34 1301.0  370.22   49.22
2454515.86646 17.7666  0.0360 6.19 1004.0  370.22   49.22
2454519.83806 17.7560  0.0356 5.82 1158.0  370.22   49.22
2454520.82654 17.8271  0.0425 6.11 1253.0  370.22   49.22
2454522.89378 17.7779  0.0330 5.37 1063.0  370.22   49.22
2454524.87990 17.7780  0.0301 4.72 1074.0  370.22   49.22
2454525.89978 17.8550  0.0418 3.74 3360.0  370.22   49.22
2454530.86943 17.7695  0.0247 3.85  882.0  370.22   49.22
2454533.90683 17.7794  0.0341 4.93 1437.0  370.22   49.22
2454534.81104 17.7274  0.0351 6.73  911.0  370.22   49.22
2454536.81574 17.7992  0.0326 5.51  980.0  370.22   49.22
2454537.90279 17.7781  0.0250 4.33  823.0  370.22   49.22
2454538.83420 17.7655  0.0329 5.63  941.0  370.22   49.22
2454540.86403 17.8013  0.0281 4.37  896.0  370.22   49.22
2454542.89034 17.7747  0.0253 4.27  840.0  370.22   49.22
2454543.85179 17.7640  0.0253 4.43  764.0  370.22   49.22
2454544.84860 17.7513  0.0247 4.00  901.0  370.22   49.22
2454545.86613 17.7656  0.0282 4.44  977.0  370.22   49.22
2454546.89710 17.7994  0.0257 3.98  983.0  370.22   49.22
2454550.83992 17.7545  0.0271 4.35  977.0  370.22   49.22
2454551.89769 17.7778  0.0293 4.37  955.0  370.22   49.22
2454552.89467 17.6954  0.0396 4.43 2638.0  370.22   49.22
2454556.85897 17.7754  0.0271 4.78  868.0  370.22   49.22
2454557.88501 17.7731  0.0243 3.89  854.0  370.22   49.22
2454558.82008 17.8384  0.0292 5.03  853.0  370.22   49.22
2454558.88787 17.8099  0.0279 4.68  841.0  370.22   49.22
2454559.84926 17.7924  0.0257 4.29  756.0  370.22   49.22
2454560.84966 17.7671  0.0227 3.57  731.0  370.22   49.22
2454561.83860 17.7935  0.0238 4.12  758.0  370.22   49.22
2454564.84275 17.8039  0.0246 4.28  722.0  370.22   49.22
2454565.83166 17.7981  0.0230 3.85  768.0  370.22   49.22
2454566.83372 17.7948  0.0252 4.31  744.0  370.22   49.22
2454567.83801 17.8117  0.0238 3.89  774.0  370.22   49.22
2454568.85652 17.7270  0.0241 4.07  895.0  370.22   49.22
2454569.85391 17.7437  0.0242 3.98  836.0  370.22   49.22
2454570.85921 17.7726  0.0260 4.25  851.0  370.22   49.22
2454571.82474 17.7833  0.0261 4.45  793.0  370.22   49.22
2454572.86247 17.7999  0.0341 5.43  988.0  370.22   49.22
2454573.83826 17.7651  0.0239 4.29  819.0  370.22   49.22
2454574.84041 17.7278  0.0288 4.51 1025.0  370.22   49.22
2454575.85207 17.7992  0.0305 4.62 1040.0  370.22   49.22
2454579.90438 17.7251  0.0292 4.47 1291.0  370.22   49.22
2454583.81670 17.8375  0.0326 4.90 1076.0  370.22   49.22
2454586.80471 17.7256  0.0350 6.48  903.0  370.22   49.22
2454586.83283 17.7678  0.0281 4.52  978.0  370.22   49.22
2454586.88958 17.7828  0.0345 5.55 1019.0  370.22   49.22
2454587.84206 17.7949  0.0275 4.62  856.0  370.22   49.22
2454588.64356 17.7858  0.0342 5.98 1011.0  370.22   49.22
2454588.73080 17.7401  0.0264 5.03  824.0  370.22   49.22
2454588.89316 17.7455  0.0254 4.41  900.0  370.22   49.22
2454588.93030 17.7440  0.0282 4.44 1101.0  370.22   49.22
2454589.64500 17.7695  0.0289 4.61  972.0  370.22   49.22
2454589.76458 17.8037  0.0302 4.89  862.0  370.22   49.22
2454590.77895 17.7820  0.0290 4.78  912.0  370.22   49.22
2454591.75613 17.8169  0.0280 4.32  979.0  370.22   49.22
2454592.76828 17.7492  0.0322 4.84 1161.0  370.22   49.22
2454593.75373 17.7909  0.0286 4.63  955.0  370.22   49.22
2454594.78202 17.8072  0.0265 4.40  845.0  370.22   49.22
2454595.77259 17.7372  0.0291 5.35  848.0  370.22   49.22
2454596.79311 17.7599  0.0264 4.80  788.0  370.22   49.22
2454597.79037 17.7664  0.0252 4.16  882.0  370.22   49.22
2454598.75964 17.7901  0.0246 4.34  727.0  370.22   49.22
2454599.73914 17.8066  0.0259 4.43  758.0  370.22   49.22
2454600.74468 17.7568  0.0231 4.17  733.0  370.22   49.22
2454601.74929 17.7869  0.0253 4.35  791.0  370.22   49.22
2454602.74687 17.7708  0.0243 3.79 1004.0  370.22   49.22
2454606.76366 17.8151  0.0279 4.19 1168.0  370.22   49.22
2454610.86054 17.7892  0.0281 3.78 1230.0  370.22   49.22
2454611.73097 17.7795  0.0273 4.05  977.0  370.22   49.22
2454611.91748 17.7311  0.0309 4.38 1353.0  370.22   49.22
2454615.91072 17.8074  0.0407 6.12 1244.0  370.22   49.22
2454616.71971 17.7701  0.0264 4.46  829.0  370.22   49.22
2454617.88471 17.7504  0.0375 6.39 1050.0  370.22   49.22
2454622.69953 17.7563  0.0303 5.41  849.0  370.22   49.22
2454623.77931 17.7358  0.0287 5.07  959.0  370.22   49.22
2454624.71819 17.7604  0.0281 4.65  927.0  370.22   49.22
2454625.69947 17.7134  0.0326 6.06  885.0  370.22   49.22
2454626.74676 17.7979  0.0320 5.61  818.0  370.22   49.22
2454627.67874 17.7862  0.0249 4.25  745.0  370.22   49.22
2454628.66900 17.7810  0.0259 4.40  835.0  370.22   49.22
2454629.73467 17.7339  0.0252 4.19  853.0  370.22   49.22
2454630.67450 17.7431  0.0243 3.94  878.0  370.22   49.22
2454631.69283 17.7578  0.0235 3.94  786.0  370.22   49.22
2454632.70745 17.7948  0.0268 4.26  912.0  370.22   49.22
2454633.85536 17.7923  0.0342 5.06 1230.0  370.22   49.22
2454639.79588 17.7365  0.0355 5.31 1434.0  370.22   49.22
2454640.77140 17.7885  0.0285 4.69  858.0  370.22   49.22
2454641.85664 17.7931  0.0402 6.10 1218.0  370.22   49.22
2454642.69431 17.7742  0.0273 4.52  888.0  370.22   49.22
2454643.66037 17.7626  0.0277 4.87  801.0  370.22   49.22
2454644.74352 17.7617  0.0274 4.70  864.0  370.22   49.22
2454645.66222 17.7507  0.0266 4.56  760.0  370.22   49.22
2454646.62985 17.7927  0.0230 4.08  751.0  370.22   49.22
2454647.64084 17.7742  0.0255 4.12  893.0  370.22   49.22
2454648.63648 17.7824  0.0286 4.46  916.0  370.22   49.22
2454648.74594 17.7595  0.0279 4.66  849.0  370.22   49.22
2454649.63517 17.8069  0.0280 4.76  787.0  370.22   49.22
2454650.66659 17.7669  0.0257 4.30  847.0  370.22   49.22
2454651.67746 17.7571  0.0290 4.81  913.0  370.22   49.22
2454652.60637 17.7482  0.0270 4.45  913.0  370.22   49.22
2454653.60022 17.7501  0.0286 4.86  967.0  370.22   49.22
2454654.63945 17.7776  0.0275 4.36  905.0  370.22   49.22
2454655.60368 17.7526  0.0274 4.55 1005.0  370.22   49.22
2454656.60684 17.7779  0.0286 4.90  891.0  370.22   49.22
2454658.76412 17.7978  0.0360 6.13  944.0  370.22   49.22
2454660.71376 17.7609  0.0327 5.67  992.0  370.22   49.22
2454661.59627 17.7829  0.0270 4.10 1111.0  370.22   49.22
2454661.65911 17.7654  0.0370 4.57 1985.0  370.22   49.22
2454666.52897 17.7938  0.0322 4.39 1413.0  370.22   49.22
2454670.77640 17.7580  0.0378 6.29 1114.0  370.22   49.22
2454671.65287 17.8001  0.0306 5.94  814.0  370.22   49.22
2454672.61238 17.7459  0.0254 4.30  869.0  370.22   49.22
2454674.64046 17.8004  0.0327 5.75  879.0  370.22   49.22
2454677.66521 17.8327  0.0379 6.34  912.0  370.22   49.22
2454681.66849 17.8208  0.0325 5.61  815.0  370.22   49.22
2454682.62427 17.8205  0.0288 4.77  816.0  370.22   49.22
2454683.62205 17.8263  0.0330 5.59  870.0  370.22   49.22
2454684.64061 17.7830  0.0304 5.16  847.0  370.22   49.22
2454685.66671 17.7642  0.0262 3.95  853.0  370.22   49.22
2454686.73923 17.7403  0.0288 4.87  845.0  370.22   49.22
2454687.65472 17.8352  0.0346 5.35  927.0  370.22   49.22
2454688.60088 17.7911  0.0311 5.09  953.0  370.22   49.22
2454694.68495 17.7518  0.0440 6.90 1265.0  370.22   49.22
2454697.60622 17.7970  0.0408 7.17  933.0  370.22   49.22
2454698.62786 17.7756  0.0314 5.71  904.0  370.22   49.22
2454700.62300 17.7743  0.0300 5.30  810.0  370.22   49.22
2454701.60595 17.7865  0.0331 5.95  846.0  370.22   49.22
2454702.62076 17.7860  0.0320 5.87  811.0  370.22   49.22
2454704.68199 17.7761  0.0294 5.05  863.0  370.22   49.22
2454708.64238 17.7920  0.0344 5.87  905.0  370.22   49.22
2454710.66032 17.8180  0.0335 5.47  897.0  370.22   49.22
2454720.57348 17.7747  0.0316 4.47 1210.0  370.22   49.22
2454721.60804 17.8673  0.0429 5.79 1234.0  370.22   49.22
2454724.62579 17.8001  0.0356 4.61 1359.0  370.22   49.22
2454725.64171 17.7927  0.0389 4.96 1426.0  370.22   49.22
2454726.60198 17.8053  0.0383 5.53 1051.0  370.22   49.22
2454733.56610 17.8216  0.0335 5.43  878.0  370.22   49.22
2454738.52625 17.7817  0.0340 6.00  881.0  370.22   49.22
2454741.60828 17.7582  0.0301 5.12  945.0  370.22   49.22
2454755.54744 17.7717  0.0387 5.78 1217.0  370.22   49.22
2454761.55218 17.7535  0.0378 6.06 1052.0  370.22   49.22
2454767.52357 17.7205  0.0375 5.83 1248.0  370.22   49.22
2454768.52793 17.6903  0.0426 6.56 1313.0  370.22   49.22
2454769.51537 17.7592  0.0444 6.80 1150.0  370.22   49.22
2454771.50809 17.7241  0.0466 6.74 1443.0  370.22   49.22
2454772.52319 17.7500  0.0506 6.34 2022.0  370.22   49.22
2454876.86277 17.8110  0.0337 5.52 1049.0  370.22   49.22
2454883.84853 17.7940  0.0327 5.74  889.0  370.22   49.22
2454885.88876 17.7758  0.0270 4.59  929.0  370.22   49.22
2454888.84306 17.7430  0.0269 4.93  884.0  370.22   49.22
2454892.83709 17.7245  0.0312 5.84 1011.0  370.22   49.22
2454898.80736 17.7579  0.0325 5.19 1108.0  370.22   49.22
2454901.81026 17.7520  0.0291 4.29 1191.0  370.22   49.22
2454902.89910 17.7829  0.0271 4.54  980.0  370.22   49.22
2454903.85760 17.7431  0.0260 4.39 1020.0  370.22   49.22
2454904.91560 17.8639  0.0564 5.49 3428.0  370.22   49.22
2454905.85399 17.7260  0.0270 4.37 1068.0  370.22   49.22
2454910.91361 17.7657  0.0368 4.73 1952.0  370.22   49.22
2454912.83879 17.7709  0.0243 4.77  741.0  370.22   49.22
2454914.88486 17.7756  0.0253 4.65  737.0  370.22   49.22
2454924.73532 17.8012  0.0248 3.84  872.0  370.22   49.22
2454925.85304 17.7582  0.0263 4.79  864.0  370.22   49.22
2454927.90759 17.8295  0.0339 5.84  962.0  370.22   49.22
2454930.78735 17.7493  0.0315 4.99 1208.0  370.22   49.22
2454931.83179 17.8132  0.0337 5.38 1103.0  370.22   49.22
2454932.84033 17.7994  0.0268 4.68 1034.0  370.22   49.22
2454933.83525 17.7882  0.0306 4.92 1101.0  370.22   49.22
2454934.89104 17.7313  0.0299 4.96 1092.0  370.22   49.22
2454938.81514 17.7027  0.0366 6.52 1556.0  370.22   49.22
2454940.75661 17.7419  0.0275 5.02  847.0  370.22   49.22
2454941.79239 17.7829  0.0317 7.11  876.0  370.22   49.22
2454942.73542 17.7739  0.0265 4.50  812.0  370.22   49.22
2454943.88022 17.7618  0.0306 7.02  834.0  370.22   49.22
2454944.73513 17.7624  0.0279 4.64  871.0  370.22   49.22
2454945.79082 17.7748  0.0245 4.64  827.0  370.22   49.22
2454950.85062 17.7545  0.0254 4.43  915.0  370.22   49.22
2454952.84414 17.8469  0.0305 5.96  845.0  370.22   49.22
2454953.82998 17.8149  0.0297 5.09  923.0  370.22   49.22
2454954.79964 17.7345  0.0248 4.59  789.0  370.22   49.22
