2452125.67487 15.4575  0.0060 6.11 1466.0  400.26  273.55
2452129.72762 15.4419  0.0043 3.88 1031.0  400.26  273.55
2452132.67057 15.4496  0.0045 4.29 1012.0  400.26  273.55
2452136.57402 15.4417  0.0053 6.29  947.0  400.26  273.55
2452141.58621 15.4568  0.0046 4.58  981.0  400.26  273.55
2452144.67284 15.4327  0.0045 4.80  879.0  400.26  273.55
2452160.62853 15.4568  0.0057 6.24 1174.0  400.26  273.55
2452170.56941 15.4555  0.0038 4.71  956.0  400.26  273.55
2452178.58019 15.4523  0.0076 7.22 2119.0  400.26  273.55
2452211.53382 15.4519  0.0065 6.46 1661.0  400.26  273.55
2452333.87013 15.4455  0.0049 4.62 1331.0  400.26  273.55
2452344.83146 15.4517  0.0050 4.81 1127.0  400.26  273.55
2452355.88227 15.4443  0.0046 4.51  968.0  400.26  273.55
2452364.87390 15.4537  0.0052 5.11 1199.0  400.26  273.55
2452372.88569 15.4423  0.0046 4.49 1079.0  400.26  273.55
2452384.82062 15.4396  0.0046 3.94 1046.0  400.26  273.55
2452388.81978 15.4563  0.0047 4.09 1056.0  400.26  273.55
2452390.85775 15.4572  0.0052 4.76 1322.0  400.26  273.55
2452393.85195 15.4363  0.0076 4.58 4697.0  400.26  273.55
2452400.79919 15.4601  0.0046 4.11 1017.0  400.26  273.55
2452402.90590 15.4534  0.0049 3.98 1268.0  400.26  273.55
2452406.84870 15.4513  0.0049 4.55 1051.0  400.26  273.55
2452414.87136 15.4441  0.0047 4.74 1002.0  400.26  273.55
2452416.88694 15.4518  0.0051 4.80 1204.0  400.26  273.55
2452424.74557 15.4435  0.0050 4.31 1350.0  400.26  273.55
2452428.73079 15.4463  0.0047 4.76  998.0  400.26  273.55
2452432.88232 15.4561  0.0062 6.19 1445.0  400.26  273.55
2452434.77032 15.4458  0.0047 4.09 1015.0  400.26  273.55
2452436.81825 15.4504  0.0048 4.18 1140.0  400.26  273.55
2452438.79194 15.4374  0.0048 4.62 1041.0  400.26  273.55
2452441.75426 15.4494  0.0044 4.60  935.0  400.26  273.55
2452445.67150 15.4563  0.0048 4.48  935.0  400.26  273.55
2452448.69113 15.4509  0.0050 3.60 1700.0  400.26  273.55
2452454.78171 15.4532  0.0046 3.90 2847.0  400.26  273.55
2452459.68274 15.4421  0.0040 4.61  726.0  400.26  273.55
2452460.70080 15.4478  0.0050 5.09  984.0  400.26  273.55
2452463.58203 15.4615  0.0043 3.59  968.0  400.26  273.55
2452466.60184 15.4491  0.0045 4.19  886.0  400.26  273.55
2452468.72811 15.4493  0.0043 3.82  904.0  400.26  273.55
2452470.71188 15.4512  0.0044 4.17  883.0  400.26  273.55
2452472.73932 15.4644  0.0046 4.92  901.0  400.26  273.55
2452481.59864 15.4537  0.0055 5.84 1096.0  400.26  273.55
2452484.66194 15.4512  0.0049 5.01  940.0  400.26  273.55
2452486.75466 15.4422  0.0063 7.13 1190.0  400.26  273.55
2452493.68254 15.4552  0.0042 5.56  985.0  400.26  273.55
2452496.52854 15.4472  0.0043 3.67  923.0  400.26  273.55
2452498.54920 15.4568  0.0041 3.26  889.0  400.26  273.55
2452500.59261 15.4439  0.0046 3.64 1072.0  400.26  273.55
2452502.60623 15.4594  0.0047 4.11 1084.0  400.26  273.55
2452508.70444 15.4488  0.0061 6.09 1566.0  400.26  273.55
2452512.65394 15.4626  0.0044 4.47 1495.0  400.26  273.55
2452517.55534 15.4533  0.0057 6.24 1048.0  400.26  273.55
2452520.62280 15.4577  0.0046 4.22  936.0  400.26  273.55
2452529.48867 15.4412  0.0052 4.77 1323.0  400.26  273.55
2452538.54028 15.4478  0.0053 4.88 1256.0  400.26  273.55
2452542.56809 15.4483  0.0046 3.98 1138.0  400.26  273.55
2452548.49662 15.4507  0.0056 5.70 1168.0  400.26  273.55
2452552.53292 15.4496  0.0049 4.28 1223.0  400.26  273.55
2452557.49807 15.4503  0.0049 4.54 1118.0  400.26  273.55
2452564.51948 15.4539  0.0055 4.90 1563.0  400.26  273.55
2452708.84713 15.4523  0.0043 3.57  952.0  400.26  273.55
2452719.85280 15.4496  0.0050 3.81 1343.0  400.26  273.55
2452729.87488 15.4443  0.0052 5.03 1077.0  400.26  273.55
2452734.81385 15.4376  0.0044 3.24 1084.0  400.26  273.55
2452747.73877 15.4301  0.0069 6.92 1628.0  400.26  273.55
2452753.92379 15.4526  0.0055 5.21 1281.0  400.26  273.55
2452757.84961 15.4470  0.0050 4.48 1265.0  400.26  273.55
2452761.89839 15.4456  0.0047 3.80 1181.0  400.26  273.55
2452767.84536 15.4432  0.0054 5.20 1264.0  400.26  273.55
2452775.76223 15.4451  0.0059 5.26 1848.0  400.26  273.55
2452784.60621 15.4549  0.0047 4.20 1077.0  400.26  273.55
2452786.82421 15.4441  0.0050 4.53 1262.0  400.26  273.55
2452788.63612 15.4533  0.0049 3.91 1217.0  400.26  273.55
2452790.74053 15.4486  0.0046 4.00  953.0  400.26  273.55
2452793.65434 15.4414  0.0052 6.38  882.0  400.26  273.55
2452795.62814 15.4645  0.0037 4.37  829.0  400.26  273.55
2452797.64004 15.4517  0.0045 3.56  993.0  400.26  273.55
2452802.73244 15.4542  0.0060 5.85 1357.0  400.26  273.55
2452809.75499 15.4515  0.0051 4.21 1190.0  400.26  273.55
2452811.68212 15.4597  0.0057 6.00 1063.0  400.26  273.55
2452812.81147 15.4426  0.0051 4.84 1149.0  400.26  273.55
2452813.85521 15.4461  0.0049 4.29 1145.0  400.26  273.55
2452815.83589 15.4453  0.0047 3.78 1160.0  400.26  273.55
2452816.85684 15.4489  0.0053 4.83 1311.0  400.26  273.55
2452818.62251 15.4525  0.0047 4.08  940.0  400.26  273.55
2452819.79084 15.4456  0.0049 4.89 1196.0  400.26  273.55
2452821.68889 15.4459  0.0048 3.94 1108.0  400.26  273.55
2452826.79530 15.4537  0.0059 6.66 1021.0  400.26  273.55
2452835.67431 15.4456  0.0052 4.29 1369.0  400.26  273.55
2452837.68203 15.4780  0.0066 5.62 2438.0  400.26  273.55
2452840.73511 15.4537  0.0053 4.72 1225.0  400.26  273.55
2452843.68641 15.4555  0.0044 4.81 1043.0  400.26  273.55
2452845.68375 15.4501  0.0049 4.53 1004.0  400.26  273.55
2452850.57262 15.4537  0.0046 3.63 1138.0  400.26  273.55
2452852.58038 15.4318  0.0064 7.21 1204.0  400.26  273.55
2452854.58479 15.4511  0.0050 4.92 1029.0  400.26  273.55
2452857.49508 15.4420  0.0052 4.92 1206.0  400.26  273.55
2452858.70741 15.4438  0.0054 3.81 2383.0  400.26  273.55
2452859.56791 15.4487  0.0061 4.03 3337.0  400.26  273.55
2452862.65448 15.4364  0.0058 5.29 1391.0  400.26  273.55
2452866.60398 15.4489  0.0053 4.67 1227.0  400.26  273.55
2452868.70583 15.4471  0.0050 4.61 1237.0  400.26  273.55
2452871.62410 15.4487  0.0047 3.85 1117.0  400.26  273.55
2452877.52602 15.4475  0.0051 4.62 1056.0  400.26  273.55
2452883.62067 15.4509  0.0050 4.71 1022.0  400.26  273.55
2452892.54699 15.4423  0.0053 4.70 1247.0  400.26  273.55
2452895.61257 15.4451  0.0046 3.90 1149.0  400.26  273.55
2452900.62424 15.4346  0.0055 5.50 1189.0  400.26  273.55
2452905.62340 15.4495  0.0058 6.21 1235.0  400.26  273.55
2452909.63272 15.4454  0.0052 5.64 1088.0  400.26  273.55
2452920.54763 15.4440  0.0065 6.27 1617.0  400.26  273.55
2452931.54445 15.4500  0.0048 3.71 1179.0  400.26  273.55
2453052.85445 15.4547  0.0046 4.32 1160.0  400.26  273.55
2453059.82741 15.4435  0.0046 4.54 1097.0  400.26  273.55
2453064.84429 15.4441  0.0059 6.25 1344.0  400.26  273.55
2453068.79809 15.4397  0.0054 5.40 1401.0  400.26  273.55
2453070.87673 15.4368  0.0047 4.17 1195.0  400.26  273.55
2453073.83283 15.4430  0.0047 3.94 1259.0  400.26  273.55
2453075.87093 15.4350  0.0049 4.53 1237.0  400.26  273.55
2453080.77516 15.4467  0.0042 4.14 1175.0  400.26  273.55
2453082.90296 15.4587  0.0047 4.78  945.0  400.26  273.55
2453085.83342 15.4496  0.0044 4.04  888.0  400.26  273.55
2453086.90684 15.4478  0.0045 4.16 1010.0  400.26  273.55
2453088.82601 15.4481  0.0042 3.58  887.0  400.26  273.55
2453090.73910 15.4496  0.0044 4.00  972.0  400.26  273.55
2453096.89429 15.4475  0.0053 5.98 1008.0  400.26  273.55
2453098.92140 15.4496  0.0046 3.69 1310.0  400.26  273.55
2453100.90819 15.4483  0.0045 4.00 1044.0  400.26  273.55
2453101.76622 15.4394  0.0050 4.74 1312.0  400.26  273.55
2453103.79917 15.4472  0.0046 3.78 1279.0  400.26  273.55
2453104.85783 15.4404  0.0094 3.90 9240.0  400.26  273.55
2453106.87112 15.4339  0.0053 3.65 2324.0  400.26  273.55
2453108.79164 15.4498  0.0042 3.25  998.0  400.26  273.55
2453109.85056 15.4497  0.0043 3.57  977.0  400.26  273.55
2453110.85693 15.4505  0.0045 4.65 1080.0  400.26  273.55
2453112.84223 15.4423  0.0043 4.40  826.0  400.26  273.55
2453114.80685 15.4335  0.0042 3.65  936.0  400.26  273.55
2453116.89493 15.4492  0.0047 4.38  978.0  400.26  273.55
2453122.93284 15.4377  0.0061 6.11 1632.0  400.26  273.55
2453125.89734 15.4350  0.0052 5.77 1083.0  400.26  273.55
2453127.84155 15.4679  0.0053 5.05 1326.0  400.26  273.55
2453128.84347 15.4335  0.0047 4.08 1334.0  400.26  273.55
2453130.72393 15.4526  0.0048 3.61 1508.0  400.26  273.55
2453131.69041 15.4507  0.0053 4.39 1681.0  400.26  273.55
2453135.92203 15.4461  0.0048 4.94 1094.0  400.26  273.55
2453135.93375 15.4515  0.0048 4.72 1181.0  400.26  273.55
2453138.67632 15.4550  0.0048 4.56 1008.0  400.26  273.55
2453139.90151 15.4449  0.0045 4.36 1067.0  400.26  273.55
2453140.90573 15.4415  0.0048 4.79 1014.0  400.26  273.55
2453142.79013 15.4460  0.0043 3.76 1002.0  400.26  273.55
2453144.81013 15.4353  0.0042 3.91  903.0  400.26  273.55
2453146.84343 15.4377  0.0046 4.96  885.0  400.26  273.55
2453151.77302 15.4421  0.0050 5.49  919.0  400.26  273.55
2453151.93073 15.4479  0.0054 5.60 1180.0  400.26  273.55
2453152.77862 15.4503  0.0046 4.43  994.0  400.26  273.55
2453153.78130 15.4476  0.0048 4.83 1003.0  400.26  273.55
2453154.84562 15.4529  0.0059 6.85 1026.0  400.26  273.55
2453156.88634 15.4472  0.0049 5.20 1176.0  400.26  273.55
2453162.59619 15.4470  0.0051 4.68 1366.0  400.26  273.55
2453163.77714 15.4481  0.0046 4.15 1110.0  400.26  273.55
2453164.75939 15.4391  0.0044 3.92  977.0  400.26  273.55
2453164.89239 15.4479  0.0051 5.30 1152.0  400.26  273.55
2453165.73298 15.3847  0.0037 3.78  936.0  400.26  273.55
2453167.61934 15.4411  0.0057 6.92  991.0  400.26  273.55
2453168.88112 15.4410  0.0047 4.44 1181.0  400.26  273.55
2453169.74926 15.4622  0.0046 4.00  947.0  400.26  273.55
2453170.83411 15.4394  0.0041 3.47  934.0  400.26  273.55
2453171.80536 15.4380  0.0036 3.28  951.0  400.26  273.55
2453172.77632 15.4375  0.0042 4.21  894.0  400.26  273.55
2453173.87431 15.4424  0.0044 5.62  954.0  400.26  273.55
2453175.74188 15.4426  0.0043 3.87  982.0  400.26  273.55
2453177.78234 15.4445  0.0052 6.55 1031.0  400.26  273.55
2453179.52706 15.4421  0.0045 4.49 1007.0  400.26  273.55
2453179.90633 15.4493  0.0051 5.56 1197.0  400.26  273.55
2453180.74807 15.4498  0.0041 3.74  806.0  400.26  273.55
2453182.80874 15.4460  0.0046 4.54  973.0  400.26  273.55
2453183.76370 15.4390  0.0048 4.97  906.0  400.26  273.55
2453184.72480 15.4547  0.0042 3.71  906.0  400.26  273.55
2453185.72827 15.4441  0.0045 3.52 1104.0  400.26  273.55
2453193.55969 15.4334  0.0044 4.08  955.0  400.26  273.55
2453194.57131 15.4402  0.0052 5.01 1359.0  400.26  273.55
2453195.70287 15.4438  0.0042 3.85  899.0  400.26  273.55
2453195.82343 15.4421  0.0045 4.24 1031.0  400.26  273.55
2453196.62432 15.4483  0.0043 3.86 1095.0  400.26  273.55
2453197.54903 15.4329  0.0044 4.04  975.0  400.26  273.55
2453197.85248 15.4400  0.0059 6.29 1453.0  400.26  273.55
2453199.64689 15.4455  0.0041 4.08  739.0  400.26  273.55
2453202.54051 15.4390  0.0045 4.80  901.0  400.26  273.55
2453203.68559 15.4395  0.0041 3.69  803.0  400.26  273.55
2453204.67654 15.4275  0.0042 4.02  769.0  400.26  273.55
2453205.53538 15.4444  0.0041 4.09  808.0  400.26  273.55
2453206.74075 15.4369  0.0046 5.61  889.0  400.26  273.55
2453209.66071 15.4380  0.0042 4.84  810.0  400.26  273.55
2453210.66076 15.4423  0.0042 4.08  934.0  400.26  273.55
2453211.63122 15.4391  0.0044 4.95  787.0  400.26  273.55
2453217.67541 15.4367  0.0047 4.05 1353.0  400.26  273.55
2453218.67372 15.4409  0.0052 5.13 1382.0  400.26  273.55
2453219.63754 15.4463  0.0053 5.62 1073.0  400.26  273.55
2453223.67491 15.4347  0.0053 6.28 1013.0  400.26  273.55
2453224.72298 15.4395  0.0047 4.44 1105.0  400.26  273.55
2453226.64595 15.4354  0.0053 6.62  806.0  400.26  273.55
2453228.62420 15.4382  0.0042 4.34  800.0  400.26  273.55
2453229.65669 15.4432  0.0044 4.51  815.0  400.26  273.55
2453230.69016 15.4388  0.0048 5.32  876.0  400.26  273.55
2453231.59417 15.4354  0.0043 4.56  925.0  400.26  273.55
2453238.64245 15.4321  0.0054 6.53  946.0  400.26  273.55
2453240.49463 15.4362  0.0046 4.38 1054.0  400.26  273.55
2453241.67729 15.4391  0.0055 4.85 1814.0  400.26  273.55
2453245.59041 15.4481  0.0053 5.65 1247.0  400.26  273.55
2453246.68416 15.4302  0.0055 6.06 1245.0  400.26  273.55
2453247.60332 15.4380  0.0052 5.60 1143.0  400.26  273.55
2453249.55081 15.4373  0.0049 5.38  978.0  400.26  273.55
2453250.68180 15.4397  0.0055 5.75 1402.0  400.26  273.55
2453256.66106 15.4340  0.0052 6.28  990.0  400.26  273.55
2453260.57080 15.4347  0.0046 4.75  908.0  400.26  273.55
2453265.50123 15.4449  0.0053 6.23 1035.0  400.26  273.55
2453267.55489 15.4367  0.0044 4.54 1147.0  400.26  273.55
2453272.61283 15.4306  0.0046 5.19 1070.0  400.26  273.55
2453275.50691 15.4397  0.0064 5.30 2595.0  400.26  273.55
2453279.54377 15.4393  0.0046 4.63 1036.0  400.26  273.55
2453282.50221 15.4407  0.0045 4.00 1015.0  400.26  273.55
2453288.56860 15.4452  0.0040 5.21  711.0  400.26  273.55
2453293.53922 15.4456  0.0031 5.13  439.0  400.26  273.55
2453295.54773 15.4535  0.0023 4.09  327.0  400.26  273.55
2453300.53302 15.4240  0.0053 5.01 1438.0  400.26  273.55
2453315.50001 15.4305  0.0074 7.14 1952.0  400.26  273.55
2453410.89047 15.4171  0.0058 5.26 2190.0  400.26  273.55
2453417.86836 15.4152  0.0038 4.32  787.0  400.26  273.55
2453422.89470 15.4224  0.0039 4.63  955.0  400.26  273.55
2453426.88583 15.4271  0.0042 4.47  993.0  400.26  273.55
2453429.87083 15.4211  0.0042 4.33 1035.0  400.26  273.55
2453442.91365 15.4282  0.0045 4.21 1345.0  400.26  273.55
2453445.82668 15.4316  0.0039 3.95  788.0  400.26  273.55
2453447.87700 15.4211  0.0040 4.05  874.0  400.26  273.55
2453449.89395 15.4289  0.0040 4.34  793.0  400.26  273.55
2453452.91109 15.4364  0.0041 4.00  899.0  400.26  273.55
2453453.78292 15.4267  0.0048 4.98 1321.0  400.26  273.55
2453455.85355 15.4179  0.0049 5.39 1177.0  400.26  273.55
2453456.86460 15.4331  0.0039 3.38 1014.0  400.26  273.55
2453457.78230 15.4170  0.0044 4.96 1045.0  400.26  273.55
2453458.82588 15.4247  0.0042 4.18 1046.0  400.26  273.55
2453458.86367 15.4265  0.0041 4.03 1064.0  400.26  273.55
2453459.80045 15.4204  0.0042 4.13 1125.0  400.26  273.55
2453467.90322 15.4207  0.0039 4.20  756.0  400.26  273.55
2453469.81286 15.4043  0.0037 3.72  786.0  400.26  273.55
2453470.85304 15.4276  0.0037 3.38  765.0  400.26  273.55
2453472.78424 15.4236  0.0038 3.92  814.0  400.26  273.55
2453473.87926 15.4184  0.0044 5.17  832.0  400.26  273.55
2453474.85166 15.4318  0.0040 4.24  781.0  400.26  273.55
2453475.91547 15.4160  0.0037 3.40  829.0  400.26  273.55
2453477.78822 15.4122  0.0041 4.45  822.0  400.26  273.55
2453478.90247 15.4197  0.0032 4.00  794.0  400.26  273.55
2453480.85445 15.4398  0.0041 4.96  757.0  400.26  273.55
2453481.85849 15.4168  0.0036 3.21  816.0  400.26  273.55
2453483.79875 15.4251  0.0039 3.91  951.0  400.26  273.55
2453496.75262 15.4192  0.0039 3.92  962.0  400.26  273.55
2453497.82039 15.4237  0.0043 4.67  913.0  400.26  273.55
2453499.74904 15.4177  0.0039 4.56  779.0  400.26  273.55
2453500.75362 15.4120  0.0040 4.04  857.0  400.26  273.55
2453501.86716 15.4506  0.0031 3.96  884.0  400.26  273.55
2453502.69991 15.4194  0.0037 3.76  856.0  400.26  273.55
2453503.71277 15.4146  0.0036 4.19  740.0  400.26  273.55
2453504.72714 15.4282  0.0039 5.78  693.0  400.26  273.55
2453506.81744 15.4156  0.0040 4.82  802.0  400.26  273.55
2453508.80929 15.4214  0.0042 4.67  887.0  400.26  273.55
2453509.71237 15.4223  0.0039 4.09  780.0  400.26  273.55
2453511.69907 15.4205  0.0044 5.16  922.0  400.26  273.55
2453512.76804 15.4223  0.0043 4.17 1138.0  400.26  273.55
2453517.80849 15.4133  0.0041 4.07 1127.0  400.26  273.55
2453520.84365 15.4091  0.0041 4.42  964.0  400.26  273.55
2453521.66282 15.4193  0.0035 3.99  685.0  400.26  273.55
2453522.77304 15.4133  0.0040 4.24  802.0  400.26  273.55
2453523.80775 15.4086  0.0038 3.85  837.0  400.26  273.55
2453524.79538 15.4131  0.0039 4.20  952.0  400.26  273.55
2453525.77508 15.4070  0.0038 3.65  762.0  400.26  273.55
2453526.86044 15.4074  0.0042 4.80  871.0  400.26  273.55
2453528.57901 15.4204  0.0042 4.46  978.0  400.26  273.55
2453530.80446 15.4094  0.0036 3.47  774.0  400.26  273.55
2453537.77226 15.3945  0.0038 4.66  745.0  400.26  273.55
2453538.70172 15.4009  0.0036 3.71  940.0  400.26  273.55
2453540.67567 15.4044  0.0038 3.65  937.0  400.26  273.55
2453544.75568 15.4182  0.0043 3.70 1461.0  400.26  273.55
2453546.87664 15.3986  0.0049 6.16 1125.0  400.26  273.55
2453547.83406 15.4095  0.0048 5.58 1065.0  400.26  273.55
2453550.66052 15.4116  0.0034 3.87  884.0  400.26  273.55
2453551.66481 15.4235  0.0029 3.34  778.0  400.26  273.55
2453552.69733 15.4076  0.0036 3.63  730.0  400.26  273.55
2453553.70002 15.4044  0.0046 5.84  852.0  400.26  273.55
2453554.69214 15.4158  0.0043 5.26  786.0  400.26  273.55
2453555.72629 15.3962  0.0041 4.95  809.0  400.26  273.55
2453556.74697 15.4002  0.0042 4.85  795.0  400.26  273.55
2453558.58277 15.3955  0.0040 4.45  846.0  400.26  273.55
2453558.86009 15.3948  0.0044 5.63  943.0  400.26  273.55
2453559.67864 15.4005  0.0039 4.38  744.0  400.26  273.55
2453560.63176 15.4100  0.0037 3.82  768.0  400.26  273.55
2453561.57208 15.4009  0.0039 3.71  913.0  400.26  273.55
2453561.83917 15.3929  0.0041 4.65  939.0  400.26  273.55
2453562.61624 15.3973  0.0040 4.63  800.0  400.26  273.55
2453562.83906 15.3934  0.0042 5.16 1001.0  400.26  273.55
2453563.66566 15.4083  0.0037 3.83  718.0  400.26  273.55
2453564.55922 15.4049  0.0044 5.47  848.0  400.26  273.55
2453569.61795 15.4021  0.0054 5.23 1786.0  400.26  273.55
2453573.68656 15.3994  0.0043 5.13 1060.0  400.26  273.55
2453573.71353 15.4015  0.0043 4.61 1123.0  400.26  273.55
2453574.71453 15.4063  0.0041 4.34 1001.0  400.26  273.55
2453575.65340 15.4043  0.0037 3.43  830.0  400.26  273.55
2453575.79856 15.4009  0.0044 4.96 1146.0  400.26  273.55
2453576.71583 15.3943  0.0044 5.26  893.0  400.26  273.55
2453577.76417 15.3927  0.0041 4.88  769.0  400.26  273.55
2453578.70081 15.3946  0.0037 4.18  712.0  400.26  273.55
2453579.64613 15.3946  0.0039 4.53  733.0  400.26  273.55
2453580.68267 15.4035  0.0040 4.76  753.0  400.26  273.55
2453581.69903 15.3965  0.0039 4.58  715.0  400.26  273.55
2453582.62484 15.3883  0.0040 4.67  682.0  400.26  273.55
2453583.66144 15.4142  0.0038 4.48  711.0  400.26  273.55
2453584.67020 15.3870  0.0040 5.03  712.0  400.26  273.55
2453585.66823 15.3960  0.0035 3.44  628.0  400.26  273.55
2453586.69964 15.3953  0.0036 3.79  748.0  400.26  273.55
2453588.75071 15.3877  0.0041 5.26  824.0  400.26  273.55
2453589.71203 15.3834  0.0038 4.46  765.0  400.26  273.55
2453590.70814 15.3879  0.0040 4.44  821.0  400.26  273.55
2453592.68089 15.4095  0.0037 3.75  734.0  400.26  273.55
2453597.66957 15.3856  0.0048 4.34 1810.0  400.26  273.55
2453601.68446 15.3862  0.0042 4.20 1181.0  400.26  273.55
2453602.68462 15.3962  0.0045 4.72 1275.0  400.26  273.55
2453603.66477 15.3858  0.0041 4.69  903.0  400.26  273.55
2453607.66325 15.3861  0.0040 4.84  756.0  400.26  273.55
2453608.67925 15.3956  0.0040 4.81  808.0  400.26  273.55
2453615.60650 15.3828  0.0038 4.45  746.0  400.26  273.55
2453618.61005 15.3918  0.0039 3.92  915.0  400.26  273.55
2453620.57326 15.3708  0.0036 3.69  769.0  400.26  273.55
2453628.57527 15.3815  0.0044 4.53 1269.0  400.26  273.55
2453630.58933 15.3928  0.0045 4.78 1171.0  400.26  273.55
2453632.61681 15.3643  0.0052 6.32 1327.0  400.26  273.55
2453634.52021 15.3845  0.0038 4.04  824.0  400.26  273.55
2453639.52601 15.3753  0.0036 3.39  879.0  400.26  273.55
2453641.57274 15.3700  0.0045 5.11 1091.0  400.26  273.55
2453644.53755 15.3691  0.0038 4.00  904.0  400.26  273.55
2453649.51816 15.3633  0.0036 4.38  826.0  400.26  273.55
2453651.57903 15.3791  0.0050 5.65 1306.0  400.26  273.55
2453654.56411 15.3703  0.0058 5.61 2305.0  400.26  273.55
2453655.54423 15.3877  0.0044 4.28 1220.0  400.26  273.55
2453657.53740 15.3920  0.0053 5.54 1333.0  400.26  273.55
2453659.53917 15.3751  0.0055 6.32 1367.0  400.26  273.55
2453662.54368 15.3761  0.0055 6.44 1446.0  400.26  273.55
2453665.51416 15.3748  0.0048 4.98 1230.0  400.26  273.55
2453777.84895 15.3240  0.0042 4.90 1281.0  400.26  273.55
2453782.88492 15.3224  0.0038 3.91 1076.0  400.26  273.55
2453785.84661 15.3161  0.0039 4.12 1113.0  400.26  273.55
2453787.86173 15.3264  0.0039 3.61 1192.0  400.26  273.55
2453791.83609 15.3169  0.0043 5.06 1127.0  400.26  273.55
2453793.88033 15.3187  0.0038 3.72 1022.0  400.26  273.55
2453795.86453 15.3263  0.0047 5.70 1133.0  400.26  273.55
2453796.89703 15.3110  0.0039 4.60  877.0  400.26  273.55
2453798.82786 15.3192  0.0037 3.85  936.0  400.26  273.55
2453799.87775 15.3329  0.0043 4.70 1118.0  400.26  273.55
2453801.83701 15.3196  0.0040 4.23  979.0  400.26  273.55
2453802.87138 15.3132  0.0038 3.69  922.0  400.26  273.55
2453804.78463 15.3084  0.0042 5.28  917.0  400.26  273.55
2453805.82317 15.3099  0.0039 4.19  929.0  400.26  273.55
2453806.81986 15.3159  0.0039 4.76  964.0  400.26  273.55
2453807.84408 15.3036  0.0040 4.29 1103.0  400.26  273.55
2453808.84776 15.3083  0.0040 4.42 1109.0  400.26  273.55
2453809.90463 15.3136  0.0037 3.50 1178.0  400.26  273.55
2453810.90068 15.3205  0.0039 4.02 1188.0  400.26  273.55
2453811.79122 15.3090  0.0044 5.13 1099.0  400.26  273.55
2453812.86872 15.2964  0.0041 4.42 1088.0  400.26  273.55
2453813.84845 15.3009  0.0038 3.94 1042.0  400.26  273.55
2453814.84733 15.2938  0.0037 3.39 1029.0  400.26  273.55
2453818.76496 15.3075  0.0039 4.21 1097.0  400.26  273.55
2453819.82867 15.3092  0.0035 3.59  786.0  400.26  273.55
2453820.79264 15.3093  0.0035 3.62  799.0  400.26  273.55
2453821.79586 15.2993  0.0036 3.97  836.0  400.26  273.55
2453822.83949 15.2963  0.0037 3.94  871.0  400.26  273.55
2453823.80044 15.3007  0.0036 3.83  829.0  400.26  273.55
2453824.78694 15.3055  0.0042 5.22  961.0  400.26  273.55
2453825.82651 15.3024  0.0039 4.74  876.0  400.26  273.55
2453826.78622 15.2926  0.0037 4.36  839.0  400.26  273.55
2453827.82670 15.2907  0.0035 3.97  740.0  400.26  273.55
2453828.80676 15.2899  0.0039 4.76  848.0  400.26  273.55
2453829.72541 15.2958  0.0042 5.81  915.0  400.26  273.55
2453830.76033 15.2851  0.0037 4.09  955.0  400.26  273.55
2453832.76643 15.2968  0.0037 4.22  819.0  400.26  273.55
2453833.79373 15.2869  0.0035 3.68  814.0  400.26  273.55
2453834.76561 15.2954  0.0036 3.94  907.0  400.26  273.55
2453835.75433 15.2948  0.0039 4.62  946.0  400.26  273.55
2453835.92491 15.2905  0.0038 3.49 1386.0  400.26  273.55
2453836.71577 15.2785  0.0043 5.47 1178.0  400.26  273.55
2453837.75646 15.2946  0.0038 4.09 1021.0  400.26  273.55
2453838.76440 15.2854  0.0042 4.81 1102.0  400.26  273.55
2453838.88186 15.2767  0.0038 4.11 1033.0  400.26  273.55
2453839.76031 15.2883  0.0039 4.18 1198.0  400.26  273.55
2453840.76345 15.2897  0.0040 4.43 1168.0  400.26  273.55
2453840.93118 15.2926  0.0044 3.74 2134.0  400.26  273.55
2453841.71869 15.2922  0.0042 5.12 1206.0  400.26  273.55
2453841.86865 15.2868  0.0037 3.24 1280.0  400.26  273.55
2453842.71026 15.2840  0.0057 4.48 4195.0  400.26  273.55
2453845.74020 15.2673  0.0062 5.66 2895.0  400.26  273.55
2453845.93379 15.2613  0.0062 5.94 2508.0  400.26  273.55
2453846.75107 15.2678  0.0036 4.05  875.0  400.26  273.55
2453846.87975 15.2743  0.0035 3.24  935.0  400.26  273.55
2453847.82409 15.2851  0.0042 5.27  971.0  400.26  273.55
2453848.77417 15.2748  0.0038 4.54  840.0  400.26  273.55
2453848.89288 15.2815  0.0044 5.18  990.0  400.26  273.55
2453849.77164 15.2843  0.0037 3.94  866.0  400.26  273.55
2453850.71623 15.2751  0.0038 4.54  894.0  400.26  273.55
2453850.88974 15.2735  0.0039 4.39 1006.0  400.26  273.55
2453851.73047 15.2765  0.0038 4.77  851.0  400.26  273.55
2453851.89523 15.2644  0.0038 4.43  912.0  400.26  273.55
2453852.71901 15.2672  0.0037 4.46  883.0  400.26  273.55
2453852.83987 15.2733  0.0038 4.55  877.0  400.26  273.55
2453852.92452 15.2763  0.0040 4.70  962.0  400.26  273.55
2453853.71098 15.2711  0.0034 3.88  780.0  400.26  273.55
2453853.87590 15.2711  0.0033 3.29  826.0  400.26  273.55
2453856.69761 15.2745  0.0036 4.33 1032.0  400.26  273.55
2453856.88803 15.2765  0.0035 3.83  964.0  400.26  273.55
2453858.73096 15.2650  0.0035 4.90  807.0  400.26  273.55
2453859.85182 15.2751  0.0036 3.82  920.0  400.26  273.55
2453860.69225 15.2600  0.0038 5.20  893.0  400.26  273.55
2453861.68964 15.2612  0.0038 4.66  958.0  400.26  273.55
2453861.79378 15.2654  0.0035 3.98  846.0  400.26  273.55
2453861.89153 15.2628  0.0035 3.66  957.0  400.26  273.55
2453862.67150 15.2695  0.0039 5.02 1028.0  400.26  273.55
2453862.88626 15.2580  0.0035 3.36 1110.0  400.26  273.55
2453863.68434 15.2564  0.0038 4.93  986.0  400.26  273.55
2453863.82816 15.2603  0.0035 3.52  851.0  400.26  273.55
2453863.90427 15.2675  0.0035 3.54  885.0  400.26  273.55
2453864.70119 15.2569  0.0036 3.86  960.0  400.26  273.55
2453864.88732 15.2542  0.0033 3.34  841.0  400.26  273.55
2453865.66107 15.2584  0.0038 4.47 1118.0  400.26  273.55
2453865.79672 15.2550  0.0037 4.20  960.0  400.26  273.55
2453865.87525 15.2675  0.0036 3.93  910.0  400.26  273.55
2453866.70658 15.2426  0.0035 3.66  957.0  400.26  273.55
2453866.84609 15.2524  0.0037 3.81  914.0  400.26  273.55
2453866.93214 15.2433  0.0035 3.25 1061.0  400.26  273.55
2453867.65251 15.2532  0.0041 4.37 1515.0  400.26  273.55
2453867.83737 15.2594  0.0038 3.62 1177.0  400.26  273.55
2453867.90820 15.2580  0.0037 3.49 1253.0  400.26  273.55
2453868.65984 15.2550  0.0042 4.51 1543.0  400.26  273.55
2453868.79985 15.2532  0.0038 3.75 1245.0  400.26  273.55
2453868.88409 15.2621  0.0040 4.05 1314.0  400.26  273.55
2453869.62655 15.2539  0.0042 4.39 1839.0  400.26  273.55
2453869.82137 15.2604  0.0041 3.74 1625.0  400.26  273.55
2453869.89382 15.2502  0.0040 3.51 1640.0  400.26  273.55
2453873.69218 15.2444  0.0037 3.94  920.0  400.26  273.55
2453873.83239 15.2388  0.0035 3.88  937.0  400.26  273.55
2453873.90346 15.2453  0.0036 3.96 1037.0  400.26  273.55
2453874.69513 15.2367  0.0040 5.37  830.0  400.26  273.55
2453874.86368 15.2386  0.0037 3.98  979.0  400.26  273.55
2453875.63183 15.2445  0.0035 4.35  801.0  400.26  273.55
2453875.77911 15.2536  0.0033 3.19  861.0  400.26  273.55
2453875.85679 15.2388  0.0034 3.65  913.0  400.26  273.55
2453876.65521 15.2454  0.0034 4.38  796.0  400.26  273.55
2453877.65972 15.2437  0.0034 4.03  766.0  400.26  273.55
2453877.80791 15.2459  0.0035 3.95  830.0  400.26  273.55
2453877.88171 15.2555  0.0037 4.26 1010.0  400.26  273.55
2453880.64424 15.2524  0.0030 4.75  747.0  400.26  273.55
2453880.86322 15.2357  0.0035 4.25  969.0  400.26  273.55
2453880.93681 15.2556  0.0039 4.92 1217.0  400.26  273.55
2453881.68350 15.2295  0.0036 3.99  916.0  400.26  273.55
2453881.82629 15.2284  0.0033 3.39  958.0  400.26  273.55
2453882.59562 15.2420  0.0039 5.03  953.0  400.26  273.55
2453882.79852 15.2460  0.0035 4.02  917.0  400.26  273.55
2453882.86871 15.2320  0.0034 3.66  949.0  400.26  273.55
2453883.66100 15.2244  0.0035 4.04  860.0  400.26  273.55
2453883.88829 15.2324  0.0034 3.47  902.0  400.26  273.55
2453886.62626 15.2310  0.0037 4.78  910.0  400.26  273.55
2453886.81579 15.2337  0.0033 3.36  764.0  400.26  273.55
2453886.88781 15.2258  0.0036 4.41  884.0  400.26  273.55
2453886.91386 15.2330  0.0037 4.64  885.0  400.26  273.55
2453887.59632 15.2189  0.0034 4.50  893.0  400.26  273.55
2453887.79897 15.2320  0.0035 4.04  856.0  400.26  273.55
2453887.82677 15.2277  0.0035 4.56  868.0  400.26  273.55
2453887.89886 15.2314  0.0038 4.65 1053.0  400.26  273.55
2453889.67880 15.2324  0.0033 3.50  799.0  400.26  273.55
2453890.56705 15.2204  0.0042 5.51 1158.0  400.26  273.55
2453891.70334 15.2225  0.0036 4.16  835.0  400.26  273.55
2453891.82035 15.2333  0.0035 3.91  893.0  400.26  273.55
2453891.90202 15.2157  0.0035 4.43  922.0  400.26  273.55
2453892.61376 15.2301  0.0039 5.30 1179.0  400.26  273.55
2453893.64517 15.2045  0.0036 4.35  887.0  400.26  273.55
2453893.89289 15.2195  0.0041 5.41 1039.0  400.26  273.55
2453894.69583 15.2181  0.0038 5.09  820.0  400.26  273.55
2453896.63956 15.2123  0.0041 5.04 1217.0  400.26  273.55
2453900.55491 15.2101  0.0042 5.00 1429.0  400.26  273.55
2453900.74127 15.2169  0.0036 3.57 1144.0  400.26  273.55
2453900.81667 15.2116  0.0037 3.71 1250.0  400.26  273.55
2453901.56872 15.2014  0.0040 5.43 1024.0  400.26  273.55
2453901.74353 15.2075  0.0040 5.22  933.0  400.26  273.55
2453901.82032 15.2049  0.0039 4.84 1120.0  400.26  273.55
2453901.89276 15.2081  0.0041 4.62 1789.0  400.26  273.55
2453902.58963 15.1908  0.0031 4.55  882.0  400.26  273.55
2453902.76702 15.2076  0.0036 4.08  970.0  400.26  273.55
2453902.89343 15.2052  0.0043 5.64 1218.0  400.26  273.55
2453903.67852 15.2026  0.0037 4.78  965.0  400.26  273.55
2453904.57268 15.1988  0.0033 3.99  840.0  400.26  273.55
2453904.73592 15.1954  0.0034 3.37  951.0  400.26  273.55
2453904.80491 15.2085  0.0034 3.54  870.0  400.26  273.55
2453904.85776 15.2004  0.0036 4.07  998.0  400.26  273.55
2453905.56959 15.2016  0.0033 3.76  851.0  400.26  273.55
2453905.74357 15.2069  0.0032 3.37  845.0  400.26  273.55
2453905.81620 15.1981  0.0031 3.09  867.0  400.26  273.55
2453905.88476 15.1988  0.0035 3.89 1153.0  400.26  273.55
2453906.50824 15.1896  0.0045 6.37 1304.0  400.26  273.55
2453906.67808 15.1954  0.0035 4.02  932.0  400.26  273.55
2453906.74751 15.2073  0.0034 4.15  850.0  400.26  273.55
2453906.82364 15.1890  0.0038 4.66  923.0  400.26  273.55
2453907.61470 15.1957  0.0035 4.53  839.0  400.26  273.55
2453907.80953 15.1847  0.0042 6.02 1024.0  400.26  273.55
2453907.88215 15.2091  0.0043 5.96 1114.0  400.26  273.55
2453908.55088 15.1939  0.0036 3.81 1242.0  400.26  273.55
2453908.74007 15.1993  0.0035 3.96  919.0  400.26  273.55
2453908.81663 15.1968  0.0034 3.88  832.0  400.26  273.55
2453909.55602 15.1929  0.0036 4.61  900.0  400.26  273.55
2453909.75045 15.1967  0.0032 3.63  707.0  400.26  273.55
2453909.83235 15.1843  0.0034 4.09  833.0  400.26  273.55
2453910.60478 15.1775  0.0034 4.04  845.0  400.26  273.55
2453912.55516 15.1922  0.0031 3.19  882.0  400.26  273.55
2453912.75106 15.1801  0.0031 3.30  710.0  400.26  273.55
2453912.83981 15.1945  0.0033 3.66  809.0  400.26  273.55
2453913.55292 15.1955  0.0031 3.25  848.0  400.26  273.55
2453913.75513 15.1964  0.0037 4.82  906.0  400.26  273.55
2453913.84493 15.1844  0.0033 3.78  853.0  400.26  273.55
2453914.57039 15.1789  0.0035 4.37  909.0  400.26  273.55
2453915.55095 15.1859  0.0040 5.52  979.0  400.26  273.55
2453915.75423 15.1703  0.0031 4.16  725.0  400.26  273.55
2453915.85122 15.1749  0.0036 4.92  859.0  400.26  273.55
2453916.59874 15.1680  0.0038 5.81  844.0  400.26  273.55
2453916.77140 15.1747  0.0037 5.39  867.0  400.26  273.55
2453917.63875 15.1810  0.0037 4.77  906.0  400.26  273.55
2453917.85341 15.1668  0.0038 5.27 1060.0  400.26  273.55
2453918.63224 15.1820  0.0034 4.07  897.0  400.26  273.55
2453918.66393 15.1816  0.0033 3.68  852.0  400.26  273.55
2453918.84194 15.1784  0.0039 5.35  964.0  400.26  273.55
2453919.56708 15.1631  0.0034 4.47 1016.0  400.26  273.55
2453919.81153 15.1833  0.0032 5.46  858.0  400.26  273.55
2453920.53670 15.1730  0.0034 3.84  885.0  400.26  273.55
2453920.73301 15.1660  0.0037 5.02  903.0  400.26  273.55
2453920.81175 15.1773  0.0033 3.58  929.0  400.26  273.55
2453921.52971 15.1604  0.0037 3.93 1071.0  400.26  273.55
2453921.74022 15.1708  0.0042 5.77  970.0  400.26  273.55
2453922.73664 15.1558  0.0038 5.55  958.0  400.26  273.55
2453930.58427 15.1510  0.0033 3.64 1218.0  400.26  273.55
2453930.80801 15.1463  0.0044 6.17 1785.0  400.26  273.55
2453931.53532 15.1621  0.0037 4.43 1029.0  400.26  273.55
2453931.65867 15.1598  0.0036 4.45  913.0  400.26  273.55
2453932.54719 15.1561  0.0036 4.74 1081.0  400.26  273.55
2453933.53614 15.1506  0.0032 3.65  963.0  400.26  273.55
2453933.71749 15.1468  0.0032 4.06  957.0  400.26  273.55
2453933.79304 15.1483  0.0033 4.27 1032.0  400.26  273.55
2453934.50690 15.1365  0.0034 4.09 1007.0  400.26  273.55
2453934.63029 15.1432  0.0032 3.90  807.0  400.26  273.55
2453934.70072 15.1581  0.0033 3.78  783.0  400.26  273.55
2453934.76978 15.1526  0.0032 3.72  821.0  400.26  273.55
2453935.55676 15.1476  0.0035 4.48  876.0  400.26  273.55
2453935.72808 15.1546  0.0037 5.44  879.0  400.26  273.55
2453935.77983 15.1491  0.0035 4.71  902.0  400.26  273.55
2453936.51035 15.1371  0.0037 4.69  939.0  400.26  273.55
2453936.67568 15.1479  0.0034 3.97  891.0  400.26  273.55
2453936.75318 15.1437  0.0036 4.05 1089.0  400.26  273.55
2453937.57842 15.1475  0.0036 4.67  823.0  400.26  273.55
2453938.51788 15.1352  0.0038 5.34 1009.0  400.26  273.55
2453938.71953 15.1395  0.0034 5.14  823.0  400.26  273.55
2453938.76871 15.1459  0.0038 5.64  877.0  400.26  273.55
2453940.62087 15.1378  0.0029 3.41  810.0  400.26  273.55
2453941.66230 15.1355  0.0038 6.43  790.0  400.26  273.55
2453944.57437 15.1289  0.0027 4.29  745.0  400.26  273.55
2453945.52316 15.1356  0.0038 5.59  935.0  400.26  273.55
2453945.71127 15.1285  0.0036 4.82  898.0  400.26  273.55
2453946.53349 15.1273  0.0039 5.78  937.0  400.26  273.55
2453946.72289 15.1341  0.0034 4.99  767.0  400.26  273.55
2453950.54158 15.1306  0.0032 4.14  779.0  400.26  273.55
2453950.76108 15.1259  0.0035 5.33  859.0  400.26  273.55
2453951.53782 15.1239  0.0035 4.36  901.0  400.26  273.55
2453956.58419 15.1065  0.0039 5.29 1174.0  400.26  273.55
2453957.52508 15.1096  0.0037 5.17 1058.0  400.26  273.55
2453958.59787 15.1161  0.0035 4.32 1063.0  400.26  273.55
2453959.53779 15.1192  0.0034 4.44  895.0  400.26  273.55
2453959.70216 15.1062  0.0037 5.44 1035.0  400.26  273.55
2453960.51578 15.1119  0.0032 3.82  832.0  400.26  273.55
2453960.69569 15.1088  0.0031 3.43  976.0  400.26  273.55
2453961.59086 15.0968  0.0039 5.63 1029.0  400.26  273.55
2453963.47744 15.0969  0.0038 5.55 1017.0  400.26  273.55
2453963.65196 15.1059  0.0033 4.38  890.0  400.26  273.55
2453963.72529 15.1103  0.0038 6.32  911.0  400.26  273.55
2453964.54714 15.0922  0.0032 3.87  880.0  400.26  273.55
2453965.53364 15.0977  0.0031 3.35  800.0  400.26  273.55
2453965.72674 15.0952  0.0032 4.79  865.0  400.26  273.55
2453966.52870 15.1010  0.0032 3.65  898.0  400.26  273.55
2453966.71049 15.0876  0.0035 5.52  860.0  400.26  273.55
2453967.55243 15.0905  0.0037 5.91  875.0  400.26  273.55
2453968.51520 15.0889  0.0034 4.38 1039.0  400.26  273.55
2453968.68671 15.0822  0.0033 4.66  900.0  400.26  273.55
2453969.51911 15.0983  0.0035 5.35  847.0  400.26  273.55
2453969.69769 15.0961  0.0037 6.02  840.0  400.26  273.55
2453970.53098 15.0930  0.0036 5.21  837.0  400.26  273.55
2453970.71083 15.0811  0.0033 4.91  862.0  400.26  273.55
2453971.57075 15.0920  0.0038 5.66  846.0  400.26  273.55
2453973.59587 15.0889  0.0034 5.37  770.0  400.26  273.55
2453974.52570 15.0831  0.0036 5.33  861.0  400.26  273.55
2453975.52820 15.0851  0.0032 4.19  835.0  400.26  273.55
2453976.52296 15.0802  0.0031 3.95  868.0  400.26  273.55
2453979.53276 15.0802  0.0047 6.03 1846.0  400.26  273.55
2453982.59993 15.0626  0.0033 3.89 1201.0  400.26  273.55
2453986.59992 15.0580  0.0037 5.10 1121.0  400.26  273.55
2453987.52233 15.0642  0.0034 4.91  998.0  400.26  273.55
2453988.53516 15.0676  0.0030 3.40  831.0  400.26  273.55
2453989.59684 15.0602  0.0037 5.35  975.0  400.26  273.55
2453990.63912 15.0582  0.0035 5.41  986.0  400.26  273.55
2453994.49185 15.0569  0.0037 5.49 1004.0  400.26  273.55
2453995.58945 15.0549  0.0033 4.42  916.0  400.26  273.55
2453999.62699 15.0466  0.0034 5.23 1045.0  400.26  273.55
2454000.53406 15.0472  0.0032 5.14  918.0  400.26  273.55
2454001.52379 15.0484  0.0034 4.48 1073.0  400.26  273.55
2454002.52043 15.0486  0.0033 4.74  911.0  400.26  273.55
2454004.54342 15.0403  0.0032 4.10  986.0  400.26  273.55
2454005.54614 15.0498  0.0035 4.55  985.0  400.26  273.55
2454006.54072 15.0435  0.0032 3.92  918.0  400.26  273.55
2454012.51649 15.0481  0.0037 5.86 1068.0  400.26  273.55
2454016.55140 15.0439  0.0043 6.35 1207.0  400.26  273.55
2454018.57102 15.0134  0.0036 5.12 1080.0  400.26  273.55
2454020.56591 15.0200  0.0033 6.88  931.0  400.26  273.55
2454023.57512 15.0511  0.0041 6.10 1503.0  400.26  273.55
2454026.49821 15.0360  0.0029 4.72  921.0  400.26  273.55
2454028.51425 15.0327  0.0035 4.81 1059.0  400.26  273.55
2454031.51438 15.0380  0.0036 5.29 1103.0  400.26  273.55
2454038.51955 15.0213  0.0036 5.22 1101.0  400.26  273.55
2454041.51867 15.0154  0.0040 5.58 1534.0  400.26  273.55
2454142.86980 15.0518  0.0045 6.23 1541.0  400.26  273.55
2454151.87498 15.0777  0.0041 5.24 1036.0  400.26  273.55
2454153.89694 15.0723  0.0039 3.82 1422.0  400.26  273.55
2454156.87546 15.0714  0.0041 4.77 1075.0  400.26  273.55
2454158.90363 15.0727  0.0041 3.81 1408.0  400.26  273.55
2454161.86299 15.0820  0.0040 4.28 1317.0  400.26  273.55
2454163.84581 15.0795  0.0040 3.79 1534.0  400.26  273.55
2454165.83578 15.0725  0.0042 4.69 2011.0  400.26  273.55
2454168.82788 15.0724  0.0042 4.24 1458.0  400.26  273.55
2454170.83219 15.0810  0.0039 3.47 1420.0  400.26  273.55
2454175.86525 15.0911  0.0035 5.00  942.0  400.26  273.55
2454177.76755 15.0874  0.0039 4.86 1006.0  400.26  273.55
2454178.82650 15.1007  0.0038 3.87  986.0  400.26  273.55
2454179.86637 15.0925  0.0037 3.50 1027.0  400.26  273.55
2454181.80279 15.0875  0.0038 4.44  967.0  400.26  273.55
2454182.85136 15.0972  0.0037 3.44  925.0  400.26  273.55
2454183.88386 15.0994  0.0039 4.24 1035.0  400.26  273.55
2454185.76034 15.1012  0.0042 5.57 1022.0  400.26  273.55
2454185.82386 15.0988  0.0039 4.36  922.0  400.26  273.55
2454185.87780 15.0956  0.0038 3.98  941.0  400.26  273.55
2454185.91220 15.0965  0.0038 3.70  999.0  400.26  273.55
2454186.90824 15.0988  0.0043 5.70  983.0  400.26  273.55
2454187.87793 15.1065  0.0044 6.36  881.0  400.26  273.55
2454189.81000 15.0934  0.0045 6.17 1081.0  400.26  273.55
2454189.85255 15.1015  0.0041 5.01  968.0  400.26  273.55
2454189.86742 15.0894  0.0044 5.91 1023.0  400.26  273.55
2454189.88199 15.1073  0.0040 4.83  986.0  400.26  273.55
2454189.90292 15.1060  0.0044 5.58 1043.0  400.26  273.55
2454189.91913 15.1070  0.0045 5.30 1267.0  400.26  273.55
2454190.74416 15.1035  0.0045 5.88 1251.0  400.26  273.55
2454190.79893 15.1018  0.0041 4.81 1113.0  400.26  273.55
2454190.91998 15.1023  0.0039 3.93 1145.0  400.26  273.55
2454191.77019 15.0993  0.0043 5.26 1277.0  400.26  273.55
2454191.89937 15.1033  0.0042 5.02 1083.0  400.26  273.55
2454192.78284 15.1027  0.0043 5.13 1261.0  400.26  273.55
2454192.82117 15.1067  0.0044 5.45 1174.0  400.26  273.55
2454193.78192 15.1147  0.0045 5.39 1380.0  400.26  273.55
2454194.80477 15.1084  0.0038 3.90 1118.0  400.26  273.55
2454196.79478 15.1029  0.0040 4.30 1213.0  400.26  273.55
2454202.77640 15.1120  0.0037 3.62 1052.0  400.26  273.55
2454203.76420 15.1049  0.0037 3.67  941.0  400.26  273.55
2454204.75654 15.1119  0.0040 4.59 1065.0  400.26  273.55
2454205.75476 15.1131  0.0038 4.23  875.0  400.26  273.55
2454205.90615 15.1221  0.0038 3.70 1052.0  400.26  273.55
2454207.74601 15.1177  0.0041 4.72 1046.0  400.26  273.55
2454208.69995 15.1252  0.0040 4.47 1063.0  400.26  273.55
2454211.81126 15.1144  0.0039 5.45  917.0  400.26  273.55
2454212.84081 15.1218  0.0045 5.84  991.0  400.26  273.55
2454213.74888 15.1197  0.0039 4.60  957.0  400.26  273.55
2454215.76190 15.1204  0.0045 5.88 1027.0  400.26  273.55
2454216.71975 15.1196  0.0038 4.12 1003.0  400.26  273.55
2454216.83178 15.1216  0.0040 4.46  965.0  400.26  273.55
2454216.93020 15.1299  0.0045 5.48 1236.0  400.26  273.55
2454217.70172 15.1248  0.0038 3.82 1105.0  400.26  273.55
2454217.72726 15.1243  0.0037 3.71 1016.0  400.26  273.55
2454217.81207 15.1278  0.0035 3.06  899.0  400.26  273.55
2454217.84819 15.1319  0.0035 3.12  922.0  400.26  273.55
2454217.88858 15.1325  0.0036 3.22  962.0  400.26  273.55
2454217.92214 15.1237  0.0037 3.35 1081.0  400.26  273.55
2454218.70139 15.1254  0.0045 5.76 1123.0  400.26  273.55
2454218.77704 15.1266  0.0043 5.20 1022.0  400.26  273.55
2454218.82986 15.1266  0.0044 5.59 1020.0  400.26  273.55
2454218.89453 15.1262  0.0038 3.83 1024.0  400.26  273.55
2454218.92940 15.1248  0.0041 4.05 1340.0  400.26  273.55
2454219.70803 15.1298  0.0049 6.97 1096.0  400.26  273.55
2454219.71445 15.1270  0.0047 6.55 1076.0  400.26  273.55
2454219.71750 15.1194  0.0046 6.27 1064.0  400.26  273.55
2454219.72410 15.1348  0.0045 5.81 1041.0  400.26  273.55
2454219.74742 15.1303  0.0041 4.88  992.0  400.26  273.55
2454219.76079 15.1227  0.0043 5.40 1015.0  400.26  273.55
2454219.77191 15.1303  0.0042 5.24 1008.0  400.26  273.55
2454219.78019 15.1314  0.0042 4.99 1006.0  400.26  273.55
2454219.78428 15.1319  0.0043 5.30 1013.0  400.26  273.55
2454219.79551 15.1264  0.0040 4.32  993.0  400.26  273.55
2454219.80643 15.1185  0.0038 3.81  977.0  400.26  273.55
2454219.82433 15.1241  0.0040 4.44 1017.0  400.26  273.55
2454219.83864 15.1354  0.0041 4.57 1041.0  400.26  273.55
2454219.85574 15.1350  0.0041 4.82 1042.0  400.26  273.55
2454219.86855 15.1258  0.0042 5.09 1049.0  400.26  273.55
2454219.87965 15.1333  0.0042 5.08 1025.0  400.26  273.55
2454219.89074 15.1351  0.0044 5.69 1064.0  400.26  273.55
2454219.90200 15.1231  0.0045 5.96 1095.0  400.26  273.55
2454219.91305 15.1402  0.0044 5.37 1103.0  400.26  273.55
2454219.92692 15.1265  0.0044 5.27 1231.0  400.26  273.55
2454219.93792 15.1451  0.0067 5.41 4398.0  400.26  273.55
2454220.65396 15.1339  0.0047 5.97 1385.0  400.26  273.55
2454220.66113 15.1358  0.0051 6.77 1351.0  400.26  273.55
2454220.67315 15.1268  0.0044 5.48 1228.0  400.26  273.55
2454220.68409 15.1255  0.0043 5.34 1183.0  400.26  273.55
2454220.69727 15.1319  0.0044 5.44 1144.0  400.26  273.55
2454220.70824 15.1258  0.0042 5.05 1098.0  400.26  273.55
2454220.71951 15.1261  0.0043 5.22 1111.0  400.26  273.55
2454220.73153 15.1304  0.0041 4.69 1082.0  400.26  273.55
2454220.74270 15.1310  0.0040 4.44 1076.0  400.26  273.55
2454220.75698 15.1258  0.0041 4.69 1061.0  400.26  273.55
2454220.76835 15.1110  0.0039 4.15 1062.0  400.26  273.55
2454220.77971 15.1385  0.0039 3.90 1054.0  400.26  273.55
2454220.79096 15.1324  0.0040 4.26 1052.0  400.26  273.55
2454220.80275 15.1244  0.0041 4.44 1074.0  400.26  273.55
2454220.81378 15.1362  0.0040 4.17 1131.0  400.26  273.55
2454220.82486 15.1277  0.0043 4.68 1178.0  400.26  273.55
2454220.83595 15.1248  0.0043 4.87 1156.0  400.26  273.55
2454220.84773 15.1353  0.0042 4.76 1168.0  400.26  273.55
2454220.85878 15.1308  0.0044 5.12 1202.0  400.26  273.55
2454220.86999 15.1372  0.0045 5.29 1223.0  400.26  273.55
2454220.88574 15.1221  0.0046 5.31 1235.0  400.26  273.55
2454220.89685 15.1421  0.0045 5.38 1174.0  400.26  273.55
2454220.90790 15.1288  0.0047 5.91 1146.0  400.26  273.55
2454220.91896 15.1303  0.0046 5.80 1154.0  400.26  273.55
2454220.92794 15.1320  0.0049 6.33 1286.0  400.26  273.55
2454220.93416 15.1255  0.0054 5.88 2112.0  400.26  273.55
2454221.64168 15.1130  0.0053 6.96 1569.0  400.26  273.55
2454221.64997 15.1391  0.0038 6.94  753.0  400.26  273.55
2454221.65351 15.1335  0.0036 6.44  745.0  400.26  273.55
2454221.65914 15.1337  0.0033 5.90  717.0  400.26  273.55
2454221.66739 15.1306  0.0032 5.43  684.0  400.26  273.55
2454221.67326 15.1371  0.0031 5.18  659.0  400.26  273.55
2454221.67885 15.1259  0.0030 4.88  654.0  400.26  273.55
2454221.68461 15.1244  0.0031 5.23  658.0  400.26  273.55
2454221.70767 15.1300  0.0030 4.82  653.0  400.26  273.55
2454221.71352 15.1334  0.0030 5.17  653.0  400.26  273.55
2454221.71843 15.1336  0.0027 5.32  498.0  400.26  273.55
2454221.72302 15.1325  0.0027 5.32  497.0  400.26  273.55
2454221.72765 15.1343  0.0028 5.52  495.0  400.26  273.55
2454221.73225 15.1269  0.0027 4.87  521.0  400.26  273.55
2454221.73750 15.1380  0.0026 4.75  489.0  400.26  273.55
2454221.74007 15.1437  0.0024 4.95  402.0  400.26  273.55
2454221.74494 15.1339  0.0021 4.39  339.0  400.26  273.55
2454221.74729 15.1369  0.0021 4.60  334.0  400.26  273.55
2454221.75134 15.1386  0.0021 4.65  314.0  400.26  273.55
2454221.75537 15.1527  0.0021 4.57  311.0  400.26  273.55
2454221.75949 15.1329  0.0021 4.81  337.0  400.26  273.55
2454221.76362 15.1378  0.0021 4.22  538.0  400.26  273.55
2454221.76772 15.1417  0.0021 4.04  524.0  400.26  273.55
2454221.77212 15.1246  0.0021 4.22  470.0  400.26  273.55
2454221.77376 15.1333  0.0022 4.70  366.0  400.26  273.55
2454221.77549 15.1365  0.0021 4.28  461.0  400.26  273.55
2454221.77959 15.1325  0.0020 4.20  347.0  400.26  273.55
2454221.78131 15.1374  0.0024 4.62  784.0  400.26  273.55
2454221.78303 15.1398  0.0020 4.19  295.0  400.26  273.55
2454221.78727 15.1313  0.0024 4.10 1084.0  400.26  273.55
2454221.78891 15.1437  0.0021 4.16  586.0  400.26  273.55
2454221.79064 15.1279  0.0024 4.28  914.0  400.26  273.55
2454221.79475 15.1099  0.0020 4.24  443.0  400.26  273.55
2454221.79647 15.1214  0.0020 4.07  498.0  400.26  273.55
2454221.79819 15.1332  0.0020 3.85  305.0  400.26  273.55
2454221.80267 15.1207  0.0019 3.52  285.0  400.26  273.55
2454221.80433 15.1359  0.0019 3.84  286.0  400.26  273.55
2454221.80606 15.1327  0.0020 4.46  289.0  400.26  273.55
2454221.81020 15.1271  0.0019 3.98  276.0  400.26  273.55
2454221.81186 15.1291  0.0019 3.93  281.0  400.26  273.55
2454221.81357 15.1355  0.0019 4.00  279.0  400.26  273.55
2454221.81827 15.1207  0.0018 4.02  233.0  400.26  273.55
2454221.82044 15.1308  0.0016 4.32  188.0  400.26  273.55
2454221.82270 15.1402  0.0016 3.98  184.0  400.26  273.55
2454221.82426 15.1209  0.0016 4.20  189.0  400.26  273.55
2454221.82586 15.1454  0.0016 3.98  190.0  400.26  273.55
2454221.82747 15.1203  0.0016 4.25  189.0  400.26  273.55
2454221.82907 15.1139  0.0016 4.14  189.0  400.26  273.55
2454221.83283 15.1090  0.0017 4.08  500.0  400.26  273.55
2454221.83444 15.1110  0.0016 3.68  274.0  400.26  273.55
2454221.83600 15.1445  0.0016 3.58  378.0  400.26  273.55
2454221.83761 15.1588  0.0019 3.93  673.0  400.26  273.55
2454221.83924 15.1107  0.0018 4.38  452.0  400.26  273.55
2454221.84322 15.1095  0.0017 3.92  501.0  400.26  273.55
2454221.84554 15.1359  0.0016 3.65  258.0  400.26  273.55
2454221.84715 15.1290  0.0016 3.68  334.0  400.26  273.55
2454221.84876 15.1372  0.0017 4.18  289.0  400.26  273.55
2454221.85037 15.1475  0.0018 4.31  437.0  400.26  273.55
2454221.85409 15.1465  0.0018 4.41  299.0  400.26  273.55
2454221.85570 15.1389  0.0016 4.04  250.0  400.26  273.55
2454221.85732 15.1366  0.0017 4.75  221.0  400.26  273.55
2454221.85884 15.1172  0.0017 4.22  406.0  400.26  273.55
2454221.86047 15.1367  0.0017 4.36  218.0  400.26  273.55
2454221.86439 15.1318  0.0016 3.77  364.0  400.26  273.55
2454221.86600 15.1256  0.0016 3.96  257.0  400.26  273.55
2454221.86761 15.1315  0.0017 4.06  281.0  400.26  273.55
2454221.86923 15.1307  0.0018 4.74  216.0  400.26  273.55
2454221.87082 15.1239  0.0017 4.75  214.0  400.26  273.55
2454221.87459 15.1295  0.0017 4.55  207.0  400.26  273.55
2454221.87622 15.1173  0.0017 4.63  204.0  400.26  273.55
2454221.87786 15.1372  0.0016 3.77  204.0  400.26  273.55
2454221.87947 15.1320  0.0017 4.68  205.0  400.26  273.55
2454221.88106 15.1297  0.0016 3.96  205.0  400.26  273.55
2454221.88524 15.1301  0.0014 3.92  156.0  400.26  273.55
2454221.88710 15.1242  0.0014 4.18  154.0  400.26  273.55
2454221.88859 15.1308  0.0014 3.80  154.0  400.26  273.55
2454221.89009 15.1444  0.0015 4.90  156.0  400.26  273.55
2454221.89164 15.1314  0.0015 4.74  154.0  400.26  273.55
2454221.89318 15.1550  0.0016 5.01  160.0  400.26  273.55
2454221.89465 15.1304  0.0015 4.67  153.0  400.26  273.55
2454221.89843 15.1384  0.0016 4.78  160.0  400.26  273.55
2454221.89997 15.1299  0.0014 4.13  155.0  400.26  273.55
2454221.90153 15.1381  0.0015 4.67  159.0  400.26  273.55
2454221.90307 15.1394  0.0015 4.25  154.0  400.26  273.55
2454221.90464 15.1422  0.0015 4.65  158.0  400.26  273.55
2454221.90611 15.1325  0.0016 5.33  160.0  400.26  273.55
2454221.90984 15.1154  0.0015 4.88  158.0  400.26  273.55
2454221.91138 15.1272  0.0015 4.45  156.0  400.26  273.55
2454221.91288 15.1383  0.0014 4.05  157.0  400.26  273.55
2454221.91443 15.1190  0.0015 4.65  156.0  400.26  273.55
2454221.91598 15.1543  0.0015 4.40  160.0  400.26  273.55
2454221.91752 15.1280  0.0015 4.75  161.0  400.26  273.55
2454221.92143 15.1339  0.0015 4.59  160.0  400.26  273.55
2454221.92290 15.1159  0.0016 5.26  162.0  400.26  273.55
2454221.92444 15.1279  0.0015 5.04  158.0  400.26  273.55
2454221.92598 15.1366  0.0015 4.58  160.0  400.26  273.55
2454221.92754 15.1366  0.0015 4.82  164.0  400.26  273.55
2454221.92908 15.1221  0.0015 4.64  167.0  400.26  273.55
2454221.93301 15.1500  0.0015 3.93  209.0  400.26  273.55
2454221.93449 15.1348  0.0018 5.34  248.0  400.26  273.55
2454221.93603 15.1510  0.0019 5.29  306.0  400.26  273.55
2454221.93779 15.1466  0.0019 4.79  408.0  400.26  273.55
2454221.93933 15.1498  0.0021 4.56  531.0  400.26  273.55
2454221.94089 15.1263  0.0025 5.29  730.0  400.26  273.55
2454221.94283 15.0900  0.0027 4.61 1130.0  400.26  273.55
2454221.94430 15.0950  0.0030 4.50 1633.0  400.26  273.55
2454221.94584 15.0978  0.0036 4.31 2549.0  400.26  273.55
2454221.94771 15.1434  0.0058 5.15 4751.0  400.26  273.55
2454222.65511 15.1377  0.0050 6.02 1657.0  400.26  273.55
2454222.65993 15.1304  0.0051 6.16 1624.0  400.26  273.55
2454222.66874 15.1245  0.0048 5.77 1555.0  400.26  273.55
2454222.67699 15.1310  0.0047 5.56 1492.0  400.26  273.55
2454222.69131 15.1293  0.0043 4.63 1412.0  400.26  273.55
2454222.70313 15.1365  0.0042 4.42 1370.0  400.26  273.55
2454222.71411 15.1337  0.0041 4.30 1361.0  400.26  273.55
2454222.73410 15.1311  0.0041 4.24 1342.0  400.26  273.55
2454222.74825 15.1348  0.0039 3.72 1297.0  400.26  273.55
2454222.76209 15.1355  0.0041 3.96 1295.0  400.26  273.55
2454222.77962 15.0207  0.0039 4.25 1299.0  400.26  273.55
2454222.79913 15.1305  0.0039 3.72 1262.0  400.26  273.55
2454222.81984 15.1301  0.0039 3.61 1244.0  400.26  273.55
2454222.83647 15.1328  0.0038 3.41 1227.0  400.26  273.55
2454222.85407 15.1358  0.0039 3.60 1281.0  400.26  273.55
2454222.87068 15.1332  0.0040 3.71 1293.0  400.26  273.55
2454222.88212 15.1297  0.0039 3.54 1282.0  400.26  273.55
2454222.89350 15.1300  0.0040 3.93 1307.0  400.26  273.55
2454222.90719 15.1349  0.0041 3.98 1347.0  400.26  273.55
2454222.91899 15.1274  0.0040 3.72 1380.0  400.26  273.55
2454222.92788 15.1381  0.0039 3.48 1443.0  400.26  273.55
2454223.65926 15.1258  0.0052 4.25 4397.0  400.26  273.55
2454223.66361 15.1348  0.0045 4.46 1897.0  400.26  273.55
2454223.73998 15.1344  0.0042 3.71 1963.0  400.26  273.55
2454224.74785 15.1337  0.0046 4.52 1965.0  400.26  273.55
2454224.80499 15.1340  0.0043 4.30 1455.0  400.26  273.55
2454224.86990 15.1361  0.0044 4.48 1594.0  400.26  273.55
2454227.84928 15.1421  0.0039 4.11 1306.0  400.26  273.55
2454227.90345 15.1344  0.0042 4.03 1616.0  400.26  273.55
2454227.91344 15.1338  0.0041 4.09 1518.0  400.26  273.55
2454227.92307 15.1340  0.0043 4.40 1577.0  400.26  273.55
2454228.64768 15.1431  0.0044 4.91 1421.0  400.26  273.55
2454228.69737 15.1399  0.0039 3.93 1198.0  400.26  273.55
2454229.69095 15.1403  0.0044 5.35 1137.0  400.26  273.55
2454229.88787 15.1417  0.0039 3.96 1183.0  400.26  273.55
2454230.63913 15.1439  0.0042 4.91 1088.0  400.26  273.55
2454230.82714 15.1394  0.0039 4.11  985.0  400.26  273.55
2454230.88880 15.1337  0.0042 4.72 1183.0  400.26  273.55
2454231.66310 15.1444  0.0038 5.57 1079.0  400.26  273.55
2454231.71416 15.1391  0.0036 4.46 1017.0  400.26  273.55
2454231.86924 15.1453  0.0042 4.71 1111.0  400.26  273.55
2454232.64930 15.1419  0.0040 5.93 1240.0  400.26  273.55
2454232.77587 15.1511  0.0042 4.91 1143.0  400.26  273.55
2454232.91344 15.1514  0.0042 4.78 1119.0  400.26  273.55
2454233.84359 15.1448  0.0039 4.79 1179.0  400.26  273.55
2454234.77387 15.1499  0.0040 4.20 1058.0  400.26  273.55
2454234.89346 15.1471  0.0042 4.92 1205.0  400.26  273.55
2454235.68751 15.1393  0.0038 3.54 1143.0  400.26  273.55
2454235.74499 15.1520  0.0038 3.41 1125.0  400.26  273.55
2454235.84854 15.1459  0.0039 3.76 1006.0  400.26  273.55
2454235.91066 15.1448  0.0040 4.18 1123.0  400.26  273.55
2454237.61402 15.1506  0.0045 5.80 1170.0  400.26  273.55
2454238.68540 15.1453  0.0041 5.02 1058.0  400.26  273.55
2454238.89487 15.1507  0.0043 4.59 1336.0  400.26  273.55
2454239.65725 15.1453  0.0039 4.35 1016.0  400.26  273.55
2454240.69694 15.1467  0.0039 4.32  993.0  400.26  273.55
2454240.84770 15.1486  0.0041 4.68 1069.0  400.26  273.55
2454243.66257 15.1583  0.0043 5.06 1045.0  400.26  273.55
2454243.75599 15.1527  0.0042 4.78 1057.0  400.26  273.55
2454243.84886 15.1491  0.0045 5.65 1095.0  400.26  273.55
2454244.63474 15.1559  0.0046 5.66 1160.0  400.26  273.55
2454244.73115 15.1591  0.0040 3.97 1041.0  400.26  273.55
2454244.82373 15.1628  0.0039 3.71 1092.0  400.26  273.55
2454245.62784 15.1560  0.0040 4.56  940.0  400.26  273.55
2454245.72214 15.1621  0.0039 4.04  872.0  400.26  273.55
2454245.81762 15.1577  0.0038 3.82  918.0  400.26  273.55
2454245.86812 15.1563  0.0044 5.52 1048.0  400.26  273.55
2454246.68656 15.1519  0.0040 4.37 1042.0  400.26  273.55
2454246.77964 15.1600  0.0041 4.45 1036.0  400.26  273.55
2454246.87230 15.1624  0.0042 4.46 1258.0  400.26  273.55
2454247.70155 15.1658  0.0040 4.28 1060.0  400.26  273.55
2454250.74961 15.1558  0.0041 3.97 1294.0  400.26  273.55
2454250.93952 15.1669  0.0037 5.09 1052.0  400.26  273.55
2454251.82120 15.1618  0.0056 6.24 1956.0  400.26  273.55
2454256.63736 15.1709  0.0050 6.54 1248.0  400.26  273.55
2454256.78333 15.1644  0.0047 5.88 1234.0  400.26  273.55
2454257.66895 15.1714  0.0044 5.13 1075.0  400.26  273.55
2454258.65273 15.1705  0.0044 5.37 1068.0  400.26  273.55
2454258.77553 15.1681  0.0041 4.32 1128.0  400.26  273.55
2454258.86817 15.1803  0.0048 5.84 1298.0  400.26  273.55
2454267.61239 15.1973  0.0046 5.85 1095.0  400.26  273.55
2454268.63366 15.1901  0.0039 4.88 1014.0  400.26  273.55
2454268.85936 15.1818  0.0047 5.50 1241.0  400.26  273.55
2454269.59458 15.1852  0.0040 4.36  998.0  400.26  273.55
2454269.74487 15.1924  0.0043 5.26  997.0  400.26  273.55
2454270.52932 15.1910  0.0039 5.01 1337.0  400.26  273.55
2454272.57582 15.1942  0.0042 4.29 1285.0  400.26  273.55
2454272.72569 15.1954  0.0040 3.97  983.0  400.26  273.55
2454272.78429 15.1948  0.0042 4.28 1190.0  400.26  273.55
2454272.85568 15.1901  0.0045 4.89 1373.0  400.26  273.55
2454273.63615 15.2037  0.0045 5.38 1131.0  400.26  273.55
2454273.81431 15.1929  0.0042 3.95 1368.0  400.26  273.55
2454273.87552 15.2055  0.0051 5.63 1656.0  400.26  273.55
2454274.56722 15.1956  0.0049 5.52 1384.0  400.26  273.55
2454274.72015 15.1934  0.0045 5.03 1177.0  400.26  273.55
2454274.78106 15.1958  0.0037 3.65 1176.0  400.26  273.55
2454274.84058 15.1926  0.0034 5.46 1094.0  400.26  273.55
2454275.61878 15.1854  0.0041 3.87 1147.0  400.26  273.55
2454275.79404 15.1933  0.0046 5.00 1341.0  400.26  273.55
2454275.85516 15.1916  0.0053 6.02 1624.0  400.26  273.55
2454276.60350 15.2055  0.0046 5.38 1145.0  400.26  273.55
2454277.54723 15.2062  0.0049 5.67 1419.0  400.26  273.55
2454277.72432 15.2000  0.0043 4.70 1141.0  400.26  273.55
2454277.78293 15.1961  0.0049 6.04 1228.0  400.26  273.55
2454278.59217 15.2054  0.0050 5.77 1278.0  400.26  273.55
2454278.76850 15.2041  0.0050 5.78 1313.0  400.26  273.55
2454283.52974 15.2155  0.0045 3.82 1664.0  400.26  273.55
2454284.52155 15.2045  0.0047 4.84 1379.0  400.26  273.55
2454284.67113 15.2119  0.0046 4.42 1326.0  400.26  273.55
2454284.73127 15.2052  0.0041 3.74 1243.0  400.26  273.55
2454284.79333 15.2031  0.0045 4.32 1429.0  400.26  273.55
2454284.85828 15.2046  0.0049 4.58 1880.0  400.26  273.55
2454285.52473 15.2003  0.0046 4.58 1401.0  400.26  273.55
2454285.71828 15.2179  0.0044 4.67 1103.0  400.26  273.55
2454285.77951 15.2184  0.0043 4.30 1101.0  400.26  273.55
2454285.84474 15.2083  0.0044 4.47 1328.0  400.26  273.55
2454286.52445 15.2168  0.0046 4.71 1461.0  400.26  273.55
2454286.83266 15.2176  0.0047 5.12 2366.0  400.26  273.55
2454289.53536 15.2150  0.0047 5.34 1252.0  400.26  273.55
2454289.75427 15.2141  0.0046 5.64 1112.0  400.26  273.55
2454289.81909 15.2287  0.0045 5.46 1120.0  400.26  273.55
2454290.58164 15.2168  0.0048 5.99  991.0  400.26  273.55
2454291.60129 15.2224  0.0043 4.65 1000.0  400.26  273.55
2454292.50687 15.2189  0.0041 4.14 1149.0  400.26  273.55
2454292.68590 15.2206  0.0041 3.61 1010.0  400.26  273.55
2454292.74470 15.2201  0.0039 3.67 1019.0  400.26  273.55
2454292.80771 15.2213  0.0042 4.43 1132.0  400.26  273.55
2454293.50767 15.2140  0.0041 3.80 1014.0  400.26  273.55
2454293.69180 15.2254  0.0040 3.68  958.0  400.26  273.55
2454293.75057 15.2281  0.0040 3.58  979.0  400.26  273.55
2454293.79083 15.2277  0.0042 4.45 1040.0  400.26  273.55
2454293.82834 15.2181  0.0042 4.48 1082.0  400.26  273.55
2454294.50627 15.2184  0.0043 4.45 1203.0  400.26  273.55
2454295.51643 15.2216  0.0042 4.49  984.0  400.26  273.55
2454295.71152 15.2241  0.0039 4.13  829.0  400.26  273.55
2454295.77010 15.2282  0.0040 4.59  858.0  400.26  273.55
2454295.83193 15.2287  0.0047 5.90 1084.0  400.26  273.55
2454296.51049 15.2186  0.0046 5.17 1070.0  400.26  273.55
2454296.71623 15.2179  0.0040 4.37  875.0  400.26  273.55
2454297.53031 15.2275  0.0042 4.28  999.0  400.26  273.55
2454297.73488 15.2273  0.0042 4.68  939.0  400.26  273.55
2454298.56479 15.2294  0.0044 5.20  919.0  400.26  273.55
2454298.67643 15.2271  0.0042 4.80  862.0  400.26  273.55
2454298.81383 15.2294  0.0053 6.91 1218.0  400.26  273.55
2454299.55188 15.2245  0.0039 3.62  913.0  400.26  273.55
2454299.64178 15.2337  0.0040 4.04  847.0  400.26  273.55
2454299.73307 15.2304  0.0040 4.25  846.0  400.26  273.55
2454300.54853 15.2287  0.0041 4.29  963.0  400.26  273.55
2454300.66371 15.2276  0.0041 4.46  911.0  400.26  273.55
2454300.77881 15.2363  0.0041 3.89 1106.0  400.26  273.55
2454301.53464 15.2273  0.0040 3.62 1129.0  400.26  273.55
2454301.63089 15.2345  0.0041 3.97  994.0  400.26  273.55
2454301.73306 15.2311  0.0040 3.99  925.0  400.26  273.55
2454302.60764 15.2310  0.0043 4.63  927.0  400.26  273.55
2454302.77273 15.2284  0.0042 4.78  867.0  400.26  273.55
2454303.69420 15.2337  0.0045 5.11  939.0  400.26  273.55
2454304.57252 15.2410  0.0049 5.38 1363.0  400.26  273.55
2454304.70195 15.2408  0.0050 6.01 1253.0  400.26  273.55
2454306.57825 15.2375  0.0046 5.36 1162.0  400.26  273.55
2454306.71476 15.2416  0.0047 5.71 1172.0  400.26  273.55
2454310.63187 15.2559  0.0051 5.07 1668.0  400.26  273.55
2454312.51947 15.2518  0.0050 4.98 1563.0  400.26  273.55
2454312.76232 15.2512  0.0043 4.23 1242.0  400.26  273.55
2454314.77690 15.2436  0.0051 6.06 1223.0  400.26  273.55
2454315.55091 15.2450  0.0045 4.73 1092.0  400.26  273.55
2454316.58046 15.2508  0.0042 4.32  917.0  400.26  273.55
2454317.50310 15.2512  0.0043 4.09 1035.0  400.26  273.55
2454319.53814 15.2477  0.0043 4.69 1047.0  400.26  273.55
2454319.68409 15.2537  0.0047 5.53 1115.0  400.26  273.55
2454320.60548 15.2478  0.0045 5.46  959.0  400.26  273.55
2454326.52679 15.2652  0.0043 4.22 1005.0  400.26  273.55
2454326.73105 15.2698  0.0047 5.90  978.0  400.26  273.55
2454327.60606 15.2521  0.0048 5.66 1015.0  400.26  273.55
2454327.74448 15.2602  0.0054 6.57 1261.0  400.26  273.55
2454328.47123 15.2616  0.0050 4.00 1985.0  400.26  273.55
2454328.71085 15.2593  0.0046 4.83 1211.0  400.26  273.55
2454329.54174 15.2640  0.0046 5.27  985.0  400.26  273.55
2454329.68975 15.2600  0.0048 5.62 1037.0  400.26  273.55
2454330.47155 15.2600  0.0047 4.11 1726.0  400.26  273.55
2454330.70884 15.2644  0.0044 4.64 1034.0  400.26  273.55
2454331.51369 15.2620  0.0043 4.18 1003.0  400.26  273.55
2454332.52367 15.2658  0.0041 3.94 1024.0  400.26  273.55
2454332.72887 15.2766  0.0049 5.50 1283.0  400.26  273.55
2454333.54868 15.2650  0.0045 4.63 1159.0  400.26  273.55
2454334.52140 15.2748  0.0058 5.51 2089.0  400.26  273.55
2454338.51816 15.2693  0.0053 5.42 1585.0  400.26  273.55
2454338.69671 15.2663  0.0054 5.54 1789.0  400.26  273.55
2454339.51497 15.2759  0.0045 3.82 1454.0  400.26  273.55
2454340.63515 15.2797  0.0043 3.53 1383.0  400.26  273.55
2454341.51922 15.2694  0.0049 5.07 1283.0  400.26  273.55
2454342.55124 15.2741  0.0045 4.61 1092.0  400.26  273.55
2454343.53513 15.2710  0.0040 3.46 1046.0  400.26  273.55
2454344.56467 15.2527  0.0045 4.44 1142.0  400.26  273.55
2454345.52678 15.2817  0.0041 3.51 1068.0  400.26  273.55
2454346.53638 15.2762  0.0050 5.78 1140.0  400.26  273.55
2454347.55073 15.2760  0.0045 4.65 1013.0  400.26  273.55
2454349.51645 15.2861  0.0045 4.48  960.0  400.26  273.55
2454350.56985 15.2794  0.0041 3.82  992.0  400.26  273.55
2454351.52157 15.2865  0.0042 3.90  975.0  400.26  273.55
2454352.57793 15.2787  0.0050 5.88 1074.0  400.26  273.55
2454353.53188 15.2895  0.0043 3.71 1142.0  400.26  273.55
2454353.54355 15.2924  0.0044 4.30 1177.0  400.26  273.55
2454354.56063 15.2775  0.0044 4.74 1076.0  400.26  273.55
2454355.56844 15.2852  0.0046 5.44 1140.0  400.26  273.55
2454356.52567 15.2838  0.0044 4.41 1029.0  400.26  273.55
2454357.49703 15.2878  0.0051 6.10 1100.0  400.26  273.55
2454358.54046 15.2926  0.0045 4.68 1122.0  400.26  273.55
2454359.50938 15.2841  0.0045 4.69 1101.0  400.26  273.55
2454360.58130 15.2917  0.0048 5.27 1075.0  400.26  273.55
2454361.52276 15.2920  0.0056 6.30 1338.0  400.26  273.55
2454362.53977 15.2922  0.0049 4.53 1756.0  400.26  273.55
2454365.57839 15.2972  0.0054 5.67 1575.0  400.26  273.55
2454367.53121 15.3019  0.0046 4.56 1415.0  400.26  273.55
2454368.49849 15.2970  0.0051 5.50 1358.0  400.26  273.55
2454369.58392 15.3012  0.0057 5.99 1572.0  400.26  273.55
2454370.51111 15.3007  0.0045 4.11 1340.0  400.26  273.55
2454371.47895 15.2956  0.0052 4.20 2207.0  400.26  273.55
2454372.53537 15.3062  0.0041 3.60 1000.0  400.26  273.55
2454373.52638 15.3052  0.0049 4.99 1186.0  400.26  273.55
2454377.49963 15.2987  0.0044 4.27 1150.0  400.26  273.55
2454378.53395 15.3074  0.0046 4.46 1044.0  400.26  273.55
2454379.55200 15.2962  0.0052 5.82 1130.0  400.26  273.55
2454380.49143 15.3018  0.0048 4.82 1226.0  400.26  273.55
2454381.53909 15.2939  0.0054 5.74 1361.0  400.26  273.55
2454382.49765 15.3056  0.0054 6.13 1344.0  400.26  273.55
2454383.52979 15.3053  0.0051 5.49 1301.0  400.26  273.55
2454384.50422 15.3209  0.0055 6.51 1156.0  400.26  273.55
2454388.56043 15.2913  0.0052 5.67 1277.0  400.26  273.55
2454393.54629 15.3167  0.0045 3.85 1431.0  400.26  273.55
2454394.51941 15.3162  0.0048 4.31 1396.0  400.26  273.55
2454395.55563 15.3165  0.0056 5.75 1515.0  400.26  273.55
2454396.52545 15.3104  0.0056 5.15 1710.0  400.26  273.55
2454397.54919 15.3293  0.0054 4.98 1741.0  400.26  273.55
2454398.55446 15.3273  0.0052 4.92 1743.0  400.26  273.55
2454399.50444 15.3251  0.0053 5.66 1541.0  400.26  273.55
2454400.54888 15.3277  0.0059 6.16 1979.0  400.26  273.55
2454403.50277 15.3223  0.0057 5.79 1522.0  400.26  273.55
2454409.52023 15.3168  0.0054 5.19 1649.0  400.26  273.55
2454507.87900 15.3747  0.0051 5.32 1319.0  400.26  273.55
2454511.84578 15.3649  0.0043 4.53 1048.0  400.26  273.55
2454511.86559 15.3742  0.0041 3.94  992.0  400.26  273.55
2454513.87693 15.3657  0.0040 3.66 1067.0  400.26  273.55
2454517.87608 15.3753  0.0055 5.99 1440.0  400.26  273.55
2454519.89734 15.3645  0.0048 4.41 1510.0  400.26  273.55
2454521.81540 15.3776  0.0049 4.92 1485.0  400.26  273.55
2454523.88784 15.3830  0.0049 5.37 1146.0  400.26  273.55
2454525.83174 15.3610  0.0060 4.14 3107.0  400.26  273.55
2454530.89735 15.3793  0.0040 3.39  998.0  400.26  273.55
2454531.83492 15.3704  0.0043 4.38 1100.0  400.26  273.55
2454534.84470 15.3862  0.0046 5.24  922.0  400.26  273.55
2454536.79328 15.3694  0.0054 6.61 1161.0  400.26  273.55
2454537.85341 15.3761  0.0040 3.71  868.0  400.26  273.55
2454538.88583 15.3796  0.0044 4.41 1029.0  400.26  273.55
2454539.87191 15.3729  0.0047 5.32  950.0  400.26  273.55
2454540.81582 15.3760  0.0041 3.65 1009.0  400.26  273.55
2454541.80836 15.3861  0.0042 4.00  925.0  400.26  273.55
2454542.80315 15.3824  0.0045 5.06  989.0  400.26  273.55
2454543.79867 15.3800  0.0042 4.11 1024.0  400.26  273.55
2454544.79561 15.3863  0.0045 4.53 1162.0  400.26  273.55
2454545.75977 15.3691  0.0051 5.35 1341.0  400.26  273.55
2454546.76636 15.3727  0.0048 4.75 1328.0  400.26  273.55
2454547.74108 15.3809  0.0047 4.40 1542.0  400.26  273.55
2454548.83344 15.3831  0.0046 4.68 1177.0  400.26  273.55
2454548.88432 15.3806  0.0058 6.79 1180.0  400.26  273.55
2454550.76350 15.3871  0.0052 6.02 1225.0  400.26  273.55
2454550.78317 15.3838  0.0048 5.09 1158.0  400.26  273.55
2454550.86799 15.3861  0.0042 3.83 1096.0  400.26  273.55
2454551.72650 15.3746  0.0047 4.45 1476.0  400.26  273.55
2454551.78007 15.3926  0.0044 3.89 1187.0  400.26  273.55
2454552.72984 15.3789  0.0074 6.19 2919.0  400.26  273.55
2454556.77316 15.3734  0.0042 4.45  898.0  400.26  273.55
2454557.79434 15.3832  0.0043 4.68  927.0  400.26  273.55
2454558.72397 15.3864  0.0048 5.74  961.0  400.26  273.55
2454559.76482 15.3873  0.0042 4.54  829.0  400.26  273.55
2454560.76522 15.3814  0.0042 4.88  824.0  400.26  273.55
2454561.75453 15.3883  0.0040 3.92  914.0  400.26  273.55
2454564.74480 15.3849  0.0043 5.01  835.0  400.26  273.55
2454565.74282 15.3935  0.0039 3.71  875.0  400.26  273.55
2454566.74230 15.3789  0.0041 4.17  919.0  400.26  273.55
2454567.74225 15.3767  0.0042 4.25  911.0  400.26  273.55
2454568.74486 15.3936  0.0040 3.48  954.0  400.26  273.55
2454569.75940 15.3848  0.0041 4.21  880.0  400.26  273.55
2454570.74741 15.3925  0.0048 5.58  926.0  400.26  273.55
2454571.73903 15.3945  0.0050 5.79 1056.0  400.26  273.55
2454572.76592 15.3955  0.0041 3.71 1018.0  400.26  273.55
2454573.75407 15.3896  0.0045 4.63 1069.0  400.26  273.55
2454574.75665 15.3981  0.0044 4.30 1118.0  400.26  273.55
2454575.76547 15.3881  0.0044 3.87 1157.0  400.26  273.55
2454576.77846 15.3916  0.0042 3.36 1295.0  400.26  273.55
2454576.90175 15.4008  0.0047 4.23 1371.0  400.26  273.55
2454577.85365 15.3817  0.0045 3.90 1193.0  400.26  273.55
2454577.90965 15.3846  0.0047 4.28 1291.0  400.26  273.55
2454578.80801 15.3845  0.0051 5.65 1207.0  400.26  273.55
2454579.88181 15.3908  0.0049 4.10 1899.0  400.26  273.55
2454583.74862 15.4071  0.0046 4.37 1137.0  400.26  273.55
2454585.77575 15.3796  0.0042 5.27 1193.0  400.26  273.55
2454586.75507 15.4013  0.0046 4.94  996.0  400.26  273.55
2454587.78866 15.4025  0.0046 4.96  969.0  400.26  273.55
2454588.66379 15.3799  0.0049 5.74 1075.0  400.26  273.55
2454588.89633 15.3965  0.0041 3.88 1013.0  400.26  273.55
2454589.71021 15.4045  0.0045 4.54  987.0  400.26  273.55
2454589.86557 15.3920  0.0048 5.22 1021.0  400.26  273.55
2454589.92745 15.4034  0.0047 4.48 1164.0  400.26  273.55
2454590.71903 15.3900  0.0045 4.31 1041.0  400.26  273.55
2454590.92101 15.3944  0.0044 3.77 1247.0  400.26  273.55
2454591.66021 15.3908  0.0045 4.20 1243.0  400.26  273.55
2454591.87151 15.4067  0.0045 4.51 1137.0  400.26  273.55
2454591.93350 15.3921  0.0051 4.61 1762.0  400.26  273.55
2454592.68040 15.3964  0.0044 3.85 1284.0  400.26  273.55
2454592.86967 15.4021  0.0046 4.15 1338.0  400.26  273.55
2454593.66958 15.3820  0.0044 4.56 1028.0  400.26  273.55
2454593.87937 15.4060  0.0044 3.99 1144.0  400.26  273.55
2454593.91924 15.3937  0.0044 3.85 1173.0  400.26  273.55
2454594.69076 15.3926  0.0045 4.71  973.0  400.26  273.55
2454594.88564 15.3839  0.0046 4.75 1105.0  400.26  273.55
2454595.68337 15.3879  0.0043 4.31  965.0  400.26  273.55
2454595.87462 15.3972  0.0044 4.50  973.0  400.26  273.55
2454595.93915 15.3847  0.0058 5.02 2172.0  400.26  273.55
2454596.67523 15.4038  0.0049 5.48  975.0  400.26  273.55
2454596.93307 15.3879  0.0046 4.61 1170.0  400.26  273.55
2454597.69982 15.4012  0.0042 4.10  917.0  400.26  273.55
2454597.89142 15.3961  0.0044 4.44 1042.0  400.26  273.55
2454598.67603 15.4009  0.0040 3.69  815.0  400.26  273.55
2454599.64857 15.3994  0.0046 4.56 1028.0  400.26  273.55
2454599.93373 15.3959  0.0047 4.54 1252.0  400.26  273.55
2454600.66092 15.3976  0.0041 3.90  874.0  400.26  273.55
2454600.86959 15.3992  0.0041 3.43 1097.0  400.26  273.55
2454601.66345 15.3971  0.0042 3.84 1040.0  400.26  273.55
2454601.87967 15.4034  0.0040 3.68  889.0  400.26  273.55
2454602.65603 15.4016  0.0040 3.42  989.0  400.26  273.55
2454602.87193 15.4061  0.0037 3.62  987.0  400.26  273.55
2454603.86736 15.4062  0.0048 5.16 1144.0  400.26  273.55
2454606.66379 15.3977  0.0043 3.52 1429.0  400.26  273.55
2454606.91557 15.4060  0.0046 3.93 1696.0  400.26  273.55
2454610.75709 15.3957  0.0044 3.90 1162.0  400.26  273.55
2454611.64266 15.4052  0.0047 4.24 1121.0  400.26  273.55
2454611.79144 15.4009  0.0045 4.09 1190.0  400.26  273.55
2454612.66417 15.4085  0.0046 4.57 1221.0  400.26  273.55
2454615.80649 15.4062  0.0047 5.03 1037.0  400.26  273.55
2454616.61815 15.4084  0.0044 4.21 1028.0  400.26  273.55
2454616.83443 15.4012  0.0047 5.10  954.0  400.26  273.55
2454617.69205 15.4107  0.0041 3.48  906.0  400.26  273.55
2454618.62675 15.3971  0.0043 4.68  954.0  400.26  273.55
2454622.64030 15.4006  0.0044 4.35  976.0  400.26  273.55
2454622.82516 15.4179  0.0048 5.37 1013.0  400.26  273.55
2454623.68691 15.4128  0.0046 4.88  903.0  400.26  273.55
2454623.88451 15.3920  0.0058 6.70 1280.0  400.26  273.55
2454624.60543 15.3906  0.0050 5.59 1129.0  400.26  273.55
2454624.82837 15.4107  0.0046 4.68  963.0  400.26  273.55
2454624.89744 15.4095  0.0049 5.51 1040.0  400.26  273.55
2454625.61874 15.4104  0.0049 5.67  942.0  400.26  273.55
2454625.83815 15.4105  0.0049 5.39 1077.0  400.26  273.55
2454625.92672 15.4109  0.0053 5.77 1175.0  400.26  273.55
2454626.63943 15.4076  0.0049 5.89  905.0  400.26  273.55
2454626.90759 15.4197  0.0050 5.43 1108.0  400.26  273.55
2454627.57741 15.4073  0.0044 4.36 1028.0  400.26  273.55
2454627.86682 15.4074  0.0041 4.09  825.0  400.26  273.55
2454628.58432 15.4194  0.0046 4.56 1001.0  400.26  273.55
2454628.77410 15.4112  0.0047 5.17  907.0  400.26  273.55
2454628.83641 15.4046  0.0048 5.70  894.0  400.26  273.55
2454628.91062 15.4129  0.0048 5.07 1056.0  400.26  273.55
2454629.64717 15.4087  0.0043 4.09  836.0  400.26  273.55
2454629.85485 15.4080  0.0044 4.40 1071.0  400.26  273.55
2454630.58224 15.4053  0.0044 4.09 1017.0  400.26  273.55
2454630.79801 15.4000  0.0042 3.87  999.0  400.26  273.55
2454630.86752 15.4065  0.0045 4.61 1059.0  400.26  273.55
2454631.60774 15.4016  0.0042 4.00  953.0  400.26  273.55
2454631.80643 15.4167  0.0042 3.90 1044.0  400.26  273.55
2454631.88179 15.4120  0.0045 4.19 1227.0  400.26  273.55
2454632.58688 15.4175  0.0043 3.73 1100.0  400.26  273.55
2454633.58392 15.4047  0.0044 3.80 1211.0  400.26  273.55
2454633.69488 15.4214  0.0042 3.47 1057.0  400.26  273.55
2454633.81989 15.4079  0.0045 3.96 1180.0  400.26  273.55
2454638.76835 15.4039  0.0047 4.43 1316.0  400.26  273.55
2454638.87909 15.4214  0.0056 5.25 1821.0  400.26  273.55
2454639.59194 15.4039  0.0045 3.96 1275.0  400.26  273.55
2454639.68953 15.4069  0.0045 3.94 1224.0  400.26  273.55
2454640.61014 15.4125  0.0046 4.71  978.0  400.26  273.55
2454640.74199 15.4116  0.0044 4.57  908.0  400.26  273.55
2454641.68567 15.4203  0.0049 5.11 1000.0  400.26  273.55
2454641.79775 15.4153  0.0048 4.92 1077.0  400.26  273.55
2454642.60816 15.4138  0.0043 4.08  962.0  400.26  273.55
2454642.77030 15.4202  0.0046 4.74  942.0  400.26  273.55
2454642.84947 15.4211  0.0045 4.83 1278.0  400.26  273.55
2454643.56739 15.4151  0.0048 5.47  945.0  400.26  273.55
2454644.61588 15.4217  0.0047 5.12  951.0  400.26  273.55
2454644.88546 15.4176  0.0047 5.13  992.0  400.26  273.55
2454645.54626 15.4036  0.0051 5.22 1299.0  400.26  273.55
2454645.79397 15.4212  0.0049 4.95 1050.0  400.26  273.55
2454645.85945 15.4034  0.0051 5.52 1299.0  400.26  273.55
2454646.54127 15.4221  0.0042 3.43 1098.0  400.26  273.55
2454646.86701 15.4208  0.0047 4.58 1255.0  400.26  273.55
2454647.53758 15.4248  0.0048 3.79 1388.0  400.26  273.55
2454647.75380 15.4044  0.0048 4.79 1073.0  400.26  273.55
2454647.77799 15.4167  0.0047 4.66 1064.0  400.26  273.55
2454648.53465 15.4067  0.0050 4.87 1150.0  400.26  273.55
2454648.78854 15.4029  0.0047 4.99  968.0  400.26  273.55
2454648.86317 15.4196  0.0054 5.79 1269.0  400.26  273.55
2454649.54489 15.4141  0.0046 4.52 1071.0  400.26  273.55
2454649.77122 15.4177  0.0043 3.96  944.0  400.26  273.55
2454650.54604 15.4134  0.0046 4.03 1294.0  400.26  273.55
2454650.80915 15.4084  0.0046 4.95  969.0  400.26  273.55
2454651.52947 15.4180  0.0049 4.42 1188.0  400.26  273.55
2454652.52092 15.4051  0.0047 4.27 1247.0  400.26  273.55
2454652.73514 15.4072  0.0045 4.38  952.0  400.26  273.55
2454652.85892 15.4207  0.0054 5.89 1227.0  400.26  273.55
2454653.51660 15.4193  0.0051 5.54 1258.0  400.26  273.55
2454653.73581 15.4075  0.0045 4.42 1110.0  400.26  273.55
2454654.55569 15.4133  0.0049 5.68  989.0  400.26  273.55
2454654.77025 15.4104  0.0048 5.11 1068.0  400.26  273.55
2454655.51643 15.4112  0.0051 4.89 1364.0  400.26  273.55
2454655.74101 15.4165  0.0044 4.26  915.0  400.26  273.55
2454656.51836 15.4200  0.0044 4.04  989.0  400.26  273.55
2454656.70825 15.4224  0.0046 3.90 1100.0  400.26  273.55
2454656.82751 15.4110  0.0053 5.18 1554.0  400.26  273.55
2454657.74677 15.4088  0.0055 6.35 1050.0  400.26  273.55
2454658.67697 15.4228  0.0049 5.13 1083.0  400.26  273.55
2454660.62926 15.4217  0.0048 4.90 1098.0  400.26  273.55
2454661.50644 15.4136  0.0047 4.18 1473.0  400.26  273.55
2454661.70714 15.4185  0.0054 5.55 1241.0  400.26  273.55
2454661.77414 15.4137  0.0051 4.94 1389.0  400.26  273.55
2454665.67404 15.4153  0.0051 4.19 1936.0  400.26  273.55
2454666.57939 15.4161  0.0044 3.65 1335.0  400.26  273.55
2454666.68033 15.4200  0.0047 4.24 1257.0  400.26  273.55
2454666.72258 15.4056  0.0050 4.84 1296.0  400.26  273.55
2454666.79491 15.4149  0.0055 5.49 1443.0  400.26  273.55
2454667.51324 15.4056  0.0058 6.55 1322.0  400.26  273.55
2454670.54967 15.4171  0.0052 6.49  951.0  400.26  273.55
2454671.59953 15.4260  0.0041 3.95  788.0  400.26  273.55
2454671.77166 15.4181  0.0049 5.74 1001.0  400.26  273.55
2454672.52540 15.4153  0.0041 3.62  955.0  400.26  273.55
2454672.67558 15.4233  0.0042 3.98  912.0  400.26  273.55
2454672.76077 15.4101  0.0049 5.27 1152.0  400.26  273.55
2454674.53121 15.4104  0.0049 5.48  944.0  400.26  273.55
2454674.72137 15.4254  0.0047 5.09  929.0  400.26  273.55
2454677.50477 15.4246  0.0043 3.70 1100.0  400.26  273.55
2454677.58870 15.4151  0.0045 5.03  843.0  400.26  273.55
2454677.74426 15.4134  0.0054 6.54  948.0  400.26  273.55
2454679.64358 15.4190  0.0048 5.50  839.0  400.26  273.55
2454681.54615 15.4154  0.0046 4.98  902.0  400.26  273.55
2454681.64618 15.4207  0.0045 5.09  820.0  400.26  273.55
2454681.73644 15.4226  0.0044 4.42  965.0  400.26  273.55
2454682.57075 15.4188  0.0046 4.69  963.0  400.26  273.55
2454682.67447 15.4250  0.0043 4.31  850.0  400.26  273.55
2454682.76962 15.4159  0.0047 4.83  994.0  400.26  273.55
2454683.53582 15.4260  0.0049 5.03 1097.0  400.26  273.55
2454683.72443 15.4224  0.0049 5.61  945.0  400.26  273.55
2454684.52837 15.4196  0.0043 3.55 1206.0  400.26  273.55
2454684.69979 15.4193  0.0045 4.24  943.0  400.26  273.55
2454685.47100 15.4188  0.0065 6.16 1663.0  400.26  273.55
2454685.74853 15.4232  0.0049 4.91 1118.0  400.26  273.55
2454686.51713 15.4234  0.0046 4.06 1045.0  400.26  273.55
2454687.52043 15.4223  0.0048 4.75 1010.0  400.26  273.55
2454687.75638 15.4219  0.0044 5.36 1133.0  400.26  273.55
2454688.51376 15.4162  0.0046 4.36 1026.0  400.26  273.55
2454688.70349 15.4233  0.0046 4.45 1002.0  400.26  273.55
2454693.56145 15.4208  0.0047 3.71 1884.0  400.26  273.55
2454694.62257 15.4213  0.0057 6.07 1279.0  400.26  273.55
2454697.51720 15.4183  0.0044 4.36  958.0  400.26  273.55
2454698.52262 15.4233  0.0042 3.56  902.0  400.26  273.55
2454699.52083 15.4327  0.0045 4.19 1008.0  400.26  273.55
2454700.52523 15.4294  0.0044 3.92  980.0  400.26  273.55
2454701.52048 15.4244  0.0047 4.58 1070.0  400.26  273.55
2454702.53671 15.4286  0.0045 4.63  922.0  400.26  273.55
2454703.60420 15.4139  0.0046 5.04  943.0  400.26  273.55
2454704.65957 15.4227  0.0047 5.14  932.0  400.26  273.55
2454705.56735 15.4109  0.0046 4.93  948.0  400.26  273.55
2454707.61603 15.4204  0.0046 5.03  906.0  400.26  273.55
2454708.56789 15.4214  0.0048 5.50  934.0  400.26  273.55
2454709.53200 15.4253  0.0054 5.94 1065.0  400.26  273.55
2454710.57272 15.4308  0.0045 4.99 1046.0  400.26  273.55
2454715.60703 15.4306  0.0053 6.26 1092.0  400.26  273.55
2454716.60465 15.4134  0.0053 4.89 1884.0  400.26  273.55
2454720.52242 15.4348  0.0053 5.27 1350.0  400.26  273.55
2454721.52266 15.4271  0.0056 5.60 1379.0  400.26  273.55
2454722.48816 15.4184  0.0055 6.08 1246.0  400.26  273.55
2454724.52520 15.4153  0.0052 5.14 1278.0  400.26  273.55
2454725.50386 15.4270  0.0051 4.73 1253.0  400.26  273.55
2454726.48404 15.4245  0.0058 6.39 1151.0  400.26  273.55
2454728.61773 15.4045  0.0055 6.07 1192.0  400.26  273.55
2454729.48545 15.4257  0.0053 5.92 1152.0  400.26  273.55
2454730.48684 15.4216  0.0047 4.62 1108.0  400.26  273.55
2454731.59378 15.4193  0.0050 5.59  937.0  400.26  273.55
2454733.54226 15.4278  0.0048 4.73  954.0  400.26  273.55
2454734.57159 15.4175  0.0049 4.81 1038.0  400.26  273.55
2454740.57312 15.4203  0.0053 5.96 1079.0  400.26  273.55
2454753.56415 15.4372  0.0056 5.87 1336.0  400.26  273.55
2454758.52988 15.4256  0.0049 4.10 1294.0  400.26  273.55
2454869.86582 15.4514  0.0046 4.30 1193.0  400.26  273.55
2454872.85819 15.4256  0.0060 6.30 1609.0  400.26  273.55
2454873.87995 15.4252  0.0045 3.81 1339.0  400.26  273.55
2454875.87980 15.4352  0.0046 4.89 1146.0  400.26  273.55
2454878.85390 15.4426  0.0051 4.77 1461.0  400.26  273.55
2454884.87057 15.4330  0.0045 4.38 1148.0  400.26  273.55
2454887.84298 15.4397  0.0042 4.12 1031.0  400.26  273.55
2454890.89847 15.4368  0.0043 4.20 1067.0  400.26  273.55
2454896.89016 15.4287  0.0045 4.51  926.0  400.26  273.55
2454899.85794 15.4496  0.0044 3.72 1059.0  400.26  273.55
2454901.78752 15.4332  0.0048 4.39 1400.0  400.26  273.55
2454903.78321 15.4328  0.0047 4.76 1275.0  400.26  273.55
2454905.83153 15.4427  0.0048 4.59 1139.0  400.26  273.55
2454910.82950 15.4439  0.0046 3.52 1722.0  400.26  273.55
2454911.86644 15.4403  0.0040 3.98  836.0  400.26  273.55
2454913.88003 15.4383  0.0040 3.90  858.0  400.26  273.55
2454916.92097 15.4425  0.0048 3.90 1793.0  400.26  273.55
2454921.72882 15.4400  0.0048 5.28 1021.0  400.26  273.55
2454924.92455 15.4498  0.0060 5.57 2111.0  400.26  273.55
2454925.83193 15.4480  0.0041 3.63  928.0  400.26  273.55
2454926.70878 15.4379  0.0046 4.80 1281.0  400.26  273.55
2454927.73179 15.4408  0.0048 4.79 1183.0  400.26  273.55
2454927.88646 15.4399  0.0048 5.37  992.0  400.26  273.55
2454928.78022 15.4450  0.0044 4.19  995.0  400.26  273.55
2454929.72687 15.4457  0.0049 4.91 1229.0  400.26  273.55
2454930.71886 15.4443  0.0045 3.98 1386.0  400.26  273.55
2454930.86671 15.4395  0.0047 5.09 1233.0  400.26  273.55
2454931.76301 15.4393  0.0047 4.41 1236.0  400.26  273.55
2454932.69714 15.4451  0.0045 3.98 1459.0  400.26  273.55
2454932.89595 15.4471  0.0045 4.29 1224.0  400.26  273.55
2454933.71300 15.4512  0.0050 5.05 1416.0  400.26  273.55
2454933.89071 15.4516  0.0048 4.60 1228.0  400.26  273.55
2454934.81166 15.4465  0.0050 4.22 1692.0  400.26  273.55
2454938.71258 15.4430  0.0045 4.29 1102.0  400.26  273.55
2454939.67341 15.4479  0.0048 4.99 1072.0  400.26  273.55
2454940.67339 15.4527  0.0047 4.50 1107.0  400.26  273.55
2454940.85107 15.4653  0.0051 6.23 1008.0  400.26  273.55
2454941.86749 15.4527  0.0047 6.38  907.0  400.26  273.55
2454942.68989 15.4385  0.0043 4.54 1000.0  400.26  273.55
2454942.76186 15.4459  0.0041 3.80  840.0  400.26  273.55
2454943.70220 15.4500  0.0041 4.29  835.0  400.26  273.55
2454943.85907 15.4455  0.0042 4.50  875.0  400.26  273.55
2454944.71364 15.4383  0.0042 3.89  906.0  400.26  273.55
2454944.86825 15.4455  0.0040 4.38  834.0  400.26  273.55
2454945.65882 15.4376  0.0047 4.53 1104.0  400.26  273.55
2454946.68144 15.4398  0.0042 3.92  940.0  400.26  273.55
2454947.67227 15.4381  0.0040 4.19  864.0  400.26  273.55
2454948.65189 15.4301  0.0050 5.40 1130.0  400.26  273.55
2454949.83215 15.4553  0.0041 4.46  906.0  400.26  273.55
2454950.64266 15.4388  0.0045 4.71 1003.0  400.26  273.55
2454951.80633 15.4495  0.0044 5.08  997.0  400.26  273.55
2454952.66233 15.4333  0.0042 4.39  864.0  400.26  273.55
2454953.67574 15.4368  0.0042 4.03  999.0  400.26  273.55
2454954.65441 15.4384  0.0045 4.54  973.0  400.26  273.55
2454954.72054 15.4464  0.0042 3.96  840.0  400.26  273.55
2454955.65517 15.4464  0.0046 4.77 1102.0  400.26  273.55
2454955.82356 15.4439  0.0044 5.03  948.0  400.26  273.55
