2127.55541 15.4895 0.0052
2130.57909 15.4951 0.0043
2133.58921 15.4806 0.0044
2136.71029 15.5006 0.0052
2141.70087 15.4972 0.0058
2169.60467 15.4982 0.0055
2179.56423 15.4919 0.0078
2189.57390 15.5171 0.0063
2190.49557 15.4874 0.0047
2215.50793 15.5049 0.0064
2337.88733 15.4643 0.0043
2353.83947 15.4723 0.0049
2363.81728 15.4453 0.0053
2373.85313 15.4435 0.0047
2464.81501 15.4507 0.0045
2816.71087 15.1618 0.0039
2852.66605 15.1748 0.0042
3059.89427 14.0112 0.0015
3064.90544 14.1153 0.0022
3068.85866 14.1836 0.0022
3072.77778 14.2575 0.0023
3075.90972 14.3009 0.0024
3077.83049 14.3263 0.0031
3081.81266 14.3667 0.0022
3084.79054 14.4026 0.0023
3086.85188 14.4223 0.0022
3088.84127 14.4389 0.0023
3090.75396 14.4480 0.0024
3091.90449 14.4630 0.0023
3097.85268 14.5096 0.0024
3099.82627 14.5202 0.0029
3101.85184 14.5322 0.0027
3102.92060 14.5310 0.0026
3104.80348 14.5486 0.0034
3107.80678 14.5607 0.0026
3108.85654 14.5668 0.0025
3112.90621 14.5787 0.0025
3114.89275 14.5838 0.0026
3115.90464 14.5833 0.0025
3116.81100 14.5863 0.0026
3124.82722 14.6017 0.0031
3126.71632 14.6090 0.0025
3127.91755 14.6150 0.0026
3128.90681 14.6160 0.0027
3130.78455 14.6198 0.0028
3131.72811 14.6226 0.0029
3135.74044 14.6121 0.0025
3138.74198 14.6307 0.0026
3140.71740 14.6192 0.0025
3141.77919 14.6181 0.0025
3142.85331 14.6145 0.0026
3144.87129 14.6142 0.0027
3146.94522 14.6280 0.0032
3151.84746 14.6069 0.0027
3152.84476 14.6069 0.0027
3153.84791 14.6033 0.0028
3156.90075 14.6077 0.0027
3162.61446 14.5918 0.0027
3163.84710 14.5939 0.0026
3164.83287 14.5856 0.0026
3165.61486 14.5906 0.0024
3167.69617 14.5775 0.0028
3168.76913 14.5801 0.0025
3169.87255 14.5778 0.0024
3170.90415 14.5706 0.0024
3171.74608 14.5795 0.0024
3171.92320 14.5688 0.0025
3173.78346 14.5684 0.0026
3174.79658 14.5726 0.0024
3175.90581 14.5592 0.0026
3177.85320 14.5613 0.0031
3178.57127 14.5569 0.0029
3179.81034 14.5496 0.0025
3180.81752 14.5545 0.0024
3182.87472 14.5454 0.0024
3183.84554 14.5422 0.0027
3184.78913 14.5434 0.0025
3185.58520 14.5466 0.0024
3193.64267 14.5271 0.0024
3194.48885 14.5210 0.0029
3194.82955 14.5226 0.0024
3195.76287 14.5246 0.0023
3195.83806 14.5178 0.0023
3196.56673 14.5202 0.0026
3197.81725 14.5173 0.0029
3201.55739 14.5046 0.0018
3202.79851 14.5094 0.0024
3203.80779 14.5006 0.0023
3204.80822 14.5030 0.0025
3206.68640 14.4948 0.0023
3210.73987 14.4889 0.0022
3211.76622 14.4920 0.0026
3217.74561 14.4906 0.0027
3218.75318 14.4948 0.0030
3224.50844 14.4870 0.0023
3229.69288 14.4898 0.0024
3231.68515 14.4948 0.0022
3239.48999 14.5073 0.0023
3240.55634 14.5129 0.0027
3245.66809 14.5302 0.0025
3247.53010 14.5410 0.0024
3249.65004 14.5521 0.0026
3251.54525 14.5514 0.0025
3254.62909 14.5736 0.0027
3257.56907 14.5822 0.0023
3261.50178 14.5943 0.0028
3265.56340 14.6237 0.0026
3267.62102 14.6329 0.0019
3273.52503 14.6837 0.0033
3277.48545 14.7045 0.0030
3280.48440 14.7249 0.0031
3283.49278 14.7594 0.0029
3294.54123 14.8335 0.0021
3296.48954 14.8485 0.0037
3419.85462 15.3814 0.0037
3424.86321 15.3843 0.0038
3427.88238 15.3769 0.0037
3430.84837 15.4104 0.0038
3436.89311 15.4050 0.0039
3443.86526 15.4076 0.0034
3445.89277 15.4052 0.0034
3448.79942 15.4049 0.0038
3450.81692 15.4022 0.0034
3453.86022 15.3997 0.0038
3457.90519 15.4017 0.0041
3458.89526 15.4188 0.0038
3468.89394 15.4167 0.0036
3469.92064 15.4127 0.0037
3472.88660 15.4058 0.0036
3474.81524 15.4114 0.0036
3476.91200 15.4128 0.0036
3479.83879 15.4171 0.0034
3481.81567 15.4129 0.0035
3484.76489 15.4167 0.0041
3500.93465 15.4164 0.0038
3508.92887 15.4298 0.0046
3511.94066 15.4214 0.0040
3520.68871 15.4296 0.0045
3521.93033 15.4175 0.0039
3522.83550 15.4284 0.0041
3523.86237 15.4326 0.0040
3526.90701 15.4225 0.0043
3528.85811 15.4221 0.0042
3530.91580 15.4183 0.0029
3538.88120 15.4294 0.0047
3544.85273 15.4178 0.0045
3547.87133 15.4213 0.0044
3550.85436 15.4131 0.0031
3551.86024 15.4233 0.0040
3552.85560 15.4373 0.0050
3553.81930 15.4358 0.0053
3554.87082 15.4079 0.0047
3556.77973 15.4135 0.0044
3558.75280 15.4131 0.0038
3560.67156 15.4190 0.0037
3561.80702 15.4163 0.0035
3562.68699 15.4118 0.0037
3563.75510 15.4016 0.0038
3574.77819 15.4280 0.0048
3575.72045 15.4207 0.0037
3578.78005 15.3813 0.0034
3579.70985 15.4088 0.0034
3581.77458 15.4108 0.0037
3582.70857 15.4119 0.0037
3583.72644 15.4007 0.0037
3584.73047 15.4201 0.0035
3585.73894 15.4127 0.0036
3618.68026 15.4446 0.0041
3631.58956 15.4184 0.0044
3635.56728 15.4310 0.0031
3641.61679 15.4418 0.0051
3652.57236 15.4352 0.0049
3778.86181 15.4915 0.0048
3794.90189 15.4770 0.0043
3796.89370 15.4818 0.0041
3797.89331 15.4742 0.0038
3800.87439 15.4777 0.0039
3802.82122 15.4806 0.0040
3803.85390 15.4658 0.0039
3804.90105 15.4892 0.0044
3806.91355 15.4773 0.0046
3808.89854 15.4724 0.0040
3810.81457 15.4748 0.0043
3812.80078 15.4738 0.0047
3814.79167 15.4658 0.0041
3818.85651 15.4742 0.0040
3819.91593 15.4688 0.0037
3820.90820 15.4821 0.0038
3821.91957 15.4922 0.0045
3823.91662 15.4765 0.0039
3826.91763 15.4933 0.0040
3827.92511 15.4817 0.0042
3830.89787 15.4918 0.0038
3832.92667 15.4927 0.0061
3834.83344 15.4751 0.0038
3835.89280 15.4681 0.0036
3836.90298 15.4834 0.0039
3837.87417 15.4862 0.0037
3838.87831 15.4845 0.0043
3839.89731 15.4924 0.0048
3840.88132 15.4945 0.0040
3841.86466 15.4821 0.0040
3842.77854 15.4784 0.0041
3845.87264 15.4724 0.0088
3846.87295 15.4683 0.0037
3847.92286 15.4819 0.0054
3848.88891 15.4894 0.0047
3849.91780 15.4758 0.0039
3850.83786 15.4773 0.0041
3851.84432 15.4758 0.0045
3852.83635 15.4784 0.0040
3853.82553 15.4778 0.0034
3856.81420 15.4780 0.0039
3860.86963 15.4660 0.0044
3861.88489 15.4805 0.0039
3862.82850 15.4727 0.0037
3863.80629 15.4794 0.0037
3864.83017 15.4868 0.0037
3865.79260 15.4820 0.0040
3866.75819 15.4821 0.0038
3867.76910 15.4813 0.0041
3868.76037 15.4698 0.0043
3869.74354 15.4835 0.0042
3873.74559 15.4719 0.0039
3874.79244 15.4961 0.0042
3875.77577 15.4775 0.0036
3877.73744 15.4740 0.0036
3880.80144 15.4888 0.0040
3881.80933 15.4747 0.0037
3882.74434 15.4978 0.0041
3883.79629 15.4899 0.0039
3886.75959 15.4804 0.0038
3887.73945 15.4753 0.0039
3889.90115 15.4759 0.0037
3891.63277 15.4811 0.0041
3892.76844 15.4881 0.0040
3893.81132 15.4764 0.0043
3894.83625 15.4921 0.0052
3896.78975 15.4981 0.0059
3900.68347 15.4593 0.0052
3901.68900 15.4716 0.0038
3902.70659 15.4783 0.0038
3903.85843 15.5023 0.0043
3904.68630 15.4805 0.0034
3905.69707 15.4805 0.0039
3906.67495 15.4974 0.0041
3907.74093 15.4830 0.0045
3908.68085 15.4746 0.0036
3909.67896 15.4782 0.0035
3912.68300 15.4822 0.0033
3913.68327 15.4776 0.0037
3914.74267 15.4749 0.0036
3915.68012 15.4789 0.0037
3916.76186 15.5013 0.0045
3917.77909 15.5002 0.0051
3918.77938 15.4806 0.0041
3919.70949 15.4921 0.0033
3920.66314 15.4780 0.0041
3921.67167 15.4696 0.0047
3930.73337 15.4896 0.0042
3931.64948 15.4862 0.0044
3932.61332 15.4783 0.0035
3933.66084 15.4821 0.0037
3934.62722 15.4811 0.0037
3935.60828 15.4757 0.0037
3936.59335 15.4904 0.0042
3937.67209 15.4822 0.0040
3938.63833 15.4680 0.0042
3940.78237 15.4758 0.0037
3944.74355 15.4898 0.0036
3945.67469 15.4779 0.0039
3946.66549 15.4846 0.0038
3950.68073 15.4849 0.0036
3951.70310 15.4920 0.0042
3959.65244 15.4829 0.0039
3960.64343 15.4822 0.0036
3963.64889 15.4630 0.0038
3964.69205 15.4797 0.0038
3965.65980 15.4856 0.0035
3966.65422 15.4905 0.0038
3967.67777 15.4868 0.0038
3968.63727 15.4878 0.0040
3969.64773 15.4707 0.0042
3970.65448 15.4850 0.0038
3971.68576 15.4933 0.0039
3974.65157 15.4924 0.0041
3975.64411 15.4898 0.0039
3976.63806 15.4713 0.0040
3987.63541 15.4914 0.0038
3989.58568 15.4996 0.0042
3991.58713 15.4862 0.0047
3995.53492 15.4831 0.0039
4001.60522 15.4850 0.0042
4003.59528 15.4945 0.0040
4011.57860 15.4892 0.0047
4016.54844 15.4953 0.0051
4019.58941 15.5051 0.0051
4023.57221 15.4953 0.0050
4025.52676 15.4803 0.0040
4027.53152 15.4964 0.0043
4030.52357 15.4888 0.0047
4153.84328 15.4883 0.0050
4155.87803 15.4982 0.0048
4158.83978 15.4916 0.0052
4161.80763 15.4819 0.0057
4162.89051 15.4987 0.0050
4165.87485 15.4931 0.0051
4167.87851 15.4864 0.0049
4169.88217 15.4938 0.0046
4174.88415 15.4950 0.0044
4176.86151 15.5001 0.0049
4178.78781 15.4936 0.0046
4179.81269 15.4891 0.0045
4180.88122 15.4898 0.0050
4182.79368 15.4934 0.0043
4183.82657 15.4920 0.0047
4185.80239 15.4923 0.0048
4190.90525 15.4946 0.0047
4192.90458 15.5003 0.0048
4193.91558 15.4894 0.0047
4196.89521 15.4855 0.0046
4202.90681 15.4939 0.0048
4203.89498 15.4783 0.0043
4204.90182 15.4897 0.0044
4205.89130 15.4947 0.0047
4207.91839 15.4953 0.0045
4208.92399 15.4942 0.0046
4213.89553 15.4909 0.0044
4216.85414 15.4964 0.0042
4217.87710 15.4929 0.0042
4218.92079 15.4984 0.0045
4220.91052 15.4957 0.0055
4222.86767 15.4877 0.0048
4227.90012 15.4979 0.0048
4228.86859 15.4931 0.0054
4229.83454 15.4898 0.0046
4230.81522 15.4935 0.0045
4231.85752 15.4944 0.0048
4232.87845 15.5088 0.0057
4234.81657 15.4908 0.0046
4234.85336 15.4967 0.0046
4235.83704 15.4879 0.0045
4237.65385 15.5050 0.0050
4238.84149 15.4917 0.0047
4240.63957 15.4902 0.0050
4243.88783 15.4916 0.0050
4244.89858 15.4928 0.0050
4245.93763 15.4904 0.0047
4246.94196 15.4818 0.0052
4247.60035 15.4886 0.0047
4250.92825 15.4898 0.0055
4256.82665 15.4956 0.0059
4257.71050 15.4935 0.0056
4258.81259 15.4942 0.0050
4268.59363 15.4931 0.0049
4269.73404 15.5053 0.0048
4272.65526 15.4857 0.0043
4273.70270 15.4892 0.0046
4274.68657 15.4852 0.0047
4275.74337 15.4889 0.0049
4277.58420 15.4921 0.0050
4278.71753 15.5075 0.0054
4283.66450 15.5009 0.0046
4284.64582 15.4978 0.0050
4285.65277 15.4911 0.0052
4286.74649 15.4933 0.0047
4289.69627 15.5193 0.0056
4291.59066 15.4979 0.0052
4292.63115 15.4947 0.0044
4293.65956 15.4903 0.0044
4294.70014 15.4875 0.0038
4295.66078 15.4974 0.0042
4296.64364 15.4961 0.0042
4297.57083 15.4949 0.0043
4298.80302 15.5097 0.0056
4299.77255 15.4894 0.0045
4300.70867 15.5030 0.0047
4301.57179 15.4960 0.0044
4302.80575 15.5162 0.0052
4306.56284 15.5012 0.0055
4311.60606 15.4987 0.0062
4312.67261 15.4917 0.0046
4319.66872 15.4880 0.0052
4326.67781 15.5041 0.0047
4327.71389 15.5005 0.0054
4328.64865 15.5052 0.0047
4329.63901 15.5031 0.0051
4330.65327 15.4950 0.0045
4331.64871 15.5007 0.0046
4332.70335 15.4875 0.0050
4333.65248 15.4966 0.0049
4334.66596 15.5017 0.0072
4338.68559 15.4922 0.0061
4339.65550 15.4895 0.0050
4340.71872 15.4971 0.0056
4341.70014 15.5002 0.0062
4342.69663 15.5022 0.0059
4343.66641 15.4846 0.0049
4345.66630 15.4908 0.0059
4346.67145 15.4962 0.0053
4347.68560 15.4889 0.0050
4349.66066 15.4993 0.0048
4351.65607 15.5080 0.0050
4354.66483 15.5086 0.0052
4357.60286 15.4981 0.0053
4359.57637 15.4913 0.0048
4365.62445 15.5062 0.0065
4370.57369 15.4977 0.0047
4372.60927 15.4926 0.0049
4377.56998 15.4956 0.0053
4382.60511 15.5061 0.0056
4518.90072 15.5120 0.0068
4520.89304 15.5167 0.0051
4523.87600 15.4934 0.0047
4525.87069 15.4918 0.0055
4532.89612 15.4960 0.0046
4535.86109 15.5029 0.0048
4537.81098 15.5002 0.0045
4539.81577 15.5059 0.0043
4541.84773 15.4917 0.0040
4543.83741 15.4930 0.0042
4544.83424 15.4904 0.0043
4545.85184 15.4925 0.0043
4547.82568 15.5019 0.0045
4550.82459 15.4958 0.0045
4552.81471 15.4933 0.0047
4556.90647 15.4857 0.0041
4558.90156 15.4949 0.0041
4559.89656 15.5022 0.0043
4560.89672 15.4991 0.0040
4561.88576 15.4986 0.0039
4564.88990 15.5042 0.0041
4565.87951 15.4917 0.0037
4566.88078 15.5038 0.0040
4567.88634 15.4864 0.0040
4569.90458 15.4970 0.0043
4570.91020 15.5033 0.0045
4571.87181 15.4950 0.0041
4572.91041 15.5003 0.0047
4573.88615 15.4977 0.0040
4574.89396 15.5030 0.0046
4575.90518 15.4992 0.0042
4583.87542 15.4991 0.0049
4585.85916 15.4885 0.0042
4586.87793 15.4892 0.0044
4587.88979 15.4984 0.0050
4588.78004 15.4875 0.0041
4589.74941 15.4892 0.0047
4590.82906 15.5002 0.0042
4591.74192 15.4957 0.0043
4592.81539 15.4845 0.0046
4593.80091 15.5043 0.0043
4594.83153 15.5045 0.0043
4595.82002 15.5076 0.0044
4596.77564 15.4901 0.0039
4597.83754 15.4877 0.0044
4598.80704 15.5056 0.0037
4599.78626 15.4950 0.0040
4600.80865 15.4959 0.0038
4601.79727 15.4875 0.0039
4602.80091 15.4932 0.0038
4606.86377 15.4909 0.0046
4611.77833 15.5008 0.0045
4616.77441 15.4857 0.0042
4618.67489 15.5072 0.0046
4622.75434 15.5036 0.0045
4623.82670 15.4937 0.0045
4624.76548 15.4955 0.0045
4625.74905 15.4951 0.0049
4626.81049 15.4981 0.0045
4627.78805 15.4941 0.0040
4628.71670 15.4894 0.0042
4629.78606 15.5037 0.0044
4630.72525 15.5044 0.0045
4631.74111 15.4915 0.0040
4632.77490 15.4933 0.0042
4633.91038 15.5087 0.0058
4639.86308 15.4833 0.0064
4642.55093 15.4897 0.0049
4643.70798 15.5004 0.0044
4644.79748 15.5018 0.0045
4645.71011 15.5143 0.0049
4646.67704 15.4975 0.0041
4647.69904 15.4888 0.0044
4649.68363 15.5016 0.0043
4650.72164 15.4886 0.0046
4651.72222 15.5117 0.0050
4652.65477 15.4931 0.0045
4653.68224 15.5010 0.0044
4654.68706 15.4958 0.0046
4655.68769 15.5017 0.0041
4656.65409 15.4930 0.0044
4661.64446 15.4871 0.0051
4666.51499 15.4967 0.0051
4670.74658 15.5078 0.0055
4671.70008 15.4931 0.0046
4672.65990 15.5049 0.0044
4674.47930 15.4961 0.0055
4674.68785 15.5039 0.0046
4677.73198 15.5231 0.0055
4681.71589 15.5037 0.0050
4682.71355 15.4968 0.0043
4683.66958 15.4959 0.0046
4684.68833 15.5040 0.0045
4684.78152 15.5018 0.0055
4685.71414 15.4919 0.0044
4687.70239 15.5045 0.0052
4688.64830 15.4967 0.0043
4694.73623 15.5190 0.0062
4697.65716 15.5109 0.0052
4698.67532 15.5136 0.0050
4700.67052 15.5037 0.0046
4701.65384 15.4976 0.0048
4702.66831 15.5042 0.0051
4708.68993 15.5044 0.0047
4715.65099 15.5037 0.0053
4720.66148 15.4932 0.0088
4721.66448 15.4968 0.0061
4722.65470 15.4997 0.0054
4725.62760 15.4976 0.0053
4733.61689 15.5009 0.0050
4750.55893 15.5092 0.0059
4757.56580 15.4996 0.0048
4763.54211 15.4986 0.0053
4767.52987 15.5029 0.0055
4768.52413 15.5113 0.0063
4769.51870 15.5111 0.0065
4771.51771 15.5069 0.0064
4772.51584 15.5102 0.0072
4774.50430 15.4942 0.0056
4776.51518 15.4992 0.0064
4778.52018 15.4956 0.0057
4779.51626 15.5064 0.0053
4877.88214 15.4963 0.0041
4883.89602 15.5060 0.0058
4886.86272 15.5082 0.0046
4890.83520 15.4899 0.0043
4894.88621 15.5213 0.0052
4898.90385 15.5067 0.0044
4900.86494 15.4955 0.0042
4902.84215 15.4996 0.0043
4903.90486 15.4987 0.0043
4904.87037 15.5009 0.0043
4911.90556 15.4997 0.0037
4913.91901 15.5125 0.0046
4924.91316 15.5091 0.0041
4926.77452 15.5080 0.0045
4928.81991 15.5009 0.0043
4930.75538 15.5139 0.0047
4931.90988 15.4954 0.0044
4932.80538 15.4898 0.0041
4933.75297 15.4997 0.0049
4934.85125 15.5048 0.0044
4938.85974 15.5018 0.0043
4940.80447 15.5075 0.0044
4941.85625 15.5189 0.0044
4943.73890 15.5037 0.0040
4944.80377 15.4904 0.0039
4945.67174 15.5046 0.0045
4946.75355 15.4931 0.0040
4949.81826 15.5013 0.0038
4951.84324 15.4976 0.0044
4953.74773 15.5007 0.0042
