2125.56420 16.8911 0.0212
2129.64762 16.8692 0.0109
2132.59101 16.8709 0.0137
2135.72855 16.9031 0.0108
2140.69098 16.8618 0.0160
2144.57345 16.8705 0.0138
2160.55996 16.8534 0.0153
2168.62773 16.8441 0.0164
2175.60142 16.8790 0.0203
2187.53684 16.8729 0.0139
2206.53264 16.8794 0.0221
2331.87317 16.8664 0.0140
2345.90164 16.8787 0.0148
2355.84756 16.8717 0.0133
2364.90507 16.8381 0.0144
2372.80569 16.8839 0.0118
2403.86029 16.8791 0.0119
2411.76498 16.9184 0.0089
2414.73752 16.8621 0.0121
2416.77893 16.8760 0.0134
2424.87211 16.9004 0.0185
2428.77374 16.8786 0.0156
2432.81625 16.8900 0.0201
2434.68414 16.8832 0.0132
2436.73246 16.8610 0.0132
2438.70995 16.8804 0.0141
2440.73996 16.8697 0.0135
2443.71323 16.8840 0.0139
2445.59416 16.8790 0.0125
2448.58338 16.8917 0.0251
2453.83352 16.8654 0.0144
2456.54501 16.8485 0.0146
2458.68197 16.8727 0.0122
2460.75428 16.8847 0.0152
2463.50349 16.8719 0.0141
2466.70863 16.8964 0.0128
2468.57948 16.8775 0.0114
2470.58273 16.8939 0.0139
2472.58614 16.8752 0.0133
2481.48434 16.9295 0.0205
2484.58365 16.8904 0.0156
2493.60508 16.8826 0.0141
2495.67646 16.8724 0.0120
2497.76044 16.8724 0.0141
2498.46980 16.8828 0.0135
2500.49460 16.8881 0.0148
2502.52737 16.8768 0.0125
2508.62665 16.8670 0.0136
2512.57408 16.8926 0.0151
2517.61594 16.8768 0.0126
2520.54078 16.8763 0.0128
2526.63176 16.8800 0.0133
2537.61144 16.8985 0.0200
2542.47876 16.8491 0.0184
2547.54620 16.8597 0.0151
2556.53713 16.8782 0.0152
2564.49433 16.8807 0.0192
2575.49243 16.8518 0.0177
2706.87963 16.8882 0.0132
2714.86386 16.8880 0.0118
2728.89320 16.8658 0.0165
2733.87629 16.8727 0.0156
2744.86438 16.8710 0.0131
2753.85001 16.8737 0.0156
2756.90851 16.8850 0.0152
2760.86210 16.8799 0.0158
2766.91526 16.8963 0.0147
2770.78602 16.8846 0.0151
2783.73060 16.8763 0.0125
2785.83551 16.8813 0.0155
2786.89596 16.8688 0.0164
2789.70616 16.8694 0.0125
2791.68536 16.8820 0.0135
2794.89192 16.8636 0.0141
2796.77315 16.8806 0.0127
2797.93584 16.8842 0.0133
2803.59361 16.9286 0.0386
2809.67927 16.8743 0.0142
2810.84616 16.8742 0.0138
2811.87790 16.8946 0.0138
2813.67469 16.8851 0.0152
2814.69675 16.8840 0.0135
2816.55997 16.9006 0.0138
2818.54748 16.8893 0.0154
2820.68504 16.8846 0.0138
2826.71304 16.8880 0.0133
2834.74947 16.8757 0.0249
2836.69174 16.9183 0.0194
2837.59124 16.8584 0.0193
2839.63945 16.8925 0.0166
2841.65283 16.8788 0.0146
2843.58556 16.9097 0.0127
2845.61370 16.8874 0.0162
2849.79305 16.8892 0.0199
2852.48996 16.8738 0.0184
2854.48419 16.8977 0.0181
2856.67723 16.8891 0.0167
2858.64263 16.8782 0.0175
2862.56915 16.8838 0.0161
2865.67843 16.8597 0.0130
2868.55822 16.8910 0.0128
2871.66546 16.8799 0.0122
2876.54906 16.8797 0.0151
2879.59322 16.8746 0.0145
2885.48806 16.8806 0.0184
2894.59592 16.9008 0.0175
2898.58077 16.8447 0.0167
2904.55355 16.8296 0.0168
2908.61640 16.8117 0.0206
2909.54809 16.8457 0.0162
2917.58697 16.8826 0.0152
2930.53067 16.8796 0.0148
3051.86594 16.8980 0.0191
3058.85943 16.8826 0.0122
3062.89433 16.8844 0.0096
3063.88304 16.8950 0.0110
3067.85793 16.8675 0.0117
3070.81786 16.9104 0.0188
3072.89668 16.8946 0.0120
3075.79359 16.8827 0.0149
3079.85003 16.8651 0.0144
3082.81288 16.8811 0.0119
3082.83644 16.8999 0.0124
3082.87561 16.8979 0.0128
3082.89961 16.8926 0.0130
3083.77264 16.8782 0.0113
3083.87165 16.8810 0.0123
3084.75267 16.9261 0.0148
3085.87157 16.9029 0.0118
3086.80248 16.8716 0.0116
3087.82318 16.9018 0.0130
3088.75821 16.8729 0.0115
3089.76334 16.8882 0.0130
3090.82604 16.8804 0.0129
3091.78666 16.8824 0.0118
3092.87883 16.8899 0.0163
3093.89080 16.8860 0.0166
3096.82416 16.8573 0.0154
3097.79269 16.8884 0.0163
3097.87705 16.8904 0.0120
3097.89617 16.8916 0.0121
3097.91547 16.8686 0.0123
3098.75097 16.8762 0.0118
3098.86797 16.8612 0.0112
3099.78987 16.9009 0.0138
3100.82195 16.8805 0.0130
3102.78472 16.8768 0.0129
3103.85855 16.8758 0.0142
3106.79298 16.9024 0.0188
3108.73060 16.8817 0.0113
3109.75719 16.8860 0.0116
3110.79666 16.8820 0.0126
3111.83069 16.8879 0.0129
3112.80394 16.8791 0.0128
3113.83778 16.8734 0.0122
3114.74794 16.8711 0.0112
3115.83047 16.8643 0.0124
3118.89196 16.9233 0.0142
3122.87544 16.8931 0.0188
3125.83203 16.8695 0.0156
3126.86134 16.8723 0.0126
3127.76690 16.8630 0.0133
3128.78527 16.9069 0.0134
3129.75998 16.8839 0.0141
3131.64756 16.8883 0.0204
3134.72772 16.8943 0.0199
3135.82813 16.8715 0.0118
3137.90373 16.8528 0.0139
3138.78799 16.8806 0.0123
3139.83215 16.8838 0.0122
3140.83957 16.8764 0.0131
3142.73177 16.8616 0.0118
3144.75233 16.8661 0.0123
3146.72588 16.8806 0.0145
3151.71460 16.8837 0.0159
3152.71836 16.8552 0.0131
3152.93173 16.9092 0.0177
3153.72235 16.9094 0.0188
3154.78243 16.8918 0.0159
3156.76583 16.8927 0.0142
3158.83638 16.8930 0.0166
3162.77732 16.8813 0.0146
3163.73865 16.8917 0.0122
3164.69690 16.8980 0.0127
3165.76820 16.8727 0.0104
3166.85609 16.8770 0.0179
3168.55581 16.9023 0.0138
3168.89407 16.8612 0.0139
3169.69068 16.9079 0.0132
3170.76326 16.8910 0.0119
3171.84111 16.8810 0.0092
3172.70279 16.8961 0.0105
3174.67439 16.8805 0.0108
3175.68374 16.8804 0.0106
3176.72672 16.8864 0.0179
3178.74489 16.8751 0.0134
3179.75787 16.8760 0.0130
3180.67061 16.8800 0.0106
3182.73777 16.8817 0.0122
3183.69624 16.8738 0.0156
3184.66377 16.8879 0.0111
3185.81975 16.8476 0.0131
3193.49749 16.9104 0.0178
3194.60693 16.9009 0.0141
3195.66342 16.8814 0.0117
3196.70712 16.8946 0.0152
3197.49303 16.8714 0.0129
3197.60708 16.8840 0.0122
3197.66013 16.8404 0.0130
3197.74030 16.9068 0.0130
3197.80477 16.8878 0.0143
3197.83745 16.8815 0.0151
3198.70176 16.8921 0.0126
3199.57912 16.8793 0.0156
3199.75189 16.8819 0.0160
3201.49717 16.8795 0.0132
3202.50268 16.8679 0.0128
3203.62369 16.8880 0.0103
3204.58457 16.8905 0.0108
3205.72626 16.8731 0.0101
3206.63384 16.8834 0.0120
3209.67564 16.8771 0.0149
3210.62194 16.8818 0.0125
3211.71959 16.8974 0.0160
3217.61639 16.8799 0.0126
3218.61570 16.8804 0.0153
3219.68205 16.8894 0.0197
3223.61311 16.8916 0.0179
3224.66281 16.8977 0.0113
3226.57609 16.9007 0.0137
3228.55863 16.8868 0.0130
3229.59234 16.8874 0.0107
3230.63093 16.8741 0.0108
3231.53194 16.9127 0.0148
3232.56063 16.8910 0.0179
3238.58155 16.8908 0.0133
3239.54126 16.8687 0.0124
3240.61801 16.9384 0.0151
3241.61700 16.8962 0.0234
3245.51118 16.8442 0.0169
3246.66947 16.8856 0.0188
3247.63899 16.8786 0.0148
3249.49051 16.8826 0.0146
3250.61810 16.8676 0.0149
3253.61142 16.8721 0.0125
3256.59428 16.8302 0.0156
3259.58648 16.8703 0.0162
3267.49346 16.8696 0.0170
3271.57904 16.9689 0.0313
3274.59059 16.8862 0.0165
3278.56459 16.8604 0.0158
3281.54536 16.8480 0.0141
3288.50689 16.7877 0.0177
3293.48183 16.8906 0.0221
3294.51107 16.8684 0.0128
3295.48624 16.9066 0.0169
3296.50923 16.8756 0.0108
3299.48962 16.8750 0.0114
3308.52960 16.8711 0.0211
3309.54783 16.8800 0.0178
3312.49660 16.8632 0.0246
3416.86609 16.8982 0.0125
3421.85535 16.8631 0.0116
3425.88232 16.8857 0.0145
3428.87837 16.8923 0.0118
3432.85198 16.9307 0.0172
3442.85261 16.8728 0.0122
3444.90550 16.8853 0.0126
3447.81868 16.9034 0.0121
3449.83155 16.9224 0.0126
3452.85212 16.8797 0.0108
3454.90559 16.9152 0.0137
3458.76473 16.8877 0.0119
3459.81237 16.8632 0.0126
3468.84117 16.8860 0.0103
3469.84807 16.8797 0.0100
3471.87559 16.9013 0.0148
3473.84355 16.8520 0.0130
3474.86700 16.8585 0.0129
3474.88798 16.8721 0.0119
3476.73615 16.8915 0.0082
3478.75547 16.8934 0.0113
3479.89266 16.8882 0.0103
3481.78338 16.9047 0.0106
3484.73913 16.8864 0.0153
3496.68754 16.8571 0.0120
3497.75497 16.8754 0.0135
3498.90069 16.8776 0.0126
3499.71252 16.8629 0.0096
3500.69539 16.8835 0.0111
3501.73154 16.9037 0.0120
3502.73195 16.8647 0.0106
3503.65698 16.8658 0.0101
3504.83760 16.8892 0.0114
3506.84924 16.8543 0.0122
3508.71568 16.8879 0.0169
3509.74626 16.8740 0.0106
3510.88161 16.8730 0.0106
3511.79838 16.8514 0.0107
3512.81779 16.8571 0.0135
3517.82145 16.8690 0.0120
3520.77867 16.8806 0.0121
3522.70466 16.8986 0.0091
3523.76577 16.8851 0.0105
3523.90827 16.8648 0.0140
3524.66793 16.9091 0.0125
3525.66200 16.9106 0.0114
3526.71478 16.8774 0.0105
3527.74855 16.8990 0.0112
3528.68942 16.8770 0.0111
3529.64742 16.8798 0.0100
3530.65545 16.8895 0.0090
3538.62554 16.8614 0.0109
3540.61956 16.8916 0.0129
3544.82063 16.8410 0.0145
3547.75215 16.8850 0.0143
3550.59900 16.9067 0.0123
3551.60130 16.8883 0.0081
3552.62999 16.8871 0.0121
3553.75769 16.9006 0.0142
3554.70736 16.9240 0.0139
3556.68744 16.9084 0.0110
3558.49823 16.8622 0.0125
3558.79691 16.8876 0.0126
3559.57979 16.9139 0.0138
3560.56814 16.8984 0.0116
3561.51231 16.8929 0.0127
3562.55296 16.8886 0.0114
3562.80430 16.8951 0.0126
3563.60712 16.8959 0.0102
3564.58886 16.8705 0.0143
3568.81542 16.8730 0.0157
3569.47884 16.8762 0.0240
3572.80594 16.8880 0.0196
3573.61601 16.9006 0.0159
3574.65704 16.8651 0.0137
3575.50455 16.8871 0.0109
3576.65851 16.8825 0.0118
3577.72618 16.8441 0.0132
3578.63139 16.8700 0.0114
3579.58867 16.8851 0.0107
3579.75641 16.9058 0.0126
3580.61848 16.8702 0.0110
3581.64195 16.8988 0.0111
3582.58995 16.8917 0.0100
3583.60403 16.8715 0.0126
3584.61277 16.8778 0.0100
3585.60298 16.8650 0.0112
3586.64877 16.8590 0.0106
3589.64141 16.8971 0.0096
3590.61033 16.8848 0.0105
3592.61716 16.8915 0.0107
3593.63833 16.8662 0.0108
3594.67158 16.8550 0.0119
3601.61742 16.9070 0.0125
3601.71898 16.8696 0.0142
3602.46982 16.8756 0.0189
3602.52032 16.8923 0.0154
3602.63347 16.8700 0.0129
3603.60753 16.9020 0.0118
3606.63433 16.8750 0.0141
3607.60585 16.8984 0.0125
3608.61276 16.8837 0.0116
3615.54422 16.8967 0.0116
3616.55593 16.8736 0.0141
3618.53256 16.8552 0.0114
3619.55716 16.8871 0.0125
3621.55679 16.8771 0.0148
3628.53068 16.8537 0.0133
3629.61537 16.8816 0.0149
3631.50029 16.8924 0.0157
3633.51333 16.8948 0.0136
3637.60950 16.9164 0.0151
3639.56312 16.8948 0.0100
3641.51523 16.8593 0.0151
3643.59163 16.9218 0.0178
3648.50744 16.8788 0.0126
3650.54487 16.8481 0.0123
3654.51670 16.8294 0.0175
3655.49014 16.9584 0.0157
3657.50284 16.8613 0.0159
3660.49698 16.8674 0.0157
3662.50224 16.8539 0.0138
3666.52971 16.8682 0.0124
3775.87869 16.9070 0.0142
3781.86413 16.9152 0.0175
3784.84806 16.8770 0.0121
3787.83872 16.8822 0.0132
3790.86941 16.9041 0.0149
3790.90130 16.8673 0.0154
3791.85947 16.9267 0.0139
3792.86601 16.8774 0.0099
3793.87699 16.8680 0.0114
3794.82301 16.8908 0.0143
3795.90224 16.9015 0.0143
3796.86272 16.8557 0.0114
3797.90246 16.8646 0.0110
3798.80132 16.8573 0.0116
3799.85735 16.8834 0.0139
3799.90542 16.8680 0.0158
3800.88368 16.8690 0.0116
3801.78413 16.8873 0.0131
3801.86589 16.8815 0.0117
3801.90589 16.8873 0.0153
3802.78982 16.8880 0.0123
3802.83147 16.8968 0.0118
3802.91188 16.8906 0.0189
3803.78004 16.8802 0.0119
3803.86674 16.8871 0.0109
3803.90678 16.8776 0.0127
3804.78153 16.8906 0.0142
3804.90458 16.8758 0.0148
3805.78281 16.8849 0.0141
3805.87941 16.8841 0.0119
3806.80291 16.8880 0.0121
3807.78232 16.9074 0.0167
3807.81663 16.8974 0.0141
3808.77632 16.8707 0.0131
3809.77914 16.8717 0.0117
3810.76809 16.8611 0.0131
3810.82375 16.8655 0.0126
3811.81975 16.9086 0.0153
3812.81149 16.8899 0.0130
3813.78729 16.8839 0.0121
3814.80431 16.8876 0.0118
3815.80831 16.8915 0.0122
3817.80766 16.8843 0.0121
3818.86652 16.8768 0.0112
3819.78212 16.8964 0.0104
3820.75242 16.8834 0.0108
3820.91992 16.8799 0.0145
3821.75288 16.9015 0.0120
3822.79501 16.8891 0.0124
3823.75105 16.8871 0.0115
3824.76855 16.8985 0.0147
3825.78216 16.9217 0.0165
3826.76211 16.8563 0.0116
3827.78179 16.8749 0.0115
3828.75538 16.8911 0.0150
3829.79071 16.8711 0.0114
3830.71243 16.8735 0.0120
3831.70888 16.8713 0.0109
3832.72337 16.8910 0.0111
3833.74173 16.8813 0.0115
3834.71103 16.8819 0.0145
3835.71640 16.8824 0.0133
3835.90247 16.8766 0.0106
3836.74482 16.8515 0.0147
3836.91245 16.8900 0.0111
3837.71135 16.8833 0.0142
3837.88358 16.8677 0.0106
3838.71882 16.8936 0.0160
3839.72017 16.8917 0.0151
3839.90667 16.8654 0.0148
3840.73216 16.8974 0.0138
3840.89094 16.8492 0.0116
3841.69011 16.8822 0.0144
3841.92150 16.8639 0.0122
3842.82346 16.8743 0.0115
3845.69983 16.8657 0.0208
3845.88357 16.8625 0.0189
3846.68027 16.9037 0.0134
3847.77696 16.8810 0.0142
3848.73196 16.8986 0.0137
3849.72769 16.8860 0.0115
3849.93054 16.8916 0.0141
3850.67431 16.8922 0.0118
3850.72852 16.8831 0.0119
3850.84686 16.8582 0.0124
3850.91841 16.8919 0.0127
3851.68810 16.9007 0.0126
3851.85334 16.8674 0.0133
3852.67886 16.8777 0.0135
3852.90736 16.8852 0.0150
3853.66714 16.8780 0.0115
3853.83477 16.8610 0.0098
3853.90627 16.8736 0.0101
3854.66152 16.8897 0.0166
3855.76268 16.8676 0.0085
3856.65711 16.8735 0.0115
3856.82348 16.8930 0.0127
3857.89376 16.8704 0.0111
3858.68574 16.8639 0.0110
3859.77616 16.8790 0.0111
3860.79238 16.9111 0.0155
3861.64599 16.9053 0.0134
3861.75295 16.8643 0.0109
3862.65104 16.8696 0.0118
3862.83902 16.8632 0.0103
3862.91507 16.8931 0.0118
3863.66663 16.8624 0.0112
3863.88688 16.8741 0.0108
3864.65471 16.8830 0.0131
3864.84715 16.8802 0.0104
3865.71462 16.8967 0.0117
3865.85819 16.8675 0.0128
3865.92717 16.8757 0.0110
3866.66621 16.8801 0.0117
3866.80586 16.8807 0.0113
3866.88406 16.8777 0.0118
3867.68110 16.8732 0.0119
3867.86672 16.8763 0.0120
3868.68902 16.8761 0.0140
3868.83309 16.8703 0.0144
3868.91295 16.8650 0.0144
3869.66652 16.8730 0.0119
3869.84830 16.8766 0.0149
3872.86366 16.8747 0.0114
3873.67210 16.8859 0.0110
3873.81440 16.8968 0.0116
3873.88626 16.8744 0.0120
3874.72393 16.8993 0.0136
3874.89795 16.8918 0.0122
3875.68448 16.8800 0.0104
3875.83952 16.8932 0.0109
3875.93761 16.8766 0.0118
3876.61160 16.8770 0.0107
3877.68855 16.8730 0.0096
3877.83728 16.8636 0.0113
3877.91135 16.8553 0.0148
3879.64452 16.8602 0.0095
3880.81378 16.8597 0.0125
3880.89283 16.8657 0.0112
3881.63930 16.8968 0.0121
3881.85480 16.8774 0.0109
3881.90141 16.8808 0.0104
3882.62423 16.8780 0.0121
3882.77772 16.8559 0.0106
3882.85158 16.8749 0.0114
3882.92037 16.8751 0.0106
3883.61176 16.8996 0.0137
3883.80885 16.8763 0.0125
3886.57109 16.9179 0.0118
3886.77231 16.8679 0.0113
3886.84758 16.8830 0.0103
3886.94553 16.8308 0.0176
3887.62486 16.8652 0.0112
3887.75131 16.8971 0.0117
3887.85544 16.9026 0.0128
3887.92752 16.8812 0.0119
3889.63890 16.8788 0.0107
3889.91372 16.8687 0.0128
3891.64827 16.9045 0.0130
3891.76999 16.8867 0.0146
3891.85218 16.8863 0.0120
3892.90092 16.8718 0.0112
3893.58287 16.8796 0.0126
3893.82924 16.8690 0.0138
3894.64312 16.8973 0.0145
3894.85844 16.8708 0.0143
3896.57913 16.8747 0.0160
3900.50691 16.8976 0.0171
3900.69232 16.8718 0.0123
3900.77666 16.8660 0.0125
3900.84516 16.8792 0.0121
3901.52177 16.8798 0.0143
3901.69796 16.8841 0.0114
3901.77569 16.8576 0.0121
3901.84879 16.8669 0.0133
3902.53330 16.8969 0.0145
3902.72034 16.8832 0.0114
3902.83319 16.9021 0.0151
3903.87423 16.8682 0.0140
3904.53264 16.8619 0.0117
3904.69510 16.8643 0.0097
3904.76457 16.8739 0.0108
3904.83729 16.8674 0.0112
3905.52947 16.8574 0.0113
3905.70582 16.8939 0.0115
3905.77609 16.8751 0.0102
3905.84469 16.9044 0.0101
3906.53734 16.9075 0.0145
3906.73019 16.8929 0.0107
3906.80337 16.9043 0.0117
3906.89196 16.8975 0.0135
3907.57162 16.8832 0.0125
3907.75696 16.9117 0.0174
3907.84140 16.9069 0.0158
3908.50963 16.8745 0.0144
3908.69570 16.8873 0.0111
3908.77341 16.8813 0.0115
3908.85610 16.9054 0.0113
3909.50923 16.8400 0.0165
3909.68769 16.8900 0.0099
3909.69997 16.8461 0.0100
3909.74372 16.8788 0.0101
3909.76212 16.8787 0.0101
3909.78242 16.8794 0.0101
3909.82598 16.8623 0.0112
3909.86203 16.8895 0.0126
3910.52972 16.8699 0.0138
3912.50415 16.8685 0.0111
3912.69556 16.8684 0.0091
3912.78691 16.8595 0.0099
3912.87481 16.8899 0.0115
3913.49704 16.8748 0.0106
3913.69893 16.8668 0.0107
3913.79441 16.8656 0.0104
3913.88042 16.8793 0.0128
3914.52304 16.8705 0.0126
3914.75460 16.8734 0.0106
3915.49878 16.8804 0.0126
3915.51593 16.8888 0.0119
3915.54482 16.8770 0.0132
3915.57381 16.9052 0.0117
3915.60800 16.8915 0.0128
3915.64564 16.8725 0.0105
3915.68430 16.9010 0.0111
3915.69432 16.8913 0.0122
3915.70309 16.8674 0.0116
3915.75111 16.8743 0.0116
3915.77711 16.8717 0.0120
3915.79499 16.8627 0.0111
3915.81205 16.8765 0.0111
3915.84500 16.8873 0.0139
3915.87428 16.8856 0.0126
3916.51427 16.8696 0.0124
3916.53479 16.8992 0.0144
3916.54350 16.8846 0.0134
3916.58679 16.8849 0.0142
3916.62171 16.9023 0.0126
3916.68951 16.8661 0.0104
3916.72728 16.8336 0.0114
3916.76501 16.9219 0.0153
3916.79783 16.8787 0.0159
3916.82744 16.8683 0.0121
3917.49061 16.9328 0.0127
3917.52165 16.8802 0.0146
3917.54204 16.8639 0.0123
3917.62364 16.8662 0.0126
3917.66187 16.8917 0.0137
3917.70226 16.9062 0.0112
3917.74014 16.8739 0.0128
3917.78239 16.8618 0.0169
3917.79448 16.8599 0.0128
3918.50369 16.8858 0.0128
3918.51293 16.9080 0.0127
3918.52240 16.8777 0.0124
3918.53510 16.9161 0.0140
3918.56295 16.8806 0.0143
3918.58581 16.9180 0.0149
3918.60482 16.8614 0.0139
3918.62574 16.9080 0.0128
3918.65390 16.8568 0.0108
3918.67901 16.9043 0.0123
3918.70231 16.8899 0.0118
3918.72680 16.9011 0.0140
3918.74443 16.8992 0.0119
3918.78254 16.9027 0.0130
3918.80640 16.9167 0.0131
3918.83583 16.8969 0.0146
3918.86805 16.9058 0.0176
3919.48461 16.9102 0.0140
3919.49657 16.8743 0.0137
3919.56389 16.8867 0.0136
3919.63954 16.8755 0.0119
3919.67472 16.8828 0.0119
3919.72910 16.8834 0.0102
3919.79320 16.9005 0.0101
3919.84527 16.8431 0.0146
3920.47445 16.8791 0.0137
3920.48637 16.9003 0.0139
3920.50422 16.8948 0.0129
3920.53028 16.8845 0.0113
3920.59162 16.8760 0.0119
3920.68293 16.8989 0.0144
3920.76493 16.8781 0.0105
3920.83467 16.8881 0.0112
3921.47445 16.8637 0.0128
3921.48635 16.8903 0.0131
3921.56911 16.8985 0.0140
3921.64019 16.9179 0.0157
3921.68380 16.8803 0.0156
3921.77209 16.8828 0.0167
3921.80543 16.8704 0.0165
3922.68356 16.8719 0.0154
3922.73034 16.8698 0.0154
3930.48647 16.9109 0.0127
3930.76065 16.9207 0.0157
3931.47136 16.8666 0.0157
3932.50289 16.8906 0.0134
3932.77819 16.8887 0.0124
3933.48393 16.8611 0.0115
3933.67376 16.8687 0.0094
3933.74927 16.8627 0.0101
3934.46669 16.9002 0.0133
3934.68345 16.8806 0.0116
3934.75249 16.8881 0.0118
3935.51663 16.8995 0.0121
3935.68783 16.8647 0.0159
3935.75647 16.8763 0.0119
3936.46998 16.8648 0.0163
3936.63528 16.8754 0.0110
3936.71184 16.8339 0.0115
3937.47622 16.9132 0.0162
3937.75326 16.9020 0.0146
3938.47460 16.8944 0.0159
3938.66244 16.8854 0.0126
3938.75145 16.8448 0.0134
3939.54206 16.8679 0.0103
3940.66033 16.8810 0.0100
3940.79117 16.8934 0.0118
3942.52799 16.9058 0.0177
3944.50774 16.8772 0.0117
3944.57108 16.9242 0.0111
3944.61022 16.8552 0.0107
3944.65586 16.8704 0.0110
3945.46987 16.8751 0.0132
3945.51612 16.8850 0.0118
3945.54658 16.8565 0.0121
3945.65690 16.8647 0.0114
3945.69039 16.8760 0.0109
3945.74623 16.8869 0.0129
3945.79034 16.8815 0.0140
3946.47325 16.9217 0.0154
3946.55445 16.8773 0.0125
3946.67844 16.8694 0.0121
3946.75587 16.8941 0.0127
3950.49010 16.8995 0.0136
3950.69984 16.8740 0.0118
3951.48993 16.8835 0.0137
3951.72245 16.9051 0.0140
3955.51206 16.9010 0.0174
3956.52096 16.8717 0.0187
3957.48308 16.8738 0.0130
3959.47964 16.8967 0.0144
3959.66092 16.8984 0.0134
3960.47587 16.8878 0.0136
3960.65492 16.8789 0.0103
3960.72705 16.8945 0.0126
3961.53238 16.8794 0.0145
3963.50856 16.8638 0.0125
3963.68015 16.8677 0.0109
3964.49288 16.8926 0.0133
3964.70156 16.8939 0.0118
3965.48188 16.8887 0.0128
3965.67441 16.8813 0.0104
3966.51187 16.8951 0.0124
3966.66487 16.8627 0.0118
3967.49338 16.8637 0.0158
3967.69025 16.8877 0.0114
3968.47369 16.8667 0.0143
3968.64555 16.8895 0.0121
3968.71470 16.8894 0.0140
3969.50228 16.8766 0.0136
3969.65609 16.8896 0.0124
3970.48284 16.8640 0.0140
3970.66376 16.8942 0.0136
3971.52097 16.8799 0.0167
3971.69702 16.8674 0.0115
3973.54768 16.8959 0.0148
3974.48257 16.8993 0.0144
3974.66163 16.8642 0.0128
3975.48530 16.9147 0.0168
3975.65676 16.8805 0.0124
3976.48205 16.8379 0.0106
3976.64923 16.8762 0.0133
3979.48508 16.8642 0.0170
3982.54117 16.8935 0.0178
3983.49160 16.9312 0.0204
3986.55483 16.8749 0.0161
3987.48273 16.9071 0.0149
3987.64370 16.8651 0.0127
3988.48566 16.8790 0.0115
3990.61682 16.8669 0.0147
3993.58679 16.8514 0.0156
3995.54349 16.8574 0.0118
3996.54195 16.9050 0.0151
3999.56423 16.8783 0.0142
4001.49450 16.8399 0.0151
4003.51478 16.8697 0.0110
4004.49006 16.8664 0.0111
4006.49686 16.8775 0.0144
4011.59357 16.8831 0.0161
4012.54488 16.8977 0.0162
4016.49235 16.8790 0.0151
4018.51759 16.7584 0.0144
4020.50697 16.8541 0.0159
4023.51584 16.8471 0.0158
4025.53525 16.9027 0.0127
4027.54017 16.8757 0.0145
4030.53197 16.8559 0.0153
4036.51320 16.8406 0.0187
4040.49435 16.8067 0.0227
4042.52439 16.8377 0.0184
4140.88499 16.8333 0.0215
4143.88227 16.8670 0.0174
4149.87419 16.8978 0.0162
4153.86054 16.8690 0.0138
4155.89649 16.8762 0.0160
4158.85847 16.8862 0.0158
4161.82644 16.8601 0.0142
4162.90779 16.8996 0.0192
4164.81498 16.8660 0.0144
4165.89537 16.8365 0.0189
4167.89933 16.8543 0.0132
4169.90291 16.8604 0.0136
4174.90536 16.8681 0.0138
4175.85648 16.8487 0.0142
4176.87886 16.8528 0.0126
4178.77116 16.8831 0.0131
4179.82996 16.8489 0.0125
4180.90933 16.8712 0.0170
4183.84731 16.8701 0.0148
4184.88777 16.8828 0.0108
4185.86368 16.8672 0.0144
4189.89071 16.8712 0.0170
4191.85341 16.8771 0.0180
4192.76866 16.8537 0.0177
4194.76808 16.8589 0.0151
4196.75834 16.8601 0.0161
4202.73976 16.8622 0.0142
4203.72793 16.8483 0.0116
4203.91234 16.8435 0.0120
4204.71622 16.8403 0.0138
4205.71665 16.8404 0.0131
4207.70612 16.8512 0.0149
4207.88135 16.8413 0.0119
4208.72824 16.8434 0.0132
4209.76097 16.8642 0.0114
4211.74090 16.8689 0.0155
4212.90224 16.8354 0.0167
4213.73487 16.8181 0.0133
4215.72486 16.8608 0.0148
4216.68217 16.8532 0.0141
4216.87558 16.8368 0.0090
4217.68781 16.8447 0.0125
4218.71201 16.8570 0.0168
4219.73346 16.8165 0.0156
4220.67039 16.8721 0.0165
4221.71112 16.8465 0.0144
4222.89075 16.8245 0.0129
4223.67476 16.8506 0.0168
4224.76546 16.8511 0.0161
4228.65972 16.8361 0.0162
4228.89142 16.8241 0.0154
4229.65452 16.8586 0.0174
4229.85159 16.8176 0.0138
4229.91317 16.8389 0.0129
4230.66434 16.8457 0.0128
4230.85233 16.8532 0.0140
4230.91404 16.8369 0.0180
4231.64869 16.8113 0.0118
4231.82412 16.8421 0.0135
4231.91707 16.8308 0.0152
4232.73150 16.8557 0.0153
4232.89854 16.8251 0.0154
4233.76198 16.8495 0.0210
4234.68868 16.8494 0.0155
4235.87376 16.8262 0.0137
4237.67483 16.8264 0.0129
4238.71245 16.8226 0.0134
4238.85841 16.8180 0.0133
4238.92015 16.8143 0.0156
4239.61765 16.8458 0.0190
4240.65989 16.8148 0.0131
4240.78207 16.7999 0.0131
4240.92248 16.8337 0.0133
4243.62245 16.8341 0.0164
4243.71870 16.8491 0.0162
4243.81227 16.8072 0.0138
4243.93000 16.8342 0.0149
4244.59824 16.8139 0.0182
4244.69058 16.8279 0.0143
4244.78717 16.8219 0.0120
4245.59097 16.8272 0.0113
4245.68467 16.8284 0.0121
4245.77784 16.8206 0.0117
4246.64967 16.8262 0.0140
4246.74267 16.8073 0.0137
4246.83594 16.8141 0.0135
4247.63267 16.8414 0.0151
4247.79116 16.7936 0.0119
4250.71300 16.8077 0.0142
4251.78453 16.8045 0.0188
4256.59982 16.8202 0.0184
4256.74667 16.8392 0.0152
4256.84447 16.8339 0.0192
4257.63170 16.8218 0.0166
4258.61548 16.8117 0.0180
4258.73817 16.8057 0.0135
4258.83345 16.7891 0.0143
4267.57549 16.8079 0.0157
4268.76291 16.8030 0.0145
4268.88330 16.7764 0.0163
4269.55784 16.8143 0.0138
4269.67889 16.7987 0.0127
4269.76961 16.7941 0.0123
4270.55334 16.7905 0.0138
4272.62176 16.7926 0.0117
4272.77089 16.7912 0.0122
4272.84240 16.7835 0.0132
4273.59874 16.7771 0.0157
4273.77960 16.7982 0.0148
4273.83940 16.7911 0.0149
4274.59123 16.8082 0.0153
4274.74578 16.7778 0.0125
4274.80490 16.8034 0.0144
4275.58394 16.7893 0.0141
4275.75939 16.7855 0.0140
4275.81785 16.8099 0.0167
4275.87901 16.7877 0.0188
4276.56874 16.8035 0.0173
4277.51254 16.8007 0.0169
4277.68775 16.7811 0.0127
4277.74820 16.7897 0.0139
4277.80682 16.8197 0.0164
4278.54635 16.8026 0.0168
4278.73361 16.7701 0.0174
4278.80658 16.8136 0.0196
4283.49203 16.7906 0.0154
4283.70178 16.7692 0.0152
4284.48706 16.7564 0.0156
4284.71754 16.7801 0.0119
4284.77974 16.7824 0.0140
4284.84482 16.7620 0.0177
4285.48555 16.8126 0.0160
4285.67743 16.7680 0.0152
4285.74212 16.7734 0.0142
4285.80767 16.7797 0.0145
4286.48584 16.8216 0.0191
4286.77540 16.7964 0.0130
4289.48636 16.8061 0.0178
4289.71290 16.7994 0.0151
4289.77794 16.7471 0.0142
4289.84476 16.7498 0.0156
4290.54398 16.7631 0.0141
4291.64634 16.7734 0.0119
4291.76874 16.7635 0.0151
4292.47206 16.7834 0.0145
4292.65018 16.7523 0.0118
4292.70980 16.7782 0.0120
4292.76853 16.7548 0.0110
4292.83169 16.7230 0.0149
4293.47238 16.7723 0.0143
4293.73710 16.7578 0.0113
4293.81470 16.7747 0.0131
4294.47169 16.7556 0.0130
4295.47323 16.7811 0.0172
4295.67671 16.7593 0.0110
4295.73541 16.7515 0.0108
4295.81244 16.7618 0.0130
4296.47450 16.7646 0.0141
4296.66192 16.7614 0.0112
4296.75068 16.7651 0.0117
4297.49530 16.7819 0.0155
4297.69504 16.7434 0.0120
4297.79779 16.7557 0.0126
4298.52998 16.7544 0.0137
4298.63580 16.7759 0.0138
4298.72931 16.7504 0.0134
4299.51282 16.7552 0.0125
4299.60617 16.7638 0.0112
4299.69838 16.7447 0.0125
4299.78856 16.7974 0.0154
4300.50385 16.7607 0.0136
4300.62813 16.7595 0.0109
4300.72456 16.7421 0.0124
4301.49876 16.7576 0.0131
4301.59104 16.7367 0.0107
4301.68769 16.7479 0.0111
4301.78624 16.7281 0.0113
4302.55953 16.7668 0.0124
4302.66643 16.7467 0.0140
4303.64645 16.7774 0.0158
4304.53254 16.7671 0.0188
4304.64193 16.7497 0.0138
4305.65775 16.7557 0.0162
4306.51947 16.7365 0.0168
4306.65729 16.7383 0.0131
4307.75784 16.7537 0.0135
4310.76369 16.7358 0.0165
4311.73333 16.7251 0.0163
4312.50314 16.7608 0.0169
4312.69831 16.7391 0.0144
4312.79590 16.7065 0.0150
4314.49668 16.7471 0.0145
4315.53727 16.7085 0.0120
4316.56613 16.7206 0.0112
4317.48854 16.7221 0.0118
4319.49759 16.7345 0.0135
4319.75205 16.7116 0.0138
4320.51311 16.7462 0.0139
4326.47613 16.7184 0.0136
4327.56922 16.7373 0.0148
4328.49634 16.7081 0.0128
4328.67329 16.7320 0.0142
4329.50698 16.7115 0.0124
4329.65482 16.7087 0.0135
4329.71362 16.6810 0.0150
4330.51904 16.6857 0.0113
4330.67003 16.6984 0.0115
4331.49923 16.6952 0.0127
4331.66575 16.6921 0.0133
4332.47697 16.6864 0.0117
4333.50804 16.7060 0.0136
4333.66911 16.6909 0.0121
4334.48126 16.6799 0.0235
4334.51815 16.6898 0.0217
4334.57890 16.6518 0.0209
4338.48065 16.6917 0.0139
4339.50089 16.6691 0.0135
4339.67203 16.6878 0.0152
4340.56952 16.6886 0.0145
4341.48181 16.6839 0.0164
4342.47783 16.6856 0.0157
4342.51113 16.6733 0.0129
4343.47919 16.6633 0.0115
4343.68692 16.6482 0.0135
4344.51786 16.6858 0.0151
4345.48324 16.6512 0.0115
4346.49188 16.6697 0.0128
4347.51084 16.6806 0.0144
4348.49430 16.6527 0.0121
4348.50141 16.6517 0.0114
4350.50644 16.6500 0.0122
4351.48167 16.6749 0.0123
4352.49236 16.6572 0.0154
4353.48907 16.6277 0.0111
4354.51764 16.6491 0.0107
4355.50822 16.6363 0.0117
4356.48572 16.6500 0.0108
4357.56892 16.6225 0.0143
4358.52617 16.6299 0.0147
4359.49500 16.6456 0.0127
4361.54798 16.6364 0.0164
4362.48340 16.5973 0.0133
4365.54039 16.6531 0.0174
4367.51668 16.6295 0.0124
4368.55230 16.6495 0.0155
4369.50996 16.6252 0.0177
4370.53920 16.6180 0.0111
4371.51155 16.6215 0.0111
4372.49660 16.6173 0.0103
4373.56265 16.6146 0.0124
4375.51692 16.6436 0.0163
4377.58680 16.6263 0.0156
4378.49684 16.5972 0.0120
4379.51219 16.6261 0.0157
4380.52373 16.6153 0.0112
4381.50169 16.6226 0.0163
4382.59022 16.6247 0.0142
4383.51521 16.6201 0.0115
4384.55218 16.6140 0.0147
4387.53949 16.6213 0.0138
4393.50956 16.6151 0.0111
4394.56696 16.6110 0.0154
4395.53839 16.6208 0.0152
4396.55087 16.6261 0.0167
4397.50972 16.6303 0.0141
4398.51734 16.6257 0.0138
4399.55295 16.6191 0.0153
4400.51229 16.6254 0.0147
4402.52693 16.6263 0.0170
4403.52791 16.5989 0.0156
4411.53287 16.6202 0.0184
4506.87947 16.7964 0.0174
4510.87867 16.8208 0.0137
4513.83994 16.8134 0.0149
4517.83405 16.8778 0.0213
4519.81994 16.8177 0.0173
4522.84884 16.8398 0.0175
4524.83249 16.8443 0.0139
4530.79464 16.8288 0.0115
4533.82343 16.8639 0.0139
4535.87837 16.8366 0.0139
4537.77802 16.8644 0.0145
4538.87197 16.8424 0.0135
4539.83315 16.8635 0.0129
4540.84304 16.8589 0.0125
4541.77213 16.8419 0.0127
4542.76665 16.8830 0.0167
4543.76228 16.8766 0.0158
4544.75913 16.8918 0.0185
4545.74582 16.8712 0.0200
4546.75246 16.8857 0.0164
4547.76662 16.8530 0.0135
4548.81952 16.8676 0.0141
4550.79176 16.9076 0.0167
4551.73810 16.8775 0.0157
4552.78173 16.8284 0.0243
4556.73440 16.8664 0.0124
4556.92433 16.8570 0.0147
4557.75199 16.8509 0.0133
4558.77218 16.8694 0.0123
4559.72503 16.8637 0.0123
4559.91398 16.8648 0.0130
4560.72131 16.8751 0.0153
4560.91458 16.8535 0.0112
4561.71781 16.8325 0.0127
4561.90340 16.8568 0.0107
4564.70805 16.8764 0.0132
4564.90827 16.8485 0.0116
4565.70617 16.8526 0.0116
4565.89678 16.8628 0.0099
4566.70551 16.8571 0.0123
4566.89858 16.8453 0.0105
4566.90996 16.8669 0.0109
4566.92548 16.8330 0.0130
4567.69771 16.8670 0.0143
4567.79754 16.8570 0.0119
4567.90443 16.8669 0.0119
4568.70324 16.8750 0.0147
4569.71291 16.8836 0.0163
4569.92247 16.8876 0.0136
4570.70080 16.8767 0.0151
4571.69198 16.8610 0.0171
4571.88997 16.8693 0.0114
4572.70376 16.8658 0.0176
4573.71758 16.8463 0.0134
4573.92605 16.8580 0.0127
4574.72000 16.8854 0.0141
4575.72542 16.8856 0.0140
4576.73311 16.8590 0.0141
4577.81455 16.8487 0.0127
4578.76837 16.8485 0.0204
4579.84506 16.8634 0.0145
4583.71205 16.8479 0.0165
4583.79685 16.8625 0.0127
4583.83225 16.8486 0.0135
4583.86149 16.8663 0.0123
4583.89280 16.8963 0.0126
4583.92076 16.8738 0.0127
4585.69323 16.9106 0.0185
4585.71261 16.8660 0.0138
4585.73255 16.8753 0.0159
4585.74670 16.8741 0.0152
4585.76700 16.8758 0.0149
4585.77888 16.8798 0.0160
4585.79887 16.8270 0.0148
4585.83989 16.8705 0.0126
4585.87092 16.8873 0.0126
4585.92114 16.8415 0.0138
4586.72187 16.8899 0.0165
4586.74045 16.8760 0.0163
4586.89295 16.8614 0.0134
4586.92719 16.8975 0.0186
4587.74870 16.8866 0.0156
4587.90712 16.8749 0.0150
4588.71388 16.8791 0.0137
4589.69618 16.8697 0.0145
4589.85151 16.8814 0.0137
4589.91354 16.8681 0.0141
4590.67355 16.9004 0.0150
4590.87923 16.8674 0.0134
4591.68537 16.8775 0.0142
4591.85740 16.8804 0.0133
4591.91953 16.8670 0.0137
4592.64384 16.8592 0.0143
4592.83303 16.8705 0.0145
4592.89642 16.8554 0.0134
4593.63314 16.8998 0.0156
4593.84264 16.8743 0.0122
4593.90474 16.8601 0.0132
4594.65417 16.8685 0.0166
4594.84889 16.8854 0.0136
4594.91462 16.8662 0.0142
4595.63966 16.8875 0.0168
4595.83782 16.8644 0.0136
4595.89991 16.8714 0.0135
4596.63296 16.8755 0.0144
4596.91267 16.8678 0.0133
4597.66344 16.8627 0.0143
4597.85476 16.8386 0.0125
4597.92586 16.8915 0.0144
4598.63320 16.8568 0.0119
4598.87803 16.8616 0.0114
4599.61203 16.8838 0.0149
4599.81607 16.8670 0.0116
4600.62121 16.8757 0.0132
4600.92779 16.8804 0.0137
4601.62682 16.8718 0.0135
4601.84314 16.8763 0.0109
4601.90509 16.8642 0.0115
4602.61421 16.8527 0.0122
4602.82880 16.8828 0.0118
4603.74682 16.8802 0.0132
4606.61456 16.8729 0.0154
4610.75376 16.8613 0.0115
4610.92373 16.8575 0.0140
4611.60634 16.9049 0.0182
4611.83928 16.8588 0.0122
4612.62773 16.9063 0.0167
4615.76941 16.8753 0.0148
4616.57842 16.8973 0.0177
4616.79493 16.8640 0.0123
4616.86469 16.8548 0.0134
4617.63875 16.8698 0.0135
4618.58998 16.8766 0.0160
4621.67600 16.8501 0.0108
4622.77172 16.8865 0.0157
4622.88996 16.8773 0.0148
4623.60334 16.8752 0.0174
4623.84371 16.9081 0.0165
4623.91460 16.8808 0.0176
4624.55544 16.8978 0.0181
4624.78734 16.8939 0.0149
4624.85394 16.8731 0.0133
4624.92296 16.8768 0.0177
4625.58165 16.8768 0.0163
4625.76978 16.8969 0.0151
4625.86365 16.8755 0.0146
4626.57743 16.8851 0.0170
4626.83204 16.8987 0.0147
4627.53699 16.8715 0.0133
4627.80552 16.8561 0.0115
4627.89220 16.8589 0.0115
4628.57030 16.8655 0.0138
4628.73406 16.8689 0.0125
4628.79967 16.8611 0.0131
4628.86165 16.8823 0.0127
4629.58353 16.8828 0.0146
4629.80322 16.8705 0.0128
4629.81232 16.8804 0.0129
4629.85146 16.8724 0.0133
4629.87476 16.8702 0.0122
4629.88549 16.8941 0.0127
4629.92301 16.8706 0.0165
4630.52767 16.9013 0.0167
4630.53697 16.9246 0.0179
4630.57899 16.8601 0.0130
4630.61384 16.8651 0.0120
4630.66850 16.8734 0.0115
4630.70277 16.8544 0.0118
4630.73814 16.8721 0.0121
4630.74702 16.8770 0.0123
4630.82512 16.8683 0.0125
4630.89321 16.8680 0.0136
4631.54250 16.8813 0.0125
4631.75831 16.8957 0.0136
4631.83608 16.8938 0.0140
4631.91104 16.8739 0.0158
4632.53983 16.9064 0.0187
4632.80272 16.8685 0.0121
4633.54585 16.8562 0.0137
4633.64771 16.8700 0.0133
4633.76932 16.8672 0.0134
4638.73136 16.8775 0.0162
4638.82906 16.8582 0.0132
4639.54405 16.8954 0.0171
4639.65024 16.8826 0.0135
4639.82960 16.9020 0.0174
4640.57015 16.8931 0.0133
4640.70105 16.8776 0.0120
4640.80833 16.8847 0.0164
4641.59296 16.8711 0.0138
4641.74857 16.8712 0.0131
4642.56873 16.8606 0.0137
4642.72922 16.8687 0.0127
4642.80715 16.8602 0.0139
4643.52188 16.8922 0.0171
4644.64134 16.8788 0.0142
4644.82062 16.8697 0.0130
4645.49552 16.8779 0.0151
4645.74620 16.8960 0.0137
4645.82204 16.8841 0.0143
4645.88680 16.8744 0.0185
4646.49738 16.8822 0.0139
4646.82948 16.8633 0.0139
4647.49186 16.8610 0.0147
4647.71671 16.9081 0.0149
4647.81011 16.8779 0.0162
4648.48728 16.8850 0.0163
4648.52026 16.9019 0.0141
4648.60975 16.8887 0.0144
4648.62503 16.8876 0.0135
4648.62983 16.8859 0.0134
4648.63927 16.8738 0.0129
4648.64758 16.8772 0.0123
4648.65596 16.8885 0.0124
4648.66712 16.8872 0.0119
4648.67656 16.9006 0.0132
4648.68591 16.8940 0.0133
4648.70080 16.8978 0.0140
4648.71328 16.8944 0.0141
4648.72159 16.8879 0.0141
4648.73003 16.8735 0.0135
4648.73593 16.8916 0.0134
4648.74871 16.8914 0.0137
4648.75703 16.8734 0.0131
4648.76534 16.8749 0.0129
4648.77381 16.8904 0.0141
4648.78213 16.8919 0.0143
4648.83765 16.8828 0.0150
4649.50041 16.8758 0.0164
4649.54102 16.8817 0.0150
4649.59725 16.9130 0.0136
4649.69673 16.8687 0.0130
4649.71088 16.8804 0.0126
4649.82538 16.8980 0.0163
4650.49973 16.9161 0.0169
4650.53190 16.8898 0.0183
4650.74936 16.8751 0.0125
4650.83434 16.8925 0.0158
4651.49213 16.8631 0.0155
4652.48372 16.8907 0.0175
4652.68630 16.8700 0.0143
4652.76786 16.8858 0.0140
4652.82145 16.8942 0.0160
4653.48016 16.8943 0.0190
4653.69924 16.8788 0.0142
4653.76448 16.9085 0.0146
4654.51544 16.9106 0.0169
4654.72005 16.8918 0.0139
4654.79542 16.8785 0.0144
4655.47996 16.8645 0.0171
4655.70431 16.8673 0.0119
4655.76623 16.8770 0.0125
4656.48195 16.8818 0.0130
4656.67174 16.8945 0.0136
4656.78735 16.8499 0.0130
4657.55649 16.8763 0.0153
4658.64026 16.8643 0.0140
4659.57328 16.8914 0.0165
4660.52971 16.8706 0.0184
4661.47005 16.8678 0.0151
4661.66759 16.9019 0.0166
4661.73218 16.8925 0.0149
4661.79929 16.9111 0.0184
4665.63727 16.8673 0.0170
4666.48153 16.9055 0.0200
4666.66615 16.9076 0.0148
4669.59162 16.8979 0.0156
4670.62760 16.9126 0.0151
4671.54860 16.8795 0.0129
4671.75554 16.8841 0.0140
4672.48330 16.8552 0.0125
4672.74680 16.8553 0.0140
4672.78577 16.9020 0.0144
4674.48774 16.9073 0.0173
4677.46831 16.8920 0.0173
4677.61473 16.9084 0.0152
4677.69851 16.9240 0.0153
4678.66542 16.9068 0.0124
4679.56106 16.9154 0.0177
4681.50976 16.8710 0.0143
4681.60981 16.8805 0.0130
4682.48079 16.8971 0.0130
4682.55672 16.8997 0.0134
4682.73337 16.8723 0.0122
4683.47730 16.9006 0.0176
4683.68619 16.8921 0.0153
4683.74940 16.8984 0.0180
4684.48296 16.8804 0.0163
4684.74775 16.8737 0.0140
4685.52515 16.8894 0.0144
4686.48039 16.8868 0.0155
4687.50638 16.8631 0.0144
4687.71976 16.8782 0.0159
4688.47699 16.9027 0.0179
4688.66701 16.8787 0.0129
4688.72868 16.8834 0.0165
4693.52145 16.8702 0.0142
4694.51990 16.8973 0.0196
4697.47690 16.8981 0.0167
4697.70211 16.8752 0.0179
4698.48113 16.8984 0.0135
4699.48005 16.8860 0.0157
4700.48835 16.8794 0.0136
4701.48367 16.8899 0.0150
4701.67248 16.9074 0.0150
4702.48205 16.8947 0.0155
4703.59000 16.8827 0.0132
4704.56814 16.8759 0.0135
4705.48593 16.8869 0.0154
4705.66395 16.8830 0.0162
4707.58686 16.8951 0.0136
4708.51865 16.8867 0.0127
4709.49466 16.8845 0.0161
4710.52217 16.8946 0.0132
4711.50424 16.8692 0.0156
4715.55841 16.8891 0.0166
4715.60386 16.8734 0.0168
4716.48207 16.8880 0.0148
4716.49208 16.8852 0.0148
4716.55512 16.9026 0.0159
4716.57773 16.8544 0.0168
4716.65701 16.8868 0.0213
4720.50772 16.8976 0.0184
4720.60253 16.8695 0.0154
4721.50861 16.8897 0.0194
4722.62086 16.8983 0.0162
4724.48766 16.9072 0.0178
4725.56155 16.8918 0.0158
4726.52613 16.8784 0.0180
4728.57061 16.8709 0.0159
4729.51113 16.9084 0.0150
4730.59698 16.8733 0.0141
4731.53406 16.8677 0.0154
4733.48565 16.9042 0.0150
4734.53208 16.8701 0.0156
4737.52029 16.8793 0.0169
4738.56022 16.8756 0.0174
4739.56406 16.8786 0.0176
4740.53236 16.9575 0.0196
4741.50512 16.9050 0.0150
4743.51359 16.8681 0.0158
4750.58025 16.8676 0.0184
4756.49608 16.8734 0.0192
4765.49778 16.8857 0.0150
4867.87339 16.8940 0.0152
4870.88202 16.9032 0.0147
4872.88477 16.8810 0.0201
4876.84616 16.8727 0.0140
4884.82922 16.8819 0.0153
4886.87992 16.9078 0.0134
4890.86209 16.8787 0.0116
4896.84976 16.8873 0.0129
4899.82126 16.8878 0.0138
4900.80095 16.9046 0.0144
4901.86110 16.8812 0.0122
4902.85949 16.9235 0.0125
4904.78387 16.9208 0.0136
4905.88769 16.9274 0.0162
4910.78974 16.8958 0.0146
4911.76037 16.8891 0.0106
4912.75720 16.8567 0.0109
4914.76014 16.9090 0.0128
4918.75706 16.8782 0.0117
4924.71938 16.8911 0.0123
4925.76868 16.8889 0.0118
4925.88472 16.8685 0.0104
4926.73250 16.8863 0.0146
4927.80411 16.9279 0.0141
4928.71371 16.8996 0.0158
4929.71364 16.8552 0.0158
4929.86592 16.8879 0.0118
4930.77162 16.8817 0.0137
4931.81594 16.8865 0.0131
4932.77116 16.9085 0.0132
4933.69129 16.8892 0.0173
4933.81948 16.9129 0.0144
4938.69939 16.8817 0.0126
4938.79930 16.8888 0.0128
4939.72496 16.8881 0.0147
4939.81989 16.8741 0.0152
4940.72249 16.8935 0.0127
4941.69718 16.8769 0.0138
4941.82423 16.8970 0.0128
4942.67668 16.9114 0.0153
4942.84957 16.9011 0.0116
4943.68902 16.8966 0.0113
4943.75508 16.9134 0.0128
4944.69442 16.9022 0.0124
4944.76959 16.9132 0.0116
4945.69114 16.9178 0.0126
4945.82261 16.9016 0.0106
4946.74855 16.8965 0.0115
4947.70305 16.8873 0.0114
4948.85844 16.8868 0.0112
4949.65385 16.8851 0.0127
4950.69004 16.8918 0.0126
4951.68056 16.8886 0.0132
4952.79935 16.8933 0.0118
4953.65820 16.8544 0.0118
4953.76390 16.8948 0.0139
4954.67829 16.9133 0.0129
4954.77625 16.9287 0.0124
4955.68225 16.9385 0.0161
