2452117.78907 18.7522  0.0733 7.08  413.0  415.99  264.59
2452125.48552 18.6734  0.0934 5.44 1567.0  415.99  264.59
2452129.57477 18.7638  0.0616 4.18  817.0  415.99  264.59
2452132.51950 18.6696  0.0564 4.57  653.0  415.99  264.59
2452135.64564 18.7305  0.0484 3.81  663.0  415.99  264.59
2452140.61496 18.7107  0.0555 4.53  622.0  415.99  264.59
2452158.54682 18.7154  0.0575 4.86  619.0  415.99  264.59
2452167.50226 18.6553  0.0561 5.09  609.0  415.99  264.59
2452172.51787 18.6691  0.0720 6.05  733.0  415.99  264.59
2452175.52975 19.0308  0.1274 4.58 2236.0  415.99  264.59
2452185.54616 18.6793  0.0687 5.20  961.0  415.99  264.59
2452205.52709 18.7045  0.1303 6.39 2226.0  415.99  264.59
2452329.87990 18.7415  0.0482 3.43  809.0  415.99  264.59
2452346.87237 18.6117  0.0418 3.55  633.0  415.99  264.59
2452352.82670 18.7296  0.0795 6.05  682.0  415.99  264.59
2452361.82103 18.6724  0.0626 4.77  830.0  415.99  264.59
2452371.88174 18.7489  0.0530 4.35  617.0  415.99  264.59
2452381.90029 18.6923  0.0453 3.79  582.0  415.99  264.59
2452385.91010 18.7965  0.0513 3.86  713.0  415.99  264.59
2452389.92103 18.8541  0.0603 4.09  721.0  415.99  264.59
2452397.86720 18.6848  0.0519 3.72  788.0  415.99  264.59
2452401.72721 18.7521  0.0525 4.01  610.0  415.99  264.59
2452403.78595 18.7497  0.0439 3.49  591.0  415.99  264.59
2452405.74768 18.7718  0.0599 4.71  573.0  415.99  264.59
2452415.82090 18.6420  0.0577 4.79  709.0  415.99  264.59
2452424.69961 18.7657  0.0521 3.79  675.0  415.99  264.59
2452428.66314 18.5583  0.0575 6.00  586.0  415.99  264.59
2452432.72123 18.7250  0.0837 6.44  688.0  415.99  264.59
2452433.91718 18.9063  0.1089 5.83 1266.0  415.99  264.59
2452434.59092 18.7207  0.0680 4.83  803.0  415.99  264.59
2452436.64418 18.7952  0.0558 3.90  689.0  415.99  264.59
2452438.65982 18.7819  0.0629 5.01  560.0  415.99  264.59
2452440.65251 18.7636  0.0648 5.05  614.0  415.99  264.59
2452444.77429 18.7572  0.0590 4.51  663.0  415.99  264.59
2452446.78589 18.7571  0.0639 4.48  845.0  415.99  264.59
2452453.75904 18.8614  0.0656 4.67  711.0  415.99  264.59
2452456.52025 18.5326  0.0636 6.27  655.0  415.99  264.59
2452458.63487 18.6663  0.0492 4.48  461.0  415.99  264.59
2452462.58902 18.7551  0.0441 3.68  506.0  415.99  264.59
2452464.65811 18.7925  0.0490 4.13  482.0  415.99  264.59
2452467.56470 18.6695  0.0507 4.23  573.0  415.99  264.59
2452469.55195 18.7163  0.0439 3.42  582.0  415.99  264.59
2452471.68694 18.7032  0.0387 3.75  513.0  415.99  264.59
2452473.53998 18.5537  0.0558 4.80  724.0  415.99  264.59
2452483.62059 18.7858  0.0571 3.90  628.0  415.99  264.59
2452486.60369 18.7995  0.0716 5.85  477.0  415.99  264.59
2452490.57068 18.6843  0.0589 5.09  513.0  415.99  264.59
2452493.52889 18.6256  0.0521 4.49  677.0  415.99  264.59
2452495.60504 18.7417  0.0542 4.11  575.0  415.99  264.59
2452497.65940 18.7709  0.0540 3.97  611.0  415.99  264.59
2452499.70734 18.7588  0.0448 4.18  604.0  415.99  264.59
2452501.72520 18.8817  0.0569 3.97  651.0  415.99  264.59
2452508.54206 18.9001  0.0731 4.68  831.0  415.99  264.59
2452511.72306 18.6923  0.0991 6.64 1110.0  415.99  264.59
2452518.64000 18.8315  0.0638 4.90  540.0  415.99  264.59
2452521.65476 18.7091  0.0640 5.33  630.0  415.99  264.59
2452524.49376 18.6305  0.0544 4.61  650.0  415.99  264.59
2452529.61794 18.8646  0.0717 4.72  782.0  415.99  264.59
2452537.56201 18.7881  0.0839 5.84  841.0  415.99  264.59
2452541.53025 18.8420  0.0618 4.17  852.0  415.99  264.59
2452546.59607 18.6855  0.0620 4.92  781.0  415.99  264.59
2452555.60408 18.8450  0.0951 6.20  759.0  415.99  264.59
2452562.55779 18.7143  0.0819 4.86 1462.0  415.99  264.59
2452704.89859 18.6592  0.0416 3.39  615.0  415.99  264.59
2452713.88050 18.6355  0.0510 4.87  507.0  415.99  264.59
2452728.82231 18.7137  0.0582 4.89  597.0  415.99  264.59
2452733.79510 18.6709  0.0618 4.25  796.0  415.99  264.59
2452744.77863 18.7251  0.0463 3.35  706.0  415.99  264.59
2452752.84227 18.8122  0.0748 5.15  764.0  415.99  264.59
2452756.82166 18.6625  0.0548 4.58  627.0  415.99  264.59
2452760.78685 18.8084  0.0666 4.96  770.0  415.99  264.59
2452766.81460 18.7074  0.0453 3.72  558.0  415.99  264.59
2452770.70091 18.6613  0.0569 4.26  765.0  415.99  264.59
2452782.93902 18.6207  0.0886 6.76  962.0  415.99  264.59
2452784.91748 18.7761  0.0558 3.64  867.0  415.99  264.59
2452785.89575 18.8960  0.0813 4.49 1173.0  415.99  264.59
2452786.78185 18.8057  0.0602 4.22  812.0  415.99  264.59
2452787.59522 18.7409  0.0788 5.39  876.0  415.99  264.59
2452787.63160 18.7141  0.0539 3.92  792.0  415.99  264.59
2452787.74230 18.7321  0.0546 4.06  759.0  415.99  264.59
2452787.83141 18.7959  0.0713 4.93  746.0  415.99  264.59
2452788.60458 18.7503  0.0661 4.37  890.0  415.99  264.59
2452788.76025 18.7450  0.0408 3.43  595.0  415.99  264.59
2452789.57143 18.6580  0.0678 5.05  931.0  415.99  264.59
2452789.74605 18.7306  0.0462 3.44  680.0  415.99  264.59
2452789.79424 18.7694  0.0478 3.72  653.0  415.99  264.59
2452790.69231 18.7521  0.0451 3.52  574.0  415.99  264.59
2452790.90856 18.8373  0.0641 4.28  707.0  415.99  264.59
2452791.76511 18.6844  0.0576 5.03  553.0  415.99  264.59
2452792.67079 18.7472  0.0573 4.82  535.0  415.99  264.59
2452793.58933 18.3384  0.0674 7.29  786.0  415.99  264.59
2452795.60761 18.6901  0.0507 4.40  576.0  415.99  264.59
2452797.59572 18.6908  0.0490 3.76  713.0  415.99  264.59
2452802.80282 18.7508  0.0716 4.82  891.0  415.99  264.59
2452808.82960 18.7765  0.0791 4.98 1002.0  415.99  264.59
2452810.75125 18.7230  0.0511 3.75  696.0  415.99  264.59
2452811.80684 18.8178  0.0603 4.30  737.0  415.99  264.59
2452813.60321 18.6679  0.0569 4.84  620.0  415.99  264.59
2452815.72388 18.7355  0.0501 4.04  533.0  415.99  264.59
2452817.67752 18.6877  0.0792 6.40  642.0  415.99  264.59
2452818.74004 18.7007  0.0528 4.52  567.0  415.99  264.59
2452820.60849 18.7430  0.0594 4.09  820.0  415.99  264.59
2452821.63671 18.6005  0.0467 3.89  605.0  415.99  264.59
2452826.60247 18.7440  0.0587 4.48  657.0  415.99  264.59
2452830.70517 18.7042  0.1215 5.34 3058.0  415.99  264.59
2452835.60011 18.7027  0.0858 5.54 1096.0  415.99  264.59
2452837.51554 18.6327  0.0785 5.61  932.0  415.99  264.59
2452839.54896 18.5275  0.0692 6.48  661.0  415.99  264.59
2452840.70635 18.9221  0.0623 3.94  705.0  415.99  264.59
2452843.48548 18.4301  0.0556 5.75  894.0  415.99  264.59
2452844.76671 18.8941  0.0661 4.51  609.0  415.99  264.59
2452849.68076 18.7185  0.0589 5.04  584.0  415.99  264.59
2452851.70187 18.6696  0.0694 5.56  673.0  415.99  264.59
2452853.70377 18.6485  0.0533 4.37  665.0  415.99  264.59
2452856.58799 18.6766  0.0564 4.16  769.0  415.99  264.59
2452858.55413 18.8453  0.0593 3.87  849.0  415.99  264.59
2452860.70516 18.8716  0.0975 3.68 2690.0  415.99  264.59
2452863.62770 18.7783  0.0731 4.40 1122.0  415.99  264.59
2452866.71651 18.7715  0.0680 4.65  779.0  415.99  264.59
2452869.61001 18.6664  0.0493 4.03  572.0  415.99  264.59
2452872.63124 18.8510  0.0459 3.35  519.0  415.99  264.59
2452877.57091 18.6781  0.0552 4.50  584.0  415.99  264.59
2452882.63396 18.7639  0.0420 4.08  492.0  415.99  264.59
2452892.52377 18.7321  0.0597 4.18  815.0  415.99  264.59
2452895.67410 18.8213  0.0631 4.15  929.0  415.99  264.59
2452900.53564 18.6565  0.0624 4.73  711.0  415.99  264.59
2452905.58955 18.5936  0.0678 5.49  768.0  415.99  264.59
2452911.50542 18.7760  0.0912 6.39  717.0  415.99  264.59
2452916.57384 18.9436  0.0739 3.78 1055.0  415.99  264.59
2452929.53409 18.6215  0.0876 6.43  900.0  415.99  264.59
2453050.84843 18.7752  0.0679 4.26 1139.0  415.99  264.59
2453058.81372 18.5951  0.0564 4.85  865.0  415.99  264.59
2453061.87814 18.6791  0.0558 4.47  682.0  415.99  264.59
2453067.81453 18.8314  0.0610 4.55  673.0  415.99  264.59
2453069.88823 18.7359  0.0485 3.87  536.0  415.99  264.59
2453072.85305 18.6860  0.0456 3.30  717.0  415.99  264.59
2453074.89254 18.7881  0.0512 3.78  634.0  415.99  264.59
2453079.79944 18.7157  0.0552 2.97 2004.0  415.99  264.59
2453081.90343 18.7537  0.0599 4.43  706.0  415.99  264.59
2453084.75907 18.6732  0.0479 4.05  552.0  415.99  264.59
2453086.75392 18.7275  0.0463 3.69  585.0  415.99  264.59
2453087.85819 18.7522  0.0492 3.98  504.0  415.99  264.59
2453089.77481 18.7839  0.0564 4.27  609.0  415.99  264.59
2453091.73681 18.6625  0.0530 4.62  586.0  415.99  264.59
2453096.76376 18.6694  0.0568 4.64  698.0  415.99  264.59
2453098.76818 18.7631  0.0519 3.64  732.0  415.99  264.59
2453100.88441 18.7833  0.0503 3.93  669.0  415.99  264.59
2453102.76370 18.7352  0.0575 3.66  972.0  415.99  264.59
2453103.91687 18.7174  0.0669 3.85 1385.0  415.99  264.59
2453107.76363 18.6735  0.0457 3.98  573.0  415.99  264.59
2453108.83374 18.6869  0.0434 3.63  630.0  415.99  264.59
2453109.90337 18.6971  0.0456 3.75  624.0  415.99  264.59
2453110.75292 18.7456  0.0537 3.75  810.0  415.99  264.59
2453111.81044 18.8867  0.0622 4.58  577.0  415.99  264.59
2453113.78963 18.7862  0.0441 3.70  434.0  415.99  264.59
2453114.72793 18.7366  0.0444 3.45  540.0  415.99  264.59
2453115.78986 18.8091  0.0468 3.51  551.0  415.99  264.59
2453118.84651 18.7212  0.0582 4.40  683.0  415.99  264.59
2453122.79686 18.7154  0.0638 5.40  521.0  415.99  264.59
2453125.77433 18.7094  0.0750 6.05  624.0  415.99  264.59
2453126.78452 18.7213  0.0448 3.34  659.0  415.99  264.59
2453127.71424 18.6824  0.0475 3.39  745.0  415.99  264.59
2453128.73384 18.7383  0.0569 3.86  751.0  415.99  264.59
2453129.71668 18.7107  0.0588 3.62 1009.0  415.99  264.59
2453130.88812 18.6815  0.0644 3.90 1238.0  415.99  264.59
2453134.68694 18.7051  0.1005 4.51 2486.0  415.99  264.59
2453137.73317 18.3822  0.0623 7.16  615.0  415.99  264.59
2453138.84069 18.8829  0.0554 4.40  580.0  415.99  264.59
2453139.77651 18.7263  0.0464 4.19  473.0  415.99  264.59
2453140.78868 18.8322  0.0476 3.78  546.0  415.99  264.59
2453142.64730 18.8081  0.0543 4.32  532.0  415.99  264.59
2453142.90345 18.7764  0.0602 4.44  832.0  415.99  264.59
2453144.71091 18.7673  0.0491 4.21  466.0  415.99  264.59
2453146.69738 18.6413  0.0531 4.99  508.0  415.99  264.59
2453151.66776 18.8536  0.0834 6.39  554.0  415.99  264.59
2453152.67292 18.6749  0.0498 4.08  586.0  415.99  264.59
2453152.88583 18.7482  0.0691 5.32  652.0  415.99  264.59
2453153.67582 18.6889  0.0606 5.08  543.0  415.99  264.59
2453154.61851 18.5444  0.0738 6.71  712.0  415.99  264.59
2453156.66698 18.7367  0.0575 4.26  753.0  415.99  264.59
2453158.75169 18.7390  0.0739 4.84 1009.0  415.99  264.59
2453162.72246 18.7535  0.0741 3.51 2207.0  415.99  264.59
2453163.68628 18.7584  0.0511 4.23  575.0  415.99  264.59
2453164.65356 18.5711  0.0419 3.64  558.0  415.99  264.59
2453165.82156 18.6669  0.0366 3.21  685.0  415.99  264.59
2453167.86882 18.7354  0.0630 5.12  588.0  415.99  264.59
2453168.66973 18.6925  0.0549 5.17  469.0  415.99  264.59
2453169.63866 18.7546  0.0469 3.48  561.0  415.99  264.59
2453170.71171 18.7250  0.0505 4.34  496.0  415.99  264.59
2453171.66667 18.7550  0.0428 3.77  481.0  415.99  264.59
2453172.64649 18.7622  0.0460 3.88  501.0  415.99  264.59
2453174.63091 18.7747  0.0432 3.28  608.0  415.99  264.59
2453175.63271 18.8349  0.0523 3.59  719.0  415.99  264.59
2453176.66686 18.7784  0.0647 5.42  480.0  415.99  264.59
2453178.69531 18.6942  0.0567 4.88  677.0  415.99  264.59
2453179.72553 18.7231  0.0487 4.49  464.0  415.99  264.59
2453180.62087 18.7646  0.0368 3.05  495.0  415.99  264.59
2453182.68655 18.7619  0.0485 4.20  456.0  415.99  264.59
2453183.65564 18.7746  0.0577 4.53  564.0  415.99  264.59
2453184.60647 18.7601  0.0419 3.40  471.0  415.99  264.59
2453185.77178 18.7002  0.0508 3.88  674.0  415.99  264.59
2453192.75232 18.7878  0.0771 4.58 1324.0  415.99  264.59
2453193.78999 18.7929  0.0651 5.31  545.0  415.99  264.59
2453194.65623 18.6352  0.0622 5.17  675.0  415.99  264.59
2453195.58741 18.7709  0.0501 3.80  590.0  415.99  264.59
2453196.66340 18.6925  0.0517 4.56  586.0  415.99  264.59
2453197.66630 18.7014  0.0560 4.90  510.0  415.99  264.59
2453199.69794 18.7141  0.0482 4.57  416.0  415.99  264.59
2453202.68570 18.7410  0.0593 5.28  526.0  415.99  264.59
2453203.73090 18.8314  0.0470 3.62  475.0  415.99  264.59
2453205.60500 18.6841  0.0354 3.58  387.0  415.99  264.59
2453206.58207 18.7499  0.0415 3.89  440.0  415.99  264.59
2453210.69314 18.8587  0.0662 4.90  544.0  415.99  264.59
2453211.59812 18.7927  0.0541 4.63  480.0  415.99  264.59
2453212.58366 18.6572  0.0731 6.57  593.0  415.99  264.59
2453217.57291 18.7060  0.0790 3.20 3251.0  415.99  264.59
2453218.57212 18.7919  0.0719 4.71  971.0  415.99  264.59
2453223.56840 18.7226  0.0802 6.96  620.0  415.99  264.59
2453224.57726 18.7550  0.0472 3.50  639.0  415.99  264.59
2453226.53236 18.7514  0.0620 5.33  486.0  415.99  264.59
2453228.66158 18.7700  0.0624 5.34  473.0  415.99  264.59
2453229.54548 18.8434  0.0500 3.70  582.0  415.99  264.59
2453230.58433 18.7778  0.0451 3.66  492.0  415.99  264.59
2453231.48528 18.7959  0.0620 4.55  683.0  415.99  264.59
2453238.71001 18.8341  0.0972 7.19  613.0  415.99  264.59
2453240.69390 18.7339  0.0839 6.82  644.0  415.99  264.59
2453241.57822 18.5620  0.0873 5.24 2061.0  415.99  264.59
2453244.67565 18.9148  0.0996 4.48 1713.0  415.99  264.59
2453246.56224 18.5684  0.0757 6.72  711.0  415.99  264.59
2453247.69029 18.8160  0.1106 7.23  979.0  415.99  264.59
2453248.58704 18.8515  0.0745 4.63  666.0  415.99  264.59
2453250.57430 18.7379  0.0598 4.40  693.0  415.99  264.59
2453253.56613 18.7589  0.0522 4.82  436.0  415.99  264.59
2453255.68357 18.6056  0.0778 7.30  589.0  415.99  264.59
2453259.54240 18.7730  0.0803 6.35  562.0  415.99  264.59
2453262.55400 18.9223  0.0676 3.92  764.0  415.99  264.59
2453266.56762 18.8504  0.0845 5.47  693.0  415.99  264.59
2453268.63283 18.7811  0.0704 4.97  764.0  415.99  264.59
2453271.49428 18.9495  0.1855 5.90 4268.0  415.99  264.59
2453274.54707 18.7488  0.0710 5.19  787.0  415.99  264.59
2453278.49742 18.8149  0.0697 4.83  642.0  415.99  264.59
2453281.51964 18.7689  0.0654 5.96  472.0  415.99  264.59
2453287.53010 18.7439  0.0591 5.18  618.0  415.99  264.59
2453292.51886 18.9788  0.0687 5.51  519.0  415.99  264.59
2453414.88230 18.6643  0.0503 4.48  628.0  415.99  264.59
2453419.88965 18.6728  0.0468 3.82  665.0  415.99  264.59
2453424.88658 18.7737  0.0495 3.59  766.0  415.99  264.59
2453428.82829 18.7347  0.0681 4.97  795.0  415.99  264.59
2453430.87159 18.6685  0.0423 3.55  631.0  415.99  264.59
2453442.80791 18.6697  0.0561 5.07  559.0  415.99  264.59
2453444.86202 18.5897  0.0470 4.48  563.0  415.99  264.59
2453446.89068 18.6448  0.0468 4.06  504.0  415.99  264.59
2453449.78041 18.5069  0.0453 4.73  556.0  415.99  264.59
2453452.80531 18.6419  0.0455 3.86  623.0  415.99  264.59
2453454.86253 18.8284  0.0650 4.35  909.0  415.99  264.59
2453456.85038 18.7169  0.0394 3.46  544.0  415.99  264.59
2453457.76318 18.6908  0.0511 4.63  563.0  415.99  264.59
2453457.79718 18.7818  0.0589 4.30  713.0  415.99  264.59
2453458.76095 18.7329  0.0506 4.37  651.0  415.99  264.59
2453458.79128 18.6876  0.0493 3.90  757.0  415.99  264.59
2453458.84051 18.6414  0.0519 4.24  765.0  415.99  264.59
2453458.86681 18.7750  0.0430 3.58  573.0  415.99  264.59
2453458.91880 18.6097  0.0447 3.92  672.0  415.99  264.59
2453459.75991 18.7627  0.0786 5.66  989.0  415.99  264.59
2453459.90784 18.7016  0.0416 3.54  599.0  415.99  264.59
2453467.84862 18.6892  0.0525 4.93  455.0  415.99  264.59
2453469.75430 18.6749  0.0426 4.00  497.0  415.99  264.59
2453471.84421 18.5689  0.0649 6.60  547.0  415.99  264.59
2453472.91154 18.7214  0.0448 4.00  483.0  415.99  264.59
2453473.74889 18.8253  0.0627 5.22  485.0  415.99  264.59
2453475.77206 18.6525  0.0452 4.52  440.0  415.99  264.59
2453477.85919 18.6601  0.0484 4.09  543.0  415.99  264.59
2453479.80843 18.7166  0.0380 3.68  420.0  415.99  264.59
2453481.70784 18.6741  0.0493 4.38  578.0  415.99  264.59
2453483.86742 18.6872  0.0474 3.96  695.0  415.99  264.59
2453496.83075 18.7301  0.0582 4.84  673.0  415.99  264.59
2453497.70483 18.5862  0.0621 5.76  675.0  415.99  264.59
2453500.76894 18.7483  0.0486 3.91  535.0  415.99  264.59
2453501.76264 18.7276  0.0423 3.64  636.0  415.99  264.59
2453502.79336 18.7464  0.0391 3.07  602.0  415.99  264.59
2453503.75491 18.7624  0.0451 3.78  459.0  415.99  264.59
2453504.77132 18.6583  0.0459 4.34  423.0  415.99  264.59
2453506.90608 18.6614  0.0607 5.28  646.0  415.99  264.59
2453508.85888 18.8143  0.0686 5.21  639.0  415.99  264.59
2453509.80620 18.6970  0.0414 3.85  532.0  415.99  264.59
2453510.81807 18.6550  0.0464 4.31  524.0  415.99  264.59
2453511.77021 18.8018  0.0493 3.76  630.0  415.99  264.59
2453512.64343 18.6032  0.0661 5.32  894.0  415.99  264.59
2453517.92701 18.6563  0.0558 4.17  936.0  415.99  264.59
2453520.63469 18.5308  0.0545 5.04  687.0  415.99  264.59
2453521.74044 18.7512  0.0439 3.32  706.0  415.99  264.59
2453522.65199 18.7299  0.0430 3.38  506.0  415.99  264.59
2453523.69211 18.7324  0.0458 4.17  465.0  415.99  264.59
2453524.73522 18.9659  0.0687 5.08  451.0  415.99  264.59
2453525.71268 18.8690  0.0444 3.59  418.0  415.99  264.59
2453525.78996 18.6661  0.0471 4.54  473.0  415.99  264.59
2453526.79925 18.8420  0.0499 4.13  462.0  415.99  264.59
2453527.88968 19.0153  0.0942 5.47  750.0  415.99  264.59
2453528.75136 18.7086  0.0438 3.74  491.0  415.99  264.59
2453529.87620 18.7960  0.0498 3.94  564.0  415.99  264.59
2453530.57423 18.6817  0.0539 4.97  617.0  415.99  264.59
2453538.82082 18.6219  0.0530 5.10  585.0  415.99  264.59
2453539.60079 18.7583  0.0669 5.40  590.0  415.99  264.59
2453541.86096 19.0894  0.0711 3.58  912.0  415.99  264.59
2453547.67986 18.6753  0.0642 5.60  616.0  415.99  264.59
2453550.76692 18.8096  0.0405 3.60  480.0  415.99  264.59
2453551.74198 18.5878  0.0342 3.84  441.0  415.99  264.59
2453552.76402 18.6715  0.0529 4.75  560.0  415.99  264.59
2453553.66333 18.6796  0.0577 5.23  519.0  415.99  264.59
2453554.74037 18.7074  0.0512 4.62  489.0  415.99  264.59
2453556.62691 18.7890  0.0516 4.32  498.0  415.99  264.59
2453558.64359 18.6685  0.0425 4.10  427.0  415.99  264.59
2453559.72379 18.7805  0.0480 3.98  476.0  415.99  264.59
2453560.79831 18.7475  0.0491 4.59  433.0  415.99  264.59
2453561.65069 18.8063  0.0448 3.84  424.0  415.99  264.59
2453562.50577 18.6799  0.0459 3.84  626.0  415.99  264.59
2453563.55963 18.7148  0.0472 4.29  488.0  415.99  264.59
2453564.64697 18.8047  0.0535 4.43  491.0  415.99  264.59
2453569.74520 18.6135  0.0523 4.11  821.0  415.99  264.59
2453573.55715 18.6324  0.0628 5.39  759.0  415.99  264.59
2453574.61212 18.8126  0.0566 4.27  617.0  415.99  264.59
2453575.60079 18.7990  0.0455 3.63  571.0  415.99  264.59
2453576.57551 18.7144  0.0469 4.30  489.0  415.99  264.59
2453577.64106 18.7852  0.0520 4.50  472.0  415.99  264.59
2453578.58774 18.7410  0.0429 3.88  386.0  415.99  264.59
2453579.51625 18.6570  0.0386 3.76  447.0  415.99  264.59
2453580.55498 18.7246  0.0497 4.22  544.0  415.99  264.59
2453581.59528 18.7892  0.0551 4.35  534.0  415.99  264.59
2453582.54335 18.7937  0.0528 4.26  528.0  415.99  264.59
2453583.49311 18.7973  0.0599 4.77  554.0  415.99  264.59
2453584.56901 18.8416  0.0474 4.16  402.0  415.99  264.59
2453585.55976 18.8722  0.0490 4.07  431.0  415.99  264.59
2453586.54081 18.6856  0.0452 3.87  527.0  415.99  264.59
2453587.69303 18.6281  0.0635 6.42  439.0  415.99  264.59
2453589.59838 18.7214  0.0324 3.03  426.0  415.99  264.59
2453590.56687 18.6671  0.0421 3.81  499.0  415.99  264.59
2453592.58279 18.7441  0.0354 3.21  429.0  415.99  264.59
2453593.58807 18.6965  0.0374 3.34  464.0  415.99  264.59
2453601.55030 18.8381  0.0470 3.19  775.0  415.99  264.59
2453602.54962 18.7975  0.0646 4.42  737.0  415.99  264.59
2453603.55584 18.7271  0.0579 4.84  544.0  415.99  264.59
2453607.55635 18.7115  0.0433 3.80  485.0  415.99  264.59
2453608.55340 18.5622  0.0671 6.90  531.0  415.99  264.59
2453615.67442 18.7307  0.0690 6.00  525.0  415.99  264.59
2453619.52363 18.7587  0.0526 3.99  704.0  415.99  264.59
2453620.63204 18.8067  0.0473 4.04  468.0  415.99  264.59
2453629.56286 18.9343  0.0714 4.59  769.0  415.99  264.59
2453632.48585 18.7126  0.0774 5.68  838.0  415.99  264.59
2453634.54390 18.8324  0.0540 4.26  530.0  415.99  264.59
2453640.48883 18.7709  0.0771 6.34  503.0  415.99  264.59
2453643.54030 18.8733  0.0932 6.29  682.0  415.99  264.59
2453646.57120 19.0540  0.1134 7.22  638.0  415.99  264.59
2453649.48669 18.7779  0.0825 6.25  700.0  415.99  264.59
2453653.56641 18.7230  0.0995 4.38 2412.0  415.99  264.59
2453658.50271 18.8327  0.0871 4.99  941.0  415.99  264.59
2453661.49855 18.7115  0.0858 5.03 1161.0  415.99  264.59
2453666.50993 18.7977  0.0660 4.00  971.0  415.99  264.59
2453774.87899 18.2238  0.0303 3.43  697.0  415.99  264.59
2453780.85876 18.1410  0.0389 4.38 1010.0  415.99  264.59
2453786.84969 17.9132  0.0318 4.62  845.0  415.99  264.59
2453790.85029 17.8337  0.0297 4.12 1175.0  415.99  264.59
2453793.84033 17.8171  0.0243 3.95  803.0  415.99  264.59
2453795.83098 17.8067  0.0270 4.59  782.0  415.99  264.59
2453797.82517 17.8185  0.0233 3.76  738.0  415.99  264.59
2453798.87338 17.8197  0.0214 3.79  552.0  415.99  264.59
2453801.79574 17.7650  0.0242 4.21  648.0  415.99  264.59
2453803.78595 17.7851  0.0222 3.50  830.0  415.99  264.59
2453804.82875 17.8108  0.0273 4.97  524.0  415.99  264.59
2453805.86616 17.7834  0.0215 3.66  615.0  415.99  264.59
2453806.86290 17.8227  0.0231 4.66  520.0  415.99  264.59
2453808.83589 17.9070  0.0248 3.54  765.0  415.99  264.59
2453809.83959 17.9116  0.0244 3.64  801.0  415.99  264.59
2453810.88764 17.8818  0.0247 3.72  812.0  415.99  264.59
2453811.91483 17.8834  0.0330 4.11 1181.0  415.99  264.59
2453813.90046 17.8503  0.0227 3.55  718.0  415.99  264.59
2453814.89802 17.8799  0.0221 3.32  681.0  415.99  264.59
2453818.80792 17.8940  0.0263 4.26  644.0  415.99  264.59
2453819.87157 17.9135  0.0205 3.59  504.0  415.99  264.59
2453820.83529 17.9378  0.0215 3.51  467.0  415.99  264.59
2453821.83949 17.9488  0.0214 3.62  495.0  415.99  264.59
2453822.88985 17.8624  0.0210 3.59  553.0  415.99  264.59
2453823.85382 17.9518  0.0213 3.49  479.0  415.99  264.59
2453824.85145 17.9842  0.0321 5.56  530.0  415.99  264.59
2453825.87330 17.9634  0.0271 4.38  569.0  415.99  264.59
2453826.85115 17.8298  0.0235 4.40  546.0  415.99  264.59
2453827.87409 17.9027  0.0211 3.84  468.0  415.99  264.59
2453828.84954 17.8997  0.0273 4.83  495.0  415.99  264.59
2453829.82778 17.8929  0.0213 3.53  484.0  415.99  264.59
2453830.82304 17.9022  0.0228 3.63  581.0  415.99  264.59
2453832.81184 17.8805  0.0209 3.56  485.0  415.99  264.59
2453832.84793 17.8620  0.0218 3.87  499.0  415.99  264.59
2453833.72303 17.8002  0.0216 4.24  527.0  415.99  264.59
2453834.86032 17.8219  0.0212 3.76  556.0  415.99  264.59
2453835.81079 17.7773  0.0185 3.35  544.0  415.99  264.59
2453836.81565 17.7838  0.0232 4.08  643.0  415.99  264.59
2453837.80571 17.7782  0.0243 4.22  650.0  415.99  264.59
2453838.80987 17.6936  0.0261 4.99  678.0  415.99  264.59
2453839.82199 17.6826  0.0224 4.09  766.0  415.99  264.59
2453840.81297 17.7000  0.0215 3.66  794.0  415.99  264.59
2453841.79115 17.6554  0.0198 3.51  832.0  415.99  264.59
2453845.79244 17.4481  0.0216 5.28  609.0  415.99  264.59
2453846.79640 17.4647  0.0173 4.18  516.0  415.99  264.59
2453847.87679 17.3965  0.0163 3.77  629.0  415.99  264.59
2453848.82018 17.2896  0.0137 3.66  515.0  415.99  264.59
2453849.83175 17.2497  0.0130 3.24  603.0  415.99  264.59
2453850.76620 17.1167  0.0123 3.47  603.0  415.99  264.59
2453851.77608 17.0558  0.0150 5.59  486.0  415.99  264.59
2453852.76465 16.9437  0.0117 4.19  557.0  415.99  264.59
2453853.75733 16.7523  0.0077 2.98  428.0  415.99  264.59
2453856.74623 16.0118  0.0058 3.53  606.0  415.99  264.59
2453858.80639 15.9038  0.0064 6.78  447.0  415.99  264.59
2453859.75473 16.1883  0.0070 5.27  452.0  415.99  264.59
2453859.79577 16.2012  0.0065 4.05  486.0  415.99  264.59
2453860.89658 16.5436  0.0098 4.79  727.0  415.99  264.59
2453861.73847 16.7411  0.0108 4.84  515.0  415.99  264.59
2453862.75573 16.9384  0.0102 3.30  612.0  415.99  264.59
2453863.76744 17.0926  0.0113 3.49  546.0  415.99  264.59
2453864.75664 17.2205  0.0124 3.35  528.0  415.99  264.59
2453865.64751 17.3667  0.0184 4.57  776.0  415.99  264.59
2453866.65163 17.4389  0.0184 4.15  766.0  415.99  264.59
2453867.79495 17.5034  0.0179 3.66  780.0  415.99  264.59
2453868.65068 17.5657  0.0271 4.64 1186.0  415.99  264.59
2453869.80755 17.6956  0.0300 4.24 1473.0  415.99  264.59
2453873.63271 17.9032  0.0258 4.31  608.0  415.99  264.59
2453874.85467 17.9456  0.0263 4.19  630.0  415.99  264.59
2453875.62281 17.9478  0.0235 4.04  478.0  415.99  264.59
2453877.61808 17.9210  0.0234 4.77  459.0  415.99  264.59
2453880.72918 18.0923  0.0254 4.00  463.0  415.99  264.59
2453881.72894 18.2252  0.0282 3.46  567.0  415.99  264.59
2453882.66399 18.1929  0.0283 3.59  498.0  415.99  264.59
2453883.71654 17.9831  0.0239 3.84  495.0  415.99  264.59
2453886.67818 18.3416  0.0296 3.66  467.0  415.99  264.59
2453887.67089 18.3079  0.0296 3.70  452.0  415.99  264.59
2453889.82565 18.3299  0.0374 4.41  629.0  415.99  264.59
2453890.61626 18.2824  0.0369 4.19  682.0  415.99  264.59
2453891.74899 18.3803  0.0410 4.79  510.0  415.99  264.59
2453892.80800 18.3206  0.0358 4.46  574.0  415.99  264.59
2453893.70594 18.3765  0.0548 6.58  493.0  415.99  264.59
2453894.74759 18.3941  0.0377 4.28  521.0  415.99  264.59
2453896.69590 18.3474  0.0418 4.29  818.0  415.99  264.59
2453900.60378 18.5387  0.0468 3.96  808.0  415.99  264.59
2453901.62041 18.3917  0.0467 5.09  627.0  415.99  264.59
2453902.63502 18.4732  0.0366 3.78  573.0  415.99  264.59
2453903.73721 18.5191  0.0419 4.12  576.0  415.99  264.59
2453904.61807 18.4223  0.0313 3.66  498.0  415.99  264.59
2453905.61829 18.4934  0.0312 3.10  495.0  415.99  264.59
2453906.60642 18.4560  0.0404 3.92  575.0  415.99  264.59
2453907.66763 18.3788  0.0462 5.26  556.0  415.99  264.59
2453908.60296 18.5418  0.0351 3.07  663.0  415.99  264.59
2453909.60238 18.5185  0.0369 3.82  513.0  415.99  264.59
2453910.66355 18.5767  0.0416 4.29  480.0  415.99  264.59
2453912.60383 18.6352  0.0317 2.97  522.0  415.99  264.59
2453912.74746 18.5983  0.0303 3.38  387.0  415.99  264.59
2453913.60139 18.4920  0.0306 3.41  445.0  415.99  264.59
2453914.61943 18.4769  0.0366 3.94  542.0  415.99  264.59
2453915.59925 18.5563  0.0393 4.08  481.0  415.99  264.59
2453916.67510 18.4402  0.0332 3.75  515.0  415.99  264.59
2453917.69088 18.5715  0.0419 4.04  568.0  415.99  264.59
2453918.69351 18.5383  0.0360 3.62  498.0  415.99  264.59
2453919.63069 18.5003  0.0461 4.89  521.0  415.99  264.59
2453920.58265 18.5371  0.0419 4.12  488.0  415.99  264.59
2453920.86025 18.7356  0.0509 3.89  792.0  415.99  264.59
2453921.59475 18.5625  0.0702 6.56  687.0  415.99  264.59
2453930.64487 18.6043  0.0496 4.04  729.0  415.99  264.59
2453931.58084 18.5045  0.0545 5.08  672.0  415.99  264.59
2453931.71842 18.7204  0.0507 4.36  573.0  415.99  264.59
2453932.67136 18.6356  0.0471 4.27  614.0  415.99  264.59
2453933.58498 18.7140  0.0404 3.45  553.0  415.99  264.59
2453934.55567 18.5773  0.0382 3.59  578.0  415.99  264.59
2453935.63386 18.5887  0.0424 4.59  420.0  415.99  264.59
2453936.55617 18.7600  0.0506 4.08  549.0  415.99  264.59
2453937.63180 18.5977  0.0435 4.09  528.0  415.99  264.59
2453938.56485 18.7049  0.0571 4.69  609.0  415.99  264.59
2453940.70510 18.6470  0.0373 3.93  417.0  415.99  264.59
2453944.64661 18.6429  0.0428 4.42  474.0  415.99  264.59
2453945.58625 18.5880  0.0447 4.30  594.0  415.99  264.59
2453946.58350 18.7707  0.0660 5.45  549.0  415.99  264.59
2453950.59583 18.6792  0.0446 4.33  498.0  415.99  264.59
2453951.62437 18.6314  0.0513 4.04  804.0  415.99  264.59
2453956.63249 18.7671  0.0740 5.02  930.0  415.99  264.59
2453957.57030 18.6563  0.0688 5.30  985.0  415.99  264.59
2453958.65073 18.6860  0.0562 4.05  785.0  415.99  264.59
2453959.58275 18.6090  0.0515 4.91  569.0  415.99  264.59
2453960.57098 18.6648  0.0374 3.70  467.0  415.99  264.59
2453963.61234 18.7447  0.0453 3.88  492.0  415.99  264.59
2453964.59540 18.5893  0.0394 4.01  451.0  415.99  264.59
2453965.58895 18.6805  0.0407 3.74  467.0  415.99  264.59
2453966.57689 18.7004  0.0443 3.68  534.0  415.99  264.59
2453967.60928 18.8175  0.0574 4.34  526.0  415.99  264.59
2453968.56332 18.8890  0.0616 4.33  576.0  415.99  264.59
2453969.57087 18.6343  0.0387 3.73  472.0  415.99  264.59
2453970.58402 18.6275  0.0540 5.57  406.0  415.99  264.59
2453971.61574 18.6795  0.0606 5.34  489.0  415.99  264.59
2453973.64544 18.7153  0.0533 5.11  444.0  415.99  264.59
2453974.58121 18.6515  0.0644 6.20  500.0  415.99  264.59
2453975.57280 18.6698  0.0433 4.07  502.0  415.99  264.59
2453976.57033 18.6580  0.0425 4.05  506.0  415.99  264.59
2453979.58912 18.6987  0.0761 6.52  565.0  415.99  264.59
2453982.52166 18.6962  0.0705 5.30  764.0  415.99  264.59
2453986.64695 18.7937  0.0802 5.69  826.0  415.99  264.59
2453987.56690 18.7490  0.0511 3.81  729.0  415.99  264.59
2453988.58417 18.6965  0.0361 3.16  534.0  415.99  264.59
2453989.64958 18.7904  0.0781 5.71  733.0  415.99  264.59
2453991.54266 18.6556  0.0548 5.33  547.0  415.99  264.59
2453994.61122 18.6455  0.0579 5.07  567.0  415.99  264.59
2453995.63882 18.8737  0.0596 5.49  362.0  415.99  264.59
2453999.54524 18.6859  0.0617 5.44  539.0  415.99  264.59
2454001.56869 18.7905  0.0513 3.57  656.0  415.99  264.59
2454002.56959 18.7667  0.0457 3.83  510.0  415.99  264.59
2454004.58831 18.8326  0.0903 6.52  632.0  415.99  264.59
2454005.60378 18.7122  0.0518 4.20  627.0  415.99  264.59
2454006.58939 18.7321  0.0474 3.69  588.0  415.99  264.59
2454011.50648 18.7846  0.0708 5.39  662.0  415.99  264.59
2454015.53306 18.7642  0.0808 5.61  839.0  415.99  264.59
2454017.50772 18.6322  0.0467 3.67  631.0  415.99  264.59
2454019.51193 18.8352  0.0658 4.48  674.0  415.99  264.59
2454021.51790 18.7319  0.0796 5.56  879.0  415.99  264.59
2454024.54751 18.7601  0.0638 4.95  661.0  415.99  264.59
2454026.54308 18.6201  0.0488 4.47  631.0  415.99  264.59
2454029.49519 18.7649  0.0861 6.14  804.0  415.99  264.59
2454146.88893 18.5309  0.0643 5.64  861.0  415.99  264.59
2454154.88379 18.7036  0.0519 3.91  596.0  415.99  264.59
2454157.85200 18.6105  0.0495 4.07  703.0  415.99  264.59
2454159.87083 18.6566  0.0633 4.83  676.0  415.99  264.59
2454162.81726 18.4921  0.0657 5.37  973.0  415.99  264.59
2454164.85797 18.6461  0.0513 3.54  901.0  415.99  264.59
2454166.87381 18.6461  0.0770 5.35 1020.0  415.99  264.59
2454168.91323 18.7140  0.0838 4.01 1974.0  415.99  264.59
2454174.79586 18.5899  0.0643 5.14  812.0  415.99  264.59
2454176.78886 18.6803  0.0599 4.42  706.0  415.99  264.59
2454177.84260 18.7511  0.0545 4.27  524.0  415.99  264.59
2454178.88535 18.7274  0.0543 4.19  582.0  415.99  264.59
2454180.76885 18.6448  0.0703 6.14  560.0  415.99  264.59
2454181.86786 18.6840  0.0462 3.85  560.0  415.99  264.59
2454182.92007 18.7032  0.0610 3.15 1895.0  415.99  264.59
2454184.80277 18.6716  0.0538 4.58  523.0  415.99  264.59
2454187.88505 18.6076  0.0654 6.22  454.0  415.99  264.59
2454190.81387 18.7035  0.0585 4.46  697.0  415.99  264.59
2454191.91400 18.5675  0.0590 5.15  671.0  415.99  264.59
2454192.83259 18.7201  0.0670 4.97  715.0  415.99  264.59
2454193.84352 18.7408  0.0586 4.27  769.0  415.99  264.59
2454194.86516 18.6956  0.0588 4.43  698.0  415.99  264.59
2454196.85362 18.8488  0.0642 4.14  748.0  415.99  264.59
2454202.83493 18.7219  0.0458 3.58  603.0  415.99  264.59
2454203.82307 18.7717  0.0472 3.42  587.0  415.99  264.59
2454204.81852 18.6548  0.0435 3.40  576.0  415.99  264.59
2454205.81360 18.6755  0.0477 4.28  474.0  415.99  264.59
2454207.81570 18.7217  0.0435 3.48  522.0  415.99  264.59
2454208.83920 18.6207  0.0462 3.80  546.0  415.99  264.59
2454213.81440 18.7081  0.0414 3.26  555.0  415.99  264.59
2454215.82065 18.7546  0.0535 4.04  540.0  415.99  264.59
2454216.77842 18.7415  0.0595 4.77  547.0  415.99  264.59
2454217.78623 18.7588  0.0415 3.15  575.0  415.99  264.59
2454218.84117 18.6648  0.0614 5.03  567.0  415.99  264.59
2454219.87131 18.6878  0.0590 4.76  601.0  415.99  264.59
2454220.80830 18.6887  0.0512 3.90  693.0  415.99  264.59
2454222.77411 18.6832  0.0632 4.36  871.0  415.99  264.59
2454224.89053 18.6022  0.0587 4.13 1178.0  415.99  264.59
2454228.77129 18.7136  0.0563 4.15  798.0  415.99  264.59
2454229.75600 18.6891  0.0592 4.66  669.0  415.99  264.59
2454230.73979 18.5931  0.0525 4.47  574.0  415.99  264.59
2454231.74217 18.7040  0.0580 4.42  708.0  415.99  264.59
2454232.75364 18.7151  0.0589 4.27  760.0  415.99  264.59
2454234.64861 18.5565  0.0548 4.58  782.0  415.99  264.59
2454235.71539 18.7028  0.0456 3.28  694.0  415.99  264.59
2454238.76535 18.7148  0.0662 5.20  645.0  415.99  264.59
2454239.74448 18.6052  0.0520 4.81  573.0  415.99  264.59
2454240.88818 18.7579  0.0639 4.61  769.0  415.99  264.59
2454243.78405 18.7980  0.0600 4.38  692.0  415.99  264.59
2454244.75918 18.6507  0.0514 4.15  663.0  415.99  264.59
2454245.74998 18.6827  0.0428 3.84  447.0  415.99  264.59
2454246.80769 18.7214  0.0541 4.05  690.0  415.99  264.59
2454250.83304 18.7381  0.0713 4.79  993.0  415.99  264.59
2454256.66996 18.7563  0.0710 5.06  708.0  415.99  264.59
2454258.67959 18.6321  0.0553 4.64  638.0  415.99  264.59
2454267.64484 18.7253  0.0590 4.62  685.0  415.99  264.59
2454268.81345 18.7851  0.0523 4.01  634.0  415.99  264.59
2454269.62331 18.6753  0.0419 3.46  509.0  415.99  264.59
2454272.67389 18.7512  0.0477 3.72  571.0  415.99  264.59
2454273.72301 18.7850  0.0573 4.00  714.0  415.99  264.59
2454274.51965 18.5275  0.0723 5.60 1067.0  415.99  264.59
2454275.67445 18.6908  0.0551 4.01  820.0  415.99  264.59
2454277.63187 18.6623  0.0545 4.30  692.0  415.99  264.59
2454278.64781 18.6912  0.0665 5.13  699.0  415.99  264.59
2454283.59311 18.7394  0.0642 4.18  953.0  415.99  264.59
2454284.57711 18.8020  0.0648 3.68  914.0  415.99  264.59
2454285.58047 18.6928  0.0689 4.48  990.0  415.99  264.59
2454286.58001 18.6758  0.0559 4.17  841.0  415.99  264.59
2454289.61487 18.6649  0.0697 5.53  697.0  415.99  264.59
2454290.64631 18.5458  0.0623 6.20  475.0  415.99  264.59
2454291.70113 18.7470  0.0615 4.96  535.0  415.99  264.59
2454292.56253 18.6559  0.0440 3.72  551.0  415.99  264.59
2454293.56876 18.5760  0.0395 3.98  543.0  415.99  264.59
2454294.56167 18.7811  0.0528 3.71  627.0  415.99  264.59
2454295.58352 18.6621  0.0482 4.28  491.0  415.99  264.59
2454296.57044 18.6772  0.0520 4.56  499.0  415.99  264.59
2454297.63314 18.7502  0.0461 3.71  453.0  415.99  264.59
2454298.60849 18.7304  0.0561 4.70  462.0  415.99  264.59
2454299.57885 18.6918  0.0411 3.52  500.0  415.99  264.59
2454300.47732 18.4775  0.0528 4.80  689.0  415.99  264.59
2454301.65758 18.7830  0.0493 3.66  564.0  415.99  264.59
2454302.63987 18.6033  0.0514 4.70  541.0  415.99  264.59
2454303.77336 18.6491  0.0659 6.00  492.0  415.99  264.59
2454304.60469 18.6665  0.0719 5.43  810.0  415.99  264.59
2454306.60561 18.7284  0.0661 4.54  924.0  415.99  264.59
2454310.70639 18.8050  0.0887 4.82 1362.0  415.99  264.59
2454312.60038 18.7061  0.0547 3.73  928.0  415.99  264.59
2454315.61068 18.7024  0.0555 4.14  681.0  415.99  264.59
2454316.63176 18.6236  0.0545 4.91  505.0  415.99  264.59
2454317.53018 18.7194  0.0567 4.55  551.0  415.99  264.59
2454319.59329 18.6984  0.0524 3.94  618.0  415.99  264.59
2454320.68620 18.7354  0.0632 4.94  514.0  415.99  264.59
2454326.60910 18.7307  0.0488 4.05  519.0  415.99  264.59
2454327.63401 18.6148  0.0611 5.48  554.0  415.99  264.59
2454328.57625 18.7069  0.0441 3.73  527.0  415.99  264.59
2454329.56901 18.5875  0.0587 5.44  526.0  415.99  264.59
2454330.61116 18.6684  0.0526 4.48  541.0  415.99  264.59
2454331.57585 18.7057  0.0608 5.11  530.0  415.99  264.59
2454332.64688 18.7786  0.0526 3.97  647.0  415.99  264.59
2454333.57655 18.6332  0.0573 4.50  720.0  415.99  264.59
2454334.54397 18.6909  0.1211 5.03 3367.0  415.99  264.59
2454338.60700 18.7152  0.0683 4.68  941.0  415.99  264.59
2454339.57609 18.7977  0.0590 4.02  888.0  415.99  264.59
2454340.67317 18.6850  0.0656 4.09 1205.0  415.99  264.59
2454341.57807 18.7466  0.0736 4.93  891.0  415.99  264.59
2454342.61436 18.8162  0.0651 4.47  717.0  415.99  264.59
2454343.59365 18.7441  0.0502 3.92  720.0  415.99  264.59
2454344.63883 18.7025  0.0619 4.36  872.0  415.99  264.59
2454345.59347 18.8268  0.0617 4.20  696.0  415.99  264.59
2454346.59549 18.7535  0.0682 4.98  691.0  415.99  264.59
2454347.60940 18.7313  0.0672 5.58  561.0  415.99  264.59
2454349.58129 18.7966  0.0514 4.21  486.0  415.99  264.59
2454350.64308 18.7351  0.0562 4.70  582.0  415.99  264.59
2454351.58336 18.6332  0.0596 5.28  566.0  415.99  264.59
2454353.60322 18.6802  0.0685 4.99  843.0  415.99  264.59
2454354.62273 18.7614  0.0629 5.02  614.0  415.99  264.59
2454355.63565 18.6442  0.0679 5.90  670.0  415.99  264.59
2454356.58735 18.7972  0.0739 5.44  615.0  415.99  264.59
2454358.60984 18.6699  0.0775 6.66  593.0  415.99  264.59
2454359.62895 18.7734  0.0769 5.84  693.0  415.99  264.59
2454361.62965 18.7386  0.0920 6.42  882.0  415.99  264.59
2454368.57867 18.7541  0.0762 5.05  933.0  415.99  264.59
2454371.59463 18.8132  0.0744 4.79  964.0  415.99  264.59
2454373.59125 18.6819  0.0617 4.30  855.0  415.99  264.59
2454378.56716 18.6928  0.0715 5.44  695.0  415.99  264.59
2454381.57038 18.7762  0.0993 6.26 1002.0  415.99  264.59
2454392.51943 18.8455  0.0790 4.11 1295.0  415.99  264.59
2454393.49759 18.7757  0.0658 4.57  953.0  415.99  264.59
2454394.50571 18.7513  0.0614 4.06  931.0  415.99  264.59
2454397.56906 18.8108  0.0885 4.89 1426.0  415.99  264.59
2454506.85816 18.6529  0.0760 5.29 1081.0  415.99  264.59
2454512.87268 18.7477  0.0471 3.90  584.0  415.99  264.59
2454514.89098 18.6867  0.0530 4.10  679.0  415.99  264.59
2454518.87518 18.5599  0.0684 5.68  800.0  415.99  264.59
2454524.85486 18.6474  0.0575 4.29  835.0  415.99  264.59
2454530.84290 18.7483  0.0450 3.22  637.0  415.99  264.59
2454533.88022 18.7262  0.0577 4.49  646.0  415.99  264.59
2454535.90138 18.6387  0.0580 5.04  629.0  415.99  264.59
2454537.83103 18.7525  0.0490 3.84  534.0  415.99  264.59
2454539.77429 18.5563  0.0595 5.41  712.0  415.99  264.59
2454540.90195 18.7060  0.0453 3.43  602.0  415.99  264.59
2454541.89868 18.6681  0.0425 3.44  591.0  415.99  264.59
2454542.86208 18.7211  0.0547 4.54  582.0  415.99  264.59
2454543.88819 18.6750  0.0458 3.95  494.0  415.99  264.59
2454544.88580 18.6944  0.0459 3.76  520.0  415.99  264.59
2454545.81039 18.7292  0.0589 4.13  803.0  415.99  264.59
2454546.86354 18.7465  0.0728 6.37  746.0  415.99  264.59
2454547.87970 18.6736  0.0516 3.70  809.0  415.99  264.59
2454550.87945 18.8264  0.0601 4.00  742.0  415.99  264.59
2454551.86116 18.7140  0.0781 4.12 1528.0  415.99  264.59
2454552.86578 18.7113  0.0564 3.77  858.0  415.99  264.59
2454556.83371 18.7251  0.0487 3.84  581.0  415.99  264.59
2454557.86003 18.6941  0.0490 3.95  566.0  415.99  264.59
2454558.85650 18.7059  0.0497 3.95  565.0  415.99  264.59
2454559.82415 18.6335  0.0512 4.57  513.0  415.99  264.59
2454560.82443 18.6477  0.0394 3.42  490.0  415.99  264.59
2454561.81335 18.7249  0.0387 3.27  497.0  415.99  264.59
2454564.81766 18.7897  0.0428 3.50  450.0  415.99  264.59
2454565.80660 18.7042  0.0361 2.99  525.0  415.99  264.59
2454566.80861 18.7253  0.0403 3.42  495.0  415.99  264.59
2454567.80900 18.6750  0.0405 3.30  532.0  415.99  264.59
2454568.83137 18.7875  0.0481 3.49  642.0  415.99  264.59
2454569.82524 18.6632  0.0500 4.47  516.0  415.99  264.59
2454570.81590 18.7068  0.0536 4.60  538.0  415.99  264.59
2454571.79960 18.5621  0.0487 4.82  528.0  415.99  264.59
2454572.83751 18.7128  0.0497 3.81  667.0  415.99  264.59
2454573.81317 18.8020  0.0481 3.49  612.0  415.99  264.59
2454574.81530 18.6992  0.0600 4.39  739.0  415.99  264.59
2454575.82409 18.7677  0.0598 3.87  784.0  415.99  264.59
2454583.68390 18.7574  0.0886 6.09  893.0  415.99  264.59
2454585.88830 18.8404  0.0679 4.53  776.0  415.99  264.59
2454586.83620 18.8306  0.0590 4.03  714.0  415.99  264.59
2454587.81681 18.8149  0.0598 4.68  556.0  415.99  264.59
2454588.79984 18.6873  0.0446 3.57  600.0  415.99  264.59
2454589.64197 18.5125  0.0518 4.94  704.0  415.99  264.59
2454590.75011 18.6232  0.0539 4.75  573.0  415.99  264.59
2454591.63429 18.6667  0.0656 5.09  860.0  415.99  264.59
2454592.74322 18.7492  0.0523 3.39  864.0  415.99  264.59
2454593.72850 18.7402  0.0568 4.23  647.0  415.99  264.59
2454594.75707 18.8300  0.0596 4.21  567.0  415.99  264.59
2454595.74480 18.7001  0.0564 4.83  551.0  415.99  264.59
2454596.73400 18.7711  0.0510 3.94  526.0  415.99  264.59
2454597.76521 18.6868  0.0530 4.21  614.0  415.99  264.59
2454598.73461 18.7208  0.0403 3.36  442.0  415.99  264.59
2454599.71037 18.6817  0.0497 4.14  553.0  415.99  264.59
2454600.71952 18.7015  0.0368 3.14  455.0  415.99  264.59
2454601.72416 18.7095  0.0438 3.61  527.0  415.99  264.59
2454602.71829 18.7462  0.0449 3.40  593.0  415.99  264.59
2454603.94173 18.7437  0.0827 5.49 1105.0  415.99  264.59
2454606.73209 18.6828  0.0494 3.34  983.0  415.99  264.59
2454610.82595 18.6945  0.0697 3.13 2452.0  415.99  264.59
2454611.70584 18.8433  0.0651 4.31  682.0  415.99  264.59
2454611.89236 18.6086  0.0536 3.73 1096.0  415.99  264.59
2454615.88246 18.6344  0.0706 5.89  785.0  415.99  264.59
2454616.68784 18.7233  0.0498 4.17  542.0  415.99  264.59
2454617.79961 18.8093  0.0786 5.67  640.0  415.99  264.59
2454618.72863 18.6769  0.0487 4.14  584.0  415.99  264.59
2454622.66994 18.8132  0.0631 4.70  553.0  415.99  264.59
2454623.74978 18.6845  0.0555 4.62  583.0  415.99  264.59
2454624.68522 18.6991  0.0567 4.34  648.0  415.99  264.59
2454625.67029 18.7294  0.0681 5.53  575.0  415.99  264.59
2454626.72035 18.5842  0.0499 4.94  464.0  415.99  264.59
2454627.64345 18.7131  0.0437 3.75  459.0  415.99  264.59
2454628.64373 18.7110  0.0563 4.54  562.0  415.99  264.59
2454629.70892 18.7278  0.0530 4.46  472.0  415.99  264.59
2454630.64575 18.6421  0.0549 4.42  607.0  415.99  264.59
2454631.66726 18.7391  0.0416 3.27  528.0  415.99  264.59
2454632.66511 18.7838  0.0480 3.49  595.0  415.99  264.59
2454633.72416 18.7495  0.0543 3.75  736.0  415.99  264.59
2454639.76964 18.7513  0.0679 4.52  875.0  415.99  264.59
2454640.66962 18.9281  0.0656 4.38  588.0  415.99  264.59
2454641.82616 18.6876  0.0744 5.91  774.0  415.99  264.59
2454642.66801 18.7234  0.0552 4.52  551.0  415.99  264.59
2454643.63402 18.5838  0.0487 4.82  490.0  415.99  264.59
2454644.70110 18.7613  0.0617 5.02  506.0  415.99  264.59
2454645.62372 18.6645  0.0473 3.93  502.0  415.99  264.59
2454646.60437 18.7586  0.0434 3.24  506.0  415.99  264.59
2454647.61475 18.7306  0.0478 3.40  660.0  415.99  264.59
2454649.60889 18.6174  0.0444 4.01  446.0  415.99  264.59
2454650.63722 18.6551  0.0474 3.93  596.0  415.99  264.59
2454651.65216 18.7091  0.0533 4.15  593.0  415.99  264.59
2454652.58126 18.7098  0.0529 3.95  674.0  415.99  264.59
2454653.57520 18.7741  0.0664 4.87  721.0  415.99  264.59
2454654.61430 18.7871  0.0529 3.93  619.0  415.99  264.59
2454655.57858 18.5956  0.0514 4.19  748.0  415.99  264.59
2454656.57692 18.6579  0.0472 3.72  543.0  415.99  264.59
2454658.73900 18.7619  0.0684 5.34  637.0  415.99  264.59
2454660.68852 18.7633  0.0571 4.09  719.0  415.99  264.59
2454661.57112 18.7731  0.0516 3.25  895.0  415.99  264.59
2454661.65597 18.7354  0.0774 3.78 2063.0  415.99  264.59
2454661.68169 18.7506  0.0612 4.06  853.0  415.99  264.59
2454665.73288 18.7268  0.0722 3.98 1617.0  415.99  264.59
2454666.63831 18.6319  0.0523 3.88  867.0  415.99  264.59
2454670.70305 18.6713  0.0547 4.64  594.0  415.99  264.59
2454671.62778 18.7154  0.0477 4.03  501.0  415.99  264.59
2454672.58740 18.7097  0.0499 4.11  510.0  415.99  264.59
2454674.59383 18.7073  0.0676 5.44  616.0  415.99  264.59
2454677.56637 18.6521  0.0505 4.29  544.0  415.99  264.59
2454681.58174 18.7238  0.0521 4.42  483.0  415.99  264.59
2454682.59920 18.4177  0.0433 4.27  564.0  415.99  264.59
2454683.59619 18.6190  0.0624 5.31  626.0  415.99  264.59
2454684.61418 18.6348  0.0510 4.09  583.0  415.99  264.59
2454685.58192 18.8696  0.0633 4.18  621.0  415.99  264.59
2454686.71073 18.7479  0.0627 5.08  536.0  415.99  264.59
2454687.62912 18.5604  0.0499 4.52  606.0  415.99  264.59
2454688.57283 18.5268  0.0678 4.17 1947.0  415.99  264.59
2454694.65056 18.5902  0.0841 6.35  930.0  415.99  264.59
2454697.57655 18.7086  0.0582 4.77  603.0  415.99  264.59
2454698.60277 18.7118  0.0520 4.51  580.0  415.99  264.59
2454700.59785 18.7631  0.0563 4.43  546.0  415.99  264.59
2454701.58070 18.7187  0.0717 5.79  618.0  415.99  264.59
2454702.59565 18.6728  0.0505 4.55  501.0  415.99  264.59
2454703.66293 18.6208  0.0586 5.78  536.0  415.99  264.59
2454708.59643 18.7911  0.0641 5.24  572.0  415.99  264.59
2454710.63163 18.7344  0.0556 4.58  639.0  415.99  264.59
2454716.66835 18.7371  0.0947 6.29 1076.0  415.99  264.59
2454720.61389 18.7602  0.0762 5.17  904.0  415.99  264.59
2454721.58274 18.8229  0.0861 5.42  882.0  415.99  264.59
2454724.59479 18.6290  0.0680 4.92  979.0  415.99  264.59
2454726.57401 18.6292  0.0764 6.00  758.0  415.99  264.59
2454731.62359 18.7465  0.0667 5.25  560.0  415.99  264.59
2454738.49947 18.7947  0.0732 5.60  594.0  415.99  264.59
2454740.60366 18.7520  0.0807 6.31  673.0  415.99  264.59
2454748.56838 18.6993  0.0793 5.49  936.0  415.99  264.59
2454754.54391 18.5261  0.0671 5.36 1003.0  415.99  264.59
2454755.52222 18.7798  0.0770 5.15  883.0  415.99  264.59
2454759.51257 18.6252  0.0742 5.63  768.0  415.99  264.59
2454768.51104 18.7926  0.1041 6.41 1001.0  415.99  264.59
2454769.50446 18.9043  0.1161 6.41  940.0  415.99  264.59
2454771.52368 18.6236  0.0995 6.96 1084.0  415.99  264.59
2454772.52954 18.7693  0.1008 5.37 1635.0  415.99  264.59
2454773.51430 18.7972  0.0763 4.20 1460.0  415.99  264.59
2454774.49959 18.7013  0.1143 5.20 2629.0  415.99  264.59
2454778.52664 18.7904  0.0959 5.72 1274.0  415.99  264.59
2454779.52241 18.9437  0.0948 5.08 1205.0  415.99  264.59
2454875.85165 18.6444  0.0666 5.44  843.0  415.99  264.59
2454878.88189 18.8025  0.0560 3.62  882.0  415.99  264.59
2454885.86360 18.6459  0.0539 4.54  621.0  415.99  264.59
2454887.90192 18.9812  0.1016 3.71 2141.0  415.99  264.59
2454892.81098 18.6710  0.0724 5.42  803.0  415.99  264.59
2454897.88971 18.7712  0.0533 4.41  612.0  415.99  264.59
2454900.90748 18.8082  0.0653 4.00  854.0  415.99  264.59
2454903.83228 18.7271  0.0503 3.55  779.0  415.99  264.59
2454904.89049 18.7697  0.0572 3.98  685.0  415.99  264.59
2454906.88200 18.7509  0.0574 3.88  768.0  415.99  264.59
2454910.88853 18.8385  0.0593 3.40  975.0  415.99  264.59
2454912.87504 18.8105  0.0417 3.17  457.0  415.99  264.59
2454914.85642 18.7336  0.0462 3.88  435.0  415.99  264.59
2454925.78977 18.7855  0.0411 3.18  567.0  415.99  264.59
2454927.84360 18.6443  0.0544 4.43  613.0  415.99  264.59
2454929.81232 18.6893  0.0545 4.15  704.0  415.99  264.59
2454930.84570 18.7859  0.0631 4.01  816.0  415.99  264.59
2454931.78952 18.7966  0.0685 4.28  832.0  415.99  264.59
2454932.74474 18.6281  0.0552 4.17  868.0  415.99  264.59
2454933.79305 18.7827  0.0573 3.83  847.0  415.99  264.59
2454938.76807 18.7346  0.0511 3.73  650.0  415.99  264.59
2454939.79339 18.5343  0.0493 4.44  581.0  415.99  264.59
2454941.74751 18.5728  0.0502 4.51  555.0  415.99  264.59
2454942.78830 18.7185  0.0438 3.58  493.0  415.99  264.59
2454943.78083 18.5997  0.0467 4.12  507.0  415.99  264.59
2454945.86850 18.7378  0.0487 4.35  533.0  415.99  264.59
2454950.79346 18.7504  0.0573 4.21  587.0  415.99  264.59
2454952.82042 18.7931  0.0555 4.65  518.0  415.99  264.59
2454953.78504 18.6697  0.0495 3.91  588.0  415.99  264.59
2454954.74689 18.6791  0.0456 3.75  491.0  415.99  264.59
2454955.74272 18.8638  0.0727 5.08  581.0  415.99  264.59
