2125.61979 18.9500 0.1182
2129.69452 19.2471 0.0818
2132.63609 19.2734 0.0870
2136.54015 19.1184 0.1077
2141.55189 19.1024 0.0770
2144.64178 19.0806 0.0810
2160.60957 18.8970 0.1133
2175.64762 19.0851 0.1371
2211.50426 18.8901 0.1333
2347.83597 19.1504 0.0916
2357.86350 19.2950 0.1041
2372.85137 19.1162 0.1035
2383.82325 19.1907 0.0742
2388.79393 19.1786 0.1126
2390.82334 19.2657 0.1038
2397.70101 19.0549 0.0843
2401.83268 19.2725 0.0975
2403.90965 19.1699 0.0763
2405.89704 19.1652 0.0958
2411.73732 20.0124 0.1648
2414.90207 19.2184 0.1052
2416.85436 19.2777 0.1088
2424.82173 19.3950 0.1221
2428.85034 19.2994 0.1119
2434.74867 19.3779 0.0999
2436.79738 19.2144 0.0893
2438.75816 19.2433 0.0979
2441.73585 19.1697 0.0799
2445.64198 19.1937 0.0954
2448.66336 19.2253 0.1115
2455.70000 19.5613 0.1382
2459.62002 19.3276 0.0957
2463.55132 19.1522 0.1023
2466.65047 19.1531 0.1118
2468.68070 19.1250 0.0747
2470.66313 19.1232 0.0778
2472.68832 19.2770 0.0918
2481.56771 19.0601 0.1174
2484.63026 19.2947 0.1209
2486.72225 19.0107 0.1192
2490.69045 19.0224 0.0836
2493.65197 19.1747 0.1088
2495.75392 19.1299 0.1093
2498.51746 19.1486 0.0695
2500.56195 19.1319 0.0744
2502.57318 19.1194 0.0814
2508.67348 19.2433 0.1404
2512.61982 19.1709 0.1001
2517.57373 19.1340 0.0865
2520.58903 19.2468 0.0999
2528.49432 19.1102 0.1043
2538.50073 19.3778 0.1205
2542.52805 19.1374 0.1125
2552.50201 19.2989 0.1348
2556.58612 19.0026 0.1155
2563.50055 19.2829 0.1189
2575.52875 19.3890 0.1491
2707.86995 19.2562 0.1084
2714.90923 19.1328 0.0815
2729.84320 19.1643 0.1408
2733.92335 19.1255 0.1373
2744.92116 19.2101 0.0815
2753.89559 19.2388 0.0947
2757.80733 19.1572 0.0916
2761.82443 19.2574 0.0943
2767.79975 19.2397 0.1297
2775.72882 19.1760 0.1703
2783.83278 19.1757 0.0843
2785.75841 19.0596 0.0867
2787.60875 18.9967 0.1099
2789.76546 19.2100 0.0887
2791.72186 19.1884 0.0871
2794.93652 19.0961 0.1143
2796.83556 19.2332 0.0817
2797.89680 19.1775 0.0935
2809.72467 19.0502 0.0990
2811.64901 19.2071 0.1322
2812.72352 19.2507 0.1170
2813.83279 19.0908 0.0935
2814.75633 19.1417 0.0968
2816.62101 19.0779 0.0736
2818.59229 19.2531 0.0973
2820.79893 19.2637 0.1074
2826.76240 18.9746 0.0668
2835.64653 19.1659 0.1372
2837.64332 18.9093 0.1148
2839.71578 19.0595 0.0994
2841.72507 19.2028 0.0892
2843.65161 19.0435 0.0969
2845.66224 19.0531 0.0975
2850.53023 19.1657 0.0901
2852.54263 19.0552 0.1209
2854.54637 19.0328 0.0889
2856.73671 19.0121 0.1350
2858.68936 19.1277 0.1354
2862.60203 19.1419 0.1249
2865.70560 19.1151 0.1116
2868.59182 19.1813 0.0802
2876.58808 19.1251 0.0876
2879.63836 19.0741 0.0937
2884.66873 19.2690 0.1382
2892.65710 19.1197 0.1466
2895.63079 19.0830 0.0844
2900.55901 19.0292 0.1011
2906.51093 19.0190 0.0990
2911.53510 19.1167 0.1067
2918.55911 18.9020 0.1086
2930.58009 19.1058 0.1297
3051.88964 18.9286 0.1258
3064.82450 18.8688 0.0921
3067.89793 19.0703 0.0780
3070.85946 18.8699 0.0944
3073.81488 18.7717 0.0785
3075.85355 18.9922 0.0842
3079.89809 18.8577 0.0897
3082.86906 18.8848 0.0736
3084.91151 18.7908 0.0582
3086.84305 18.8345 0.0567
3088.80051 18.8262 0.0603
3089.90977 18.8835 0.0647
3091.83799 18.7518 0.0646
3096.87096 18.9193 0.0858
3098.85999 18.7270 0.0496
3100.80908 18.7998 0.0653
3101.92282 18.7345 0.0785
3103.78037 18.7823 0.0718
3104.90106 19.1302 0.2854
3108.77292 18.6793 0.0551
3109.80510 18.8137 0.0609
3110.83951 18.8129 0.0618
3112.79783 18.7501 0.0592
3113.87878 18.7200 0.0514
3114.78965 18.7186 0.0523
3115.87313 18.6938 0.0578
3122.91566 18.7233 0.0697
3125.87600 18.6140 0.0707
3126.90157 18.7275 0.0657
3127.81242 18.6307 0.0570
3128.82547 18.5904 0.0507
3130.70337 18.6025 0.0697
3134.82508 18.6826 0.0628
3135.90470 18.6921 0.0653
3138.70644 18.6050 0.0664
3139.88373 18.6189 0.0467
3140.88350 18.6408 0.0486
3142.77177 18.6756 0.0536
3144.79272 18.5898 0.0528
3146.81537 18.5679 0.0559
3151.75537 18.5738 0.0587
3151.90803 18.5073 0.0590
3152.75944 18.5667 0.0532
3153.76335 18.5748 0.0646
3154.82491 18.4930 0.0630
3156.84461 18.5292 0.0595
3158.91873 18.6119 0.1040
3162.81961 18.4416 0.0537
3163.63249 18.5141 0.0425
3163.65425 18.4698 0.0429
3164.74184 18.5026 0.0466
3165.76199 18.5265 0.0369
3166.90713 18.1762 0.0645
3167.76736 18.4185 0.0630
3168.75519 18.5142 0.0472
3169.73152 18.3157 0.0403
3170.80857 18.4897 0.0395
3171.83134 18.3548 0.0319
3172.75829 18.4159 0.0392
3174.71522 18.3703 0.0357
3175.72457 18.3905 0.0382
3177.76174 18.3964 0.0560
3178.78828 18.4847 0.0432
3179.79797 18.3307 0.0414
3180.72690 18.4579 0.0358
3182.77789 18.3442 0.0402
3183.74646 18.3453 0.0464
3184.70427 18.3731 0.0351
3185.75690 18.3319 0.0429
3193.54250 18.2773 0.0420
3194.60108 18.1859 0.0395
3195.65305 18.3263 0.0321
3195.80607 18.2238 0.0364
3196.55154 18.2906 0.0489
3197.51903 18.2704 0.0376
3199.62887 18.2714 0.0412
3199.65432 18.1757 0.0332
3199.69189 18.2289 0.0363
3199.74855 18.1990 0.0462
3201.46721 18.2516 0.0619
3201.52071 18.1911 0.0360
3201.75110 18.2013 0.0309
3201.81594 18.1068 0.0429
3202.48400 18.2167 0.0432
3202.57508 18.2072 0.0367
3202.75877 18.2535 0.0422
3203.47277 18.2072 0.0425
3203.66466 18.1876 0.0330
3204.55145 18.4013 0.0378
3204.65896 18.1474 0.0311
3205.47386 18.1794 0.0410
3205.77261 18.2146 0.0358
3206.52586 18.1462 0.0331
3206.72343 18.2013 0.0465
3209.55358 18.1666 0.0413
3210.51728 18.1313 0.0399
3211.58924 18.1165 0.0395
3217.65788 18.0795 0.0367
3218.65628 18.1085 0.0421
3219.61213 18.0112 0.0474
3223.65746 17.9773 0.0422
3224.70295 18.1513 0.0366
3226.62651 18.0681 0.0425
3228.60674 18.0204 0.0340
3229.63921 18.0843 0.0378
3230.67280 17.9992 0.0338
3231.57620 18.1011 0.0339
3232.60399 18.0607 0.0476
3238.62516 17.9598 0.0369
3239.70386 17.8694 0.0396
3240.68499 17.9587 0.0443
3241.65990 18.0416 0.0376
3245.55978 18.0025 0.0405
3246.66348 18.0273 0.0478
3247.62967 18.0501 0.0382
3249.53168 18.0649 0.0374
3250.66435 18.0176 0.0440
3253.53211 18.0158 0.0351
3256.64139 17.9712 0.0437
3267.53745 18.1746 0.0374
3272.59287 18.1817 0.0463
3275.57584 18.1861 0.0509
3278.60474 18.1804 0.0476
3282.57874 18.3166 0.0327
3288.55130 18.4885 0.0536
3293.52192 18.5033 0.0422
3295.53211 18.4757 0.0317
3299.55638 18.2279 0.0269
3305.55151 18.5081 0.0743
3306.53533 18.2020 0.0794
3308.52278 18.4205 0.0822
3309.50992 18.6515 0.0774
3310.52952 18.5201 0.0808
3311.50067 18.5514 0.0882
3314.49992 18.6199 0.1210
3409.88298 19.0796 0.0934
3414.87145 19.2456 0.1113
3421.90301 19.0587 0.0827
3422.87736 19.1661 0.0932
3426.86849 18.9292 0.0718
3429.85054 19.3161 0.1213
3432.89394 19.0912 0.0991
3442.89643 19.0753 0.0806
3445.80917 19.0493 0.0652
3447.85984 18.8653 0.0765
3449.87244 19.0575 0.0649
3452.89303 19.1739 0.0704
3455.82728 19.4465 0.1477
3457.86081 19.1663 0.0780
3459.85598 19.3493 0.0978
3467.88584 19.0783 0.0692
3469.79180 19.1687 0.0725
3470.80468 19.1089 0.0637
3472.76715 19.3319 0.0952
3473.78692 19.1342 0.0830
3474.78359 19.1349 0.1120
3475.80919 19.2399 0.0800
3477.77097 19.1403 0.0800
3478.71692 19.1671 0.0842
3478.75179 19.0126 0.0724
3478.80826 19.0171 0.0673
3478.85760 19.1179 0.0651
3478.88800 19.2127 0.0842
3479.73613 19.0848 0.0878
3479.76980 19.1974 0.0691
3479.88615 19.2862 0.0777
3479.93074 19.0482 0.0696
3480.72995 19.0923 0.0650
3480.90065 19.1410 0.0757
3481.74789 19.2646 0.0852
3482.72465 19.0976 0.0721
3496.72745 19.0375 0.0759
3497.79900 18.8860 0.0764
3498.92327 19.1967 0.0974
3499.87015 19.2279 0.0874
3500.67928 18.8886 0.0655
3500.69150 19.2082 0.0776
3500.73635 19.0907 0.0778
3500.80361 19.1996 0.0822
3500.84459 19.1919 0.0758
3500.87357 19.4071 0.1062
3500.89815 19.3399 0.1079
3500.92882 19.2693 0.0926
3501.67097 19.1522 0.0897
3501.80112 20.0497 0.1514
3502.72586 19.0222 0.0624
3503.69502 19.2881 0.0869
3504.70975 19.0758 0.0724
3506.75359 19.0941 0.0869
3508.76315 19.1425 0.0920
3509.73625 19.1347 0.0729
3510.80601 19.1480 0.0724
3511.84514 19.3193 0.0867
3512.71484 19.3465 0.1201
3517.69576 18.9405 0.0978
3520.76921 19.1369 0.0828
3521.72598 19.1492 0.0633
3522.75394 19.2899 0.0723
3523.75914 19.2016 0.0634
3524.90085 18.7847 0.0786
3525.75731 19.0805 0.0608
3526.76027 19.1623 0.0726
3528.68120 19.1894 0.0743
3529.70347 19.4031 0.0711
3530.61859 19.2321 0.0658
3537.74378 19.0800 0.0665
3538.61508 19.1589 0.0798
3539.82538 19.1288 0.0581
3540.65843 19.0724 0.0771
3544.73061 19.1620 0.0980
3546.85251 18.7359 0.1016
3547.81678 18.9085 0.0896
3550.64326 19.1779 0.0737
3551.64420 19.3008 0.0685
3552.67916 19.2823 0.0847
3553.72858 19.1718 0.0976
3554.66710 19.1762 0.0959
3555.68547 19.1028 0.0743
3556.68154 19.1870 0.0765
3558.53858 19.2630 0.0953
3558.83726 19.2711 0.1154
3559.70721 19.2745 0.0734
3560.60858 19.1926 0.0843
3561.55353 19.1462 0.0809
3562.59695 19.1312 0.1035
3563.64772 19.1529 0.0715
3564.58268 19.2498 0.1162
3571.72133 19.5187 0.2127
3571.76990 19.0409 0.1939
3573.66576 19.3559 0.1189
3574.69718 19.2835 0.0960
3575.54466 19.1943 0.0720
3575.78127 19.0689 0.0876
3576.69853 19.1591 0.0838
3577.59862 19.1544 0.0804
3578.68327 19.1363 0.0730
3579.62878 19.0588 0.0622
3580.66196 19.2861 0.0854
3581.68181 19.2260 0.0695
3582.65369 19.3701 0.0903
3583.64412 19.3550 0.0949
3583.76402 19.3356 0.1366
3584.65276 19.0390 0.0574
3584.76743 19.2262 0.0976
3585.64311 19.2563 0.0951
3585.73270 19.0781 0.0712
3586.72818 19.1172 0.0694
3587.60040 19.2358 0.1082
3587.66330 19.0431 0.0851
3587.72592 19.0032 0.1077
3588.55089 19.1424 0.0752
3588.61080 19.4574 0.0911
3589.48957 19.1022 0.0664
3589.55448 19.2329 0.0696
3589.68174 19.2032 0.0670
3589.69107 19.1473 0.0671
3590.46905 19.2889 0.1133
3590.55387 19.0814 0.0636
3590.63339 19.3164 0.0921
3590.69046 19.2604 0.0891
3591.48216 19.5579 0.1172
3591.63190 19.1216 0.0580
3591.68927 19.1780 0.0641
3592.48129 19.1200 0.0813
3592.54857 19.1688 0.0731
3592.66234 19.0231 0.0582
3593.47185 19.2325 0.0786
3593.57554 19.1689 0.0681
3593.75621 19.0108 0.0939
3594.49554 19.2369 0.1001
3594.57037 19.1671 0.0626
3594.71839 19.0933 0.0828
3596.64570 19.2019 0.1207
3599.63624 18.9713 0.1061
3601.66691 19.2226 0.0932
3602.62752 19.1158 0.0858
3603.46679 19.5055 0.2463
3603.64755 19.1496 0.0867
3607.64591 19.1877 0.0838
3608.66127 19.0739 0.0775
3615.58902 19.1415 0.0710
3618.59062 19.1258 0.0825
3620.55383 19.2477 0.0832
3622.53169 19.2735 0.1053
3628.61253 18.9055 0.0985
3630.54722 19.3422 0.1206
3632.59889 19.2831 0.1469
3634.49797 19.0937 0.0890
3639.55684 19.2301 0.0797
3641.55525 19.2457 0.1371
3644.51564 19.4603 0.1043
3648.54874 19.1478 0.1195
3650.59588 19.0390 0.1206
3654.55143 19.0000 0.1174
3656.53269 18.9790 0.0916
3658.56453 18.9705 0.1361
3659.55107 18.7536 0.1064
3660.53717 19.1664 0.1289
3661.51846 18.9024 0.1197
3661.56298 18.9775 0.1584
3662.49871 19.4992 0.1411
3662.52567 19.2127 0.1311
3663.52253 19.0404 0.1418
3663.52861 19.3126 0.1793
3663.53669 19.2152 0.1615
3664.53504 18.9390 0.0779
3665.50793 19.0270 0.0953
3665.54056 19.1852 0.1211
3666.49476 19.2448 0.1088
3668.49178 19.3647 0.1871
3669.51705 19.0581 0.1061
3670.50700 19.2461 0.1536
3672.51508 18.8628 0.1160
3675.51924 19.2655 0.1369
3776.87794 19.4031 0.1264
3782.86258 19.3966 0.1161
3784.88789 19.2309 0.0958
3788.85534 19.1829 0.1070
3790.89772 19.1750 0.1065
3793.86505 19.2107 0.0777
3795.85244 19.6211 0.1873
3798.81564 19.1097 0.0796
3799.83983 19.2815 0.1076
3800.83475 19.1967 0.1021
3801.89424 19.1924 0.0940
3802.85979 19.4003 0.1255
3803.89509 19.2441 0.0885
3805.81154 19.2824 0.0989
3806.77781 19.0535 0.0885
3807.79692 19.1234 0.1104
3808.80460 19.5584 0.1337
3809.88971 19.2858 0.0958
3810.85632 19.2915 0.0999
3811.84791 19.2039 0.0942
3812.84401 19.1704 0.1164
3813.83695 19.2219 0.0957
3814.83584 19.1474 0.0813
3817.86909 19.0935 0.0814
3818.89648 19.2958 0.0907
3819.81415 19.2942 0.0846
3820.78084 19.2193 0.0826
3821.78397 19.3879 0.0982
3822.82336 19.2403 0.0911
3823.78355 19.3883 0.1079
3824.74974 19.1470 0.1056
3825.81460 19.1918 0.0933
3826.74312 19.2552 0.0901
3827.81091 19.2887 0.0878
3828.78553 19.2506 0.1150
3829.76772 19.0266 0.0827
3830.74408 19.3453 0.0956
3831.92105 19.2199 0.0785
3832.75462 19.1817 0.0757
3833.76778 19.3580 0.0868
3833.82029 19.2925 0.0738
3833.88322 19.1936 0.0753
3834.75356 19.3993 0.0947
3834.92441 19.0263 0.1304
3835.74261 19.2082 0.1045
3836.77366 19.4265 0.1080
3837.74101 19.2491 0.1259
3837.91292 19.2695 0.0869
3838.75280 19.2311 0.1368
3838.92013 19.1963 0.0992
3839.74857 19.3910 0.1291
3840.71457 19.2115 0.1032
3840.91955 19.0428 0.0790
3841.75309 19.3513 0.1133
3841.90379 19.5368 0.1173
3842.85690 19.1532 0.0781
3845.72861 19.1868 0.1548
3845.91994 19.2480 0.1118
3846.73933 19.2243 0.0779
3846.93200 19.2709 0.1166
3847.80540 19.4177 0.1403
3848.76036 19.1165 0.0816
3849.75951 19.0628 0.0724
3850.70416 19.2648 0.0904
3850.87719 19.3286 0.0993
3851.71879 19.1613 0.0877
3851.88357 19.3685 0.1134
3851.92970 19.3693 0.1069
3852.70727 19.2367 0.1003
3852.87851 19.2769 0.0865
3853.69568 19.1933 0.0764
3853.86397 19.2819 0.0773
3853.93481 19.1850 0.0942
3856.68573 19.1614 0.0833
3856.85248 19.3961 0.0869
3857.92338 19.0589 0.0862
3858.77212 19.3141 0.0856
3859.81028 19.3274 0.0915
3860.67979 19.2410 0.1051
3860.91864 19.2970 0.1306
3861.67787 19.4033 0.1143
3861.78150 19.3438 0.0789
3862.71114 19.4811 0.0995
3862.87361 19.0719 0.0713
3863.64860 19.1863 0.0890
3863.86271 19.3335 0.0790
3864.68553 19.3615 0.1021
3864.87561 19.0890 0.0619
3864.93455 19.4615 0.0947
3865.69637 19.3155 0.0988
3865.83310 19.2589 0.0860
3865.90983 19.2375 0.0821
3866.69482 19.1343 0.0767
3866.83432 19.2312 0.0809
3866.91323 19.1874 0.0705
3867.63767 19.2425 0.1032
3867.82523 19.0635 0.0803
3867.89641 19.3396 0.0905
3868.72078 19.1827 0.1036
3868.87245 19.2291 0.1063
3869.70059 19.1460 0.0903
3869.88154 19.4778 0.1426
3872.90486 19.2211 0.0780
3873.65409 19.2311 0.0850
3873.79629 19.1983 0.0788
3873.86828 19.4028 0.1035
3873.93786 19.2647 0.1114
3874.75257 19.2730 0.1064
3875.66624 19.3454 0.0722
3875.82210 19.1355 0.0669
3875.91265 19.1651 0.0781
3876.64345 19.1825 0.0635
3877.64160 19.1867 0.0833
3877.79290 19.1297 0.0645
3877.86678 19.4901 0.1018
3880.61464 18.8136 0.0532
3880.84246 19.2722 0.0979
3880.92127 19.5174 0.1302
3881.67167 19.1053 0.0820
3881.88312 19.4498 0.0914
3882.58366 19.2026 0.1004
3882.75994 19.2727 0.0970
3882.83419 19.4186 0.1011
3882.90300 19.2336 0.0798
3883.64931 19.1294 0.0868
3883.84987 19.2021 0.0670
3886.61143 19.1514 0.0947
3886.80422 19.1799 0.0697
3886.87606 19.3001 0.1015
3887.58474 19.1935 0.0896
3887.78738 19.1141 0.0664
3887.88691 19.2501 0.0990
3888.60082 19.2404 0.1027
3889.66721 19.1947 0.0700
3889.94543 19.0368 0.0917
3890.65235 19.0614 0.0716
3891.67684 19.3311 0.0995
3891.80508 19.2135 0.0835
3891.88707 19.1916 0.0958
3892.57843 18.6282 0.0832
3892.94721 19.1481 0.1203
3893.63066 19.2677 0.0961
3893.87534 19.2097 0.1231
3894.68104 19.2431 0.1048
3896.62168 18.9673 0.1145
3900.53993 19.1509 0.1384
3900.72634 19.3931 0.0943
3900.80499 19.1259 0.0823
3900.87362 19.4731 0.1284
3901.55010 18.9205 0.0798
3901.73144 19.1122 0.0836
3901.80867 19.1559 0.0935
3901.87761 19.0123 0.1013
3902.57431 19.1737 0.0791
3902.75226 19.4098 0.0986
3902.87511 18.9569 0.1184
3903.66391 19.2394 0.0916
3904.56110 19.1129 0.0694
3904.72408 19.2627 0.0816
3904.79317 19.2685 0.0873
3904.89531 19.3218 0.1084
3905.55784 19.4599 0.1011
3905.73454 19.2246 0.0702
3905.80455 19.2958 0.0692
3905.87311 19.0897 0.0843
3906.57234 19.2392 0.1001
3906.71297 19.1570 0.0770
3906.78532 19.3413 0.0934
3906.86843 19.3456 0.1415
3907.60313 18.9649 0.0762
3907.78535 18.9503 0.1106
3907.86991 19.1804 0.1340
3908.53925 19.3328 0.1067
3908.72488 19.2870 0.0905
3908.80494 19.2362 0.0815
3908.88803 19.3112 0.1075
3909.54110 19.2286 0.1025
3909.72379 19.3682 0.0731
3909.81427 19.2078 0.0747
3909.89056 19.2230 0.1069
3910.57754 19.4604 0.1001
3912.54020 19.1454 0.0639
3912.72756 19.2238 0.0619
3912.82149 19.2023 0.0697
3913.53172 19.2963 0.0791
3913.73714 19.1841 0.0845
3913.82606 19.3018 0.0792
3914.55548 19.4830 0.1251
3915.53320 19.3590 0.1086
3915.73521 19.2052 0.0758
3915.83342 19.1119 0.1028
3916.57189 19.1437 0.0903
3916.81583 19.1496 0.0795
3917.62064 19.0696 0.0908
3917.82640 19.3875 0.1228
3918.61399 19.2478 0.1179
3918.82410 19.0131 0.1034
3919.55226 19.3846 0.1504
3919.76088 19.3462 0.0693
3920.51857 19.1638 0.1002
3920.71466 19.1719 0.0850
3920.80007 19.2610 0.0729
3921.51475 19.0879 0.0845
3921.72849 19.0374 0.1125
3922.71843 19.3407 0.1350
3930.55167 19.2065 0.0836
3930.79626 19.5644 0.2475
3931.50732 19.1058 0.0963
3932.53491 19.3085 0.1027
3932.80662 19.2134 0.0970
3933.52129 19.1798 0.0824
3933.70579 19.3889 0.0849
3933.77776 19.3441 0.0919
3934.49520 19.1423 0.0805
3934.66524 19.1828 0.0701
3934.73508 19.2017 0.0718
3935.54509 19.4308 0.1210
3935.71644 19.3692 0.1274
3935.81397 18.9480 0.0842
3936.49849 19.2818 0.1104
3936.66399 19.2377 0.0791
3936.74035 19.3792 0.1204
3937.56274 18.9969 0.0988
3938.50622 19.3531 0.1302
3938.70127 19.1614 0.0939
3938.80641 18.9491 0.1068
3940.59091 19.1058 0.0765
3941.70756 19.0765 0.1006
3944.55881 19.4830 0.1096
3944.75917 19.6459 0.1702
3945.78710 19.3790 0.1433
3946.51796 19.1329 0.0967
3946.71017 19.1694 0.1058
3950.52664 19.4260 0.0906
3950.74171 19.2064 0.1087
3951.51937 19.3449 0.1146
3951.75068 19.4740 0.1897
3956.57257 19.2435 0.1358
3957.51100 19.1174 0.0966
3958.58179 19.2492 0.0915
3959.51457 19.1350 0.0933
3959.68900 19.1916 0.1157
3960.50381 19.2546 0.0823
3960.68291 19.1245 0.0686
3961.57514 19.0964 0.1031
3963.53645 19.2870 0.0891
3963.60637 19.4505 0.1045
3963.71382 19.2124 0.1084
3964.53156 19.3025 0.0800
3965.51597 19.0669 0.0684
3965.70725 19.2114 0.0860
3966.49116 19.6224 0.1442
3966.69286 19.2835 0.0998
3967.52956 19.2798 0.1064
3967.71832 19.3859 0.1193
3968.50366 19.2049 0.0950
3968.67360 19.3870 0.1331
3969.48524 19.0588 0.0894
3969.68594 19.2869 0.1006
3970.51950 19.4146 0.1202
3970.69301 19.0850 0.0784
3971.55825 19.1387 0.1092
3973.58445 19.2800 0.0959
3974.51373 19.3016 0.1056
3975.51662 19.2039 0.0816
3975.69325 19.3498 0.1366
3976.51116 19.3224 0.0856
3976.68722 19.0114 0.1111
3979.51342 18.8361 0.1283
3982.57406 19.2401 0.0933
3983.53170 19.0514 0.1137
3986.58852 19.3074 0.1280
3987.51087 19.2502 0.1085
3988.52377 19.4295 0.0934
3989.53438 19.0403 0.0807
3990.55118 19.2782 0.1058
3991.50697 19.4003 0.1424
3993.55864 19.1647 0.0988
3994.56934 19.1603 0.1042
3995.57693 19.1846 0.0796
3999.61428 19.5305 0.1464
4002.50368 19.0029 0.0836
4003.49789 19.3011 0.0903
4004.53199 19.3093 0.0971
4006.52495 19.1907 0.0905
4012.50486 19.1678 0.1098
4016.52049 19.1452 0.1145
4018.55865 19.1011 0.1078
4020.54349 19.1878 0.1101
4023.54383 19.8381 0.2423
4025.56321 19.2570 0.1160
4028.50263 19.3272 0.1437
4031.50274 19.0893 0.1095
4038.50809 19.2961 0.1526
4041.50711 19.9133 0.2760
4043.51486 19.2374 0.1786
4141.88253 19.3009 0.1194
4151.86370 19.2321 0.1172
4153.88564 19.3169 0.1122
4156.86404 19.1409 0.1154
4158.88364 19.2874 0.1181
4161.85158 19.3683 0.1513
4163.83446 19.2003 0.1117
4165.81587 19.0277 0.1380
4168.81305 19.2567 0.1119
4170.80499 19.1549 0.1868
4175.79563 19.1716 0.1066
4176.90697 19.2346 0.0893
4178.81071 19.2044 0.0983
4179.85501 19.2076 0.0818
4181.79144 19.2318 0.1167
4182.83638 19.2254 0.0851
4183.87253 19.2123 0.1012
4184.91317 19.2619 0.0913
4189.85583 19.2301 0.1031
4191.81764 19.0473 0.1280
4193.74780 19.1591 0.1579
4194.79339 19.2371 0.1145
4196.78345 19.2565 0.1288
4202.76499 19.1509 0.0838
4203.75300 19.2367 0.0882
4204.74526 19.1869 0.1012
4204.92756 19.2232 0.1101
4205.74180 19.3654 0.1070
4207.73126 19.2687 0.1064
4208.75336 19.1998 0.0853
4211.79753 19.2213 0.1134
4212.87469 19.1394 0.1153
4213.71789 19.3673 0.1208
4213.92147 19.1813 0.0774
4215.75057 19.2722 0.1161
4216.70836 19.3038 0.1204
4217.71581 19.3272 0.0944
4217.92528 19.2004 0.0748
4218.76543 19.5293 0.1814
4219.76636 19.1731 0.1328
4220.71108 19.2919 0.1186
4222.67982 19.3141 0.1559
4222.92458 19.1869 0.0943
4224.79053 19.2954 0.1062
4224.80204 19.1780 0.0949
4224.82484 19.3630 0.1449
4224.84518 19.2805 0.1386
4224.86690 19.1585 0.1227
4224.87624 19.2583 0.1147
4224.87907 19.3328 0.1214
4224.88199 19.3389 0.1216
4224.89350 19.3735 0.1138
4224.90463 19.2276 0.1312
4224.91573 19.2996 0.1345
4224.92582 19.2560 0.1220
4224.92877 19.3966 0.1451
4224.93165 19.2361 0.1390
4224.93464 19.1139 0.1314
4224.93731 19.2061 0.1554
4227.84608 19.3722 0.1022
4227.85365 19.2704 0.1101
4227.85748 19.2290 0.1124
4227.87452 19.1729 0.1015
4227.88697 19.4012 0.1398
4227.91069 19.2565 0.1087
4227.92031 19.2576 0.1230
4227.92898 19.2311 0.1289
4228.62646 19.1843 0.1703
4228.63472 19.4189 0.1860
4228.68594 19.3057 0.1233
4228.71727 19.1722 0.0926
4228.75741 19.2431 0.1059
4228.79369 19.2849 0.1002
4228.83544 19.1527 0.1154
4228.88015 19.1657 0.1129
4228.90557 19.2444 0.1328
4228.91952 19.6224 0.2001
4228.93093 19.3949 0.1456
4228.93383 19.2627 0.1250
4229.63499 19.1401 0.1316
4229.67962 19.1785 0.1248
4229.74178 19.2813 0.1080
4229.80924 19.2569 0.0952
4229.87657 19.3271 0.1095
4229.92715 19.1081 0.0832
4230.63240 19.2775 0.1481
4230.68932 19.1749 0.0900
4230.76230 19.2090 0.0744
4230.87737 19.1813 0.1077
4230.92849 19.1359 0.1295
4231.61575 19.2960 0.1240
4231.63166 19.2560 0.1079
4231.77588 19.0998 0.0870
4231.90008 19.4337 0.1492
4232.61690 19.2547 0.1430
4232.68374 19.1775 0.1412
4232.84474 19.0544 0.1309
4232.93389 19.1803 0.1369
4233.71743 19.2828 0.1481
4233.81901 19.4873 0.1466
4233.92541 19.0300 0.1171
4234.61098 19.0757 0.1233
4234.71719 19.1528 0.1019
4234.93152 19.3323 0.1338
4235.61953 19.1588 0.1140
4235.64519 19.2146 0.1065
4235.80644 19.1892 0.0825
4235.89887 19.3540 0.1062
4237.61072 19.2590 0.1520
4238.61573 19.1009 0.1383
4238.63114 19.2808 0.1521
4238.68155 19.1653 0.1220
4238.81931 19.3363 0.1175
4238.88354 19.2783 0.1491
4239.63789 19.1461 0.1242
4240.68525 19.1780 0.1129
4240.82533 19.2158 0.0989
4243.65106 19.2899 0.1258
4243.74377 19.2745 0.1092
4243.83752 19.2734 0.0995
4244.62339 19.2430 0.1333
4244.71965 19.2992 0.1057
4244.81246 19.0852 0.0838
4245.61649 19.2736 0.1105
4245.71041 19.3070 0.0990
4245.80622 19.2713 0.0962
4246.67478 19.2583 0.1011
4246.76766 19.1776 0.0975
4246.86099 19.2862 0.1052
4247.69003 19.1008 0.1002
4250.73818 19.3355 0.1182
4251.80976 19.4398 0.2055
4256.62588 19.2008 0.1445
4256.77191 19.2541 0.1249
4257.65753 19.1408 0.1323
4258.64076 19.4132 0.1530
4258.76325 19.2710 0.1014
4258.85737 19.1559 0.1132
4267.60137 19.1767 0.1020
4268.56459 19.3695 0.1426
4268.84745 19.2429 0.1104
4269.58377 19.1980 0.0976
4269.70432 19.2445 0.0991
4269.81308 19.4583 0.0949
4270.57732 19.4085 0.1531
4272.60568 19.2338 0.0901
4272.75483 19.2122 0.0928
4272.81404 19.1250 0.0924
4272.88563 19.3247 0.1374
4273.62279 19.3127 0.1393
4273.80343 19.2962 0.1262
4273.86459 19.0466 0.1419
4274.55545 19.1332 0.1283
4274.70919 19.3219 0.1241
4274.77032 19.3148 0.1161
4274.82873 18.7356 0.0782
4275.60788 19.3126 0.1231
4275.78325 19.2264 0.1166
4275.84433 19.3329 0.1591
4276.59266 19.1252 0.1200
4277.53647 19.1005 0.1406
4277.71337 19.2423 0.1060
4277.77206 19.0809 0.1188
4277.83310 19.1405 0.1435
4278.58134 19.1547 0.1364
4278.75750 19.1875 0.1275
4283.51589 19.3694 0.1480
4283.73620 19.1985 0.1152
4284.51082 18.9626 0.0987
4284.70140 19.2818 0.1147
4284.76374 19.2168 0.0989
4284.82858 19.3604 0.1391
4285.51393 19.1419 0.1300
4285.70668 19.1546 0.1088
4285.76847 19.2249 0.1033
4285.83380 19.3643 0.1466
4286.51362 19.1923 0.1171
4286.81855 18.9562 0.1297
4289.52143 19.3171 0.1252
4289.73997 19.1193 0.1045
4289.80508 19.2076 0.1056
4290.56772 19.1429 0.1230
4291.63034 19.2928 0.0963
4292.49600 19.2542 0.0913
4292.67518 19.2735 0.0945
4292.73378 19.4290 0.0939
4292.79229 19.2023 0.0978
4293.49631 19.1609 0.1033
4293.72094 19.3883 0.1046
4293.77973 19.2736 0.0985
4294.49549 19.5400 0.1432
4295.50260 19.2009 0.1122
4295.70065 19.2809 0.0870
4295.75924 19.2617 0.0918
4296.49965 19.1460 0.1130
4296.69618 19.2640 0.0909
4297.51920 19.1485 0.1130
4297.72083 19.4825 0.0999
4298.55408 19.1702 0.0983
4298.65980 19.2688 0.1089
4298.76568 19.1606 0.1136
4299.53709 19.2308 0.0861
4299.63056 19.1863 0.0867
4299.72230 19.3107 0.0936
4300.53278 19.1543 0.0950
4300.65284 19.3157 0.1021
4300.74837 19.2565 0.0930
4301.52366 19.2633 0.0963
4301.61939 19.4575 0.1208
4301.72092 19.2930 0.0838
4301.81079 19.1866 0.0946
4302.59663 19.2576 0.1012
4302.69681 19.3159 0.1101
4303.68264 19.2267 0.1278
4304.55675 19.3680 0.1541
4304.67489 19.6441 0.2061
4306.64074 19.3387 0.1390
4306.69645 19.2955 0.1225
4310.61994 19.0330 0.1187
4312.55219 19.2410 0.1280
4312.75064 19.4179 0.1373
4315.64319 19.1587 0.1328
4316.71636 19.3231 0.1319
4317.56446 19.1648 0.0826
4319.52171 19.2703 0.1221
4319.77654 19.0738 0.1106
4320.54851 19.1634 0.0902
4326.51577 19.2953 0.0964
4326.71293 19.1323 0.1103
4327.59458 19.2072 0.1245
4328.52138 19.3027 0.1234
4328.69941 19.1499 0.1032
4329.53094 19.1136 0.1060
4329.67883 19.1970 0.1137
4330.50224 19.2478 0.1063
4330.69553 19.3327 0.1189
4331.48238 19.2761 0.1321
4331.69125 19.0590 0.1153
4332.51216 19.3947 0.1079
4333.53326 19.1069 0.1090
4333.69438 19.3193 0.1451
4334.50664 19.1173 0.2069
4334.63487 18.9351 0.1830
4338.50649 19.0942 0.1079
4339.48382 19.2774 0.1217
4339.70026 19.2252 0.1280
4340.60410 19.2545 0.1082
4341.50712 19.0363 0.1219
4342.53631 19.2501 0.1055
4343.51515 19.2568 0.0793
4344.54338 19.0957 0.1251
4345.50857 19.2657 0.0902
4346.52128 19.2620 0.1110
4347.53599 19.2331 0.1019
4349.49762 19.3914 0.1232
4350.54427 19.1264 0.0808
4351.51016 19.3826 0.1105
4352.56068 19.0992 0.1246
4353.51404 19.2956 0.1004
4354.54276 19.2460 0.0885
4355.54571 19.2368 0.0997
4356.51076 19.1920 0.0998
4357.53985 19.1564 0.1372
4358.50289 19.0203 0.1034
4359.54041 19.1511 0.0951
4360.56978 19.1415 0.1163
4361.57320 19.0281 0.1213
4362.51496 19.1534 0.1141
4365.56579 19.1879 0.1409
4367.49905 19.2185 0.0998
4368.53545 19.3238 0.1465
4370.49951 19.3442 0.1185
4371.53794 19.2902 0.0968
4372.52367 19.3207 0.0885
4373.50986 19.1158 0.1115
4376.57457 19.0357 0.1254
4377.61179 19.1888 0.1401
4378.52237 19.2370 0.1079
4379.53740 19.0217 0.1133
4380.54890 19.0979 0.0944
4381.52760 19.0391 0.1164
4382.57014 19.2499 0.1516
4383.56068 19.2301 0.1136
4384.53486 19.1880 0.1246
4388.49799 18.9687 0.1105
4393.53468 19.2186 0.1024
4394.55002 19.3036 0.1254
4395.52146 19.2195 0.1300
4396.51345 19.1960 0.1470
4397.53775 19.3310 0.1240
4398.54267 19.3439 0.1405
4399.53538 19.2273 0.1521
4400.53744 19.2851 0.1728
4402.55386 19.0110 0.1290
4403.55293 19.2269 0.1452
4408.54369 18.8505 0.1094
4507.86818 19.1859 0.1283
4510.86450 19.2407 0.1113
4513.86562 19.4115 0.1103
4517.86476 19.1536 0.1479
4519.88571 19.3574 0.1079
4522.87963 19.3326 0.1339
4524.81545 19.2433 0.1275
4530.82308 19.2952 0.0909
4533.85894 19.2685 0.1250
4535.84171 19.1190 0.1174
4536.89938 19.2856 0.1061
4537.88501 19.2774 0.0855
4538.82012 19.1192 0.0974
4539.85817 19.1722 0.0945
4540.80438 19.2245 0.0936
4541.79709 19.3816 0.0994
4542.79177 19.1197 0.1059
4543.78731 19.2330 0.0986
4544.78420 19.1143 0.1089
4545.79051 19.1916 0.1026
4546.79763 19.1107 0.0893
4547.79160 19.2056 0.0933
4548.80256 19.3764 0.1391
4550.74561 19.1208 0.1111
4551.76880 19.4241 0.1243
4552.76478 19.0589 0.1669
4556.76088 19.3205 0.1080
4557.77809 19.2528 0.1085
4558.75503 19.2583 0.0901
4559.75295 19.1890 0.0898
4560.75308 19.1739 0.0834
4561.74314 19.3332 0.1073
4564.73329 19.1890 0.0921
4565.73137 19.3858 0.0915
4565.92227 19.2487 0.0868
4566.73085 19.1455 0.0825
4567.72389 19.3053 0.0926
4568.73243 19.1479 0.0891
4569.74153 19.2933 0.1156
4570.73215 19.4631 0.1373
4571.72682 19.0971 0.1066
4571.91537 19.1173 0.0824
4572.75431 19.4913 0.1159
4573.74269 19.0876 0.1010
4573.90905 19.4167 0.1005
4574.74508 18.9419 0.0871
4575.75416 19.1596 0.0950
4576.76067 19.2036 0.0958
4577.84238 19.2946 0.1240
4578.79340 19.1470 0.1236
4579.87033 19.1811 0.1461
4583.73713 19.2905 0.1069
4583.92992 19.3141 0.1136
4585.76085 19.0301 0.1128
4586.78604 19.1963 0.1286
4587.77378 19.2101 0.1121
4587.93231 19.3134 0.1434
4588.69625 19.3764 0.1333
4588.92710 19.3743 0.1124
4589.67916 19.1046 0.0935
4589.83455 19.2570 0.1065
4589.89658 19.4428 0.1339
4590.70193 19.1147 0.0868
4590.90659 19.3094 0.1065
4591.71043 19.3760 0.1110
4591.83587 19.2141 0.0965
4591.90243 19.1721 0.0898
4592.66906 19.4638 0.1409
4592.85831 19.1032 0.1000
4592.93667 19.1058 0.1108
4593.65819 19.1876 0.0968
4593.86790 19.2485 0.0967
4594.67921 19.1731 0.0972
4594.87425 19.2130 0.1009
4595.66872 19.2698 0.1051
4595.86316 19.2940 0.1060
4595.92500 19.3818 0.1171
4596.66395 19.1221 0.1018
4597.68837 19.2178 0.0967
4597.87989 19.3107 0.1112
4598.66466 19.2464 0.0812
4598.93338 19.2038 0.1046
4599.63716 19.1810 0.1095
4599.92771 19.3366 0.1337
4600.64641 19.2134 0.0840
4600.85513 19.2816 0.0962
4601.65198 19.1937 0.0854
4601.86823 19.3046 0.0859
4601.93009 19.2607 0.0967
4602.64461 19.3064 0.0930
4602.85403 19.2855 0.0867
4603.88713 19.3034 0.1014
4606.64588 19.4959 0.1390
4606.90096 19.4509 0.1382
4610.74205 19.2677 0.1002
4611.63136 19.1493 0.1049
4611.82221 19.2172 0.0947
4612.65274 19.3616 0.1094
4612.68400 19.0840 0.0869
4615.79448 19.4296 0.1332
4616.60350 19.4301 0.1382
4616.82002 19.2698 0.1099
4616.88998 19.4721 0.1385
4617.67523 19.4109 0.1135
4618.61526 19.3387 0.1171
4621.91663 19.3023 0.0891
4622.81368 19.5053 0.1390
4622.92925 18.9344 0.1227
4623.64823 19.3053 0.1333
4623.87279 19.0724 0.1103
4624.59278 19.3468 0.1508
4624.81690 19.2813 0.1065
4624.88327 19.4623 0.1255
4625.60687 19.2888 0.1320
4625.79722 18.8695 0.0837
4625.91464 19.0608 0.1066
4626.60536 19.1160 0.1053
4626.86587 19.2487 0.1096
4627.56583 19.4672 0.1352
4627.85512 19.1710 0.0771
4627.92238 19.2678 0.0960
4628.55309 19.2154 0.1036
4628.75937 19.0392 0.0931
4628.82481 19.1567 0.0965
4628.89472 19.2376 0.1024
4629.63051 19.2579 0.0827
4629.83313 19.2397 0.0920
4629.91115 19.2364 0.1073
4630.56646 19.2672 0.1106
4630.77227 19.1876 0.0926
4630.85565 19.2644 0.1098
4630.91842 19.3303 0.1288
4631.56784 19.3561 0.0937
4631.78357 19.1705 0.0789
4631.87027 19.3168 0.1125
4632.57163 19.2971 0.1036
4632.85838 19.0544 0.0850
4633.57160 19.2677 0.1047
4633.60406 19.1855 0.0895
4633.68311 19.4051 0.1030
4633.79886 19.2449 0.1033
4633.81655 19.4121 0.1083
4633.82604 19.3125 0.0980
4633.88732 19.3908 0.1448
4638.70762 19.0470 0.1010
4638.75667 19.1387 0.1100
4638.86687 19.1893 0.1290
4639.53524 19.3933 0.1247
4639.57919 19.2516 0.1176
4639.67699 19.1781 0.0900
4640.59870 19.2285 0.0972
4640.73086 19.2317 0.0954
4640.83590 19.2089 0.1372
4641.67270 19.1435 0.0888
4641.78265 19.3492 0.1216
4642.59663 19.3297 0.1046
4642.75915 19.3411 0.1111
4642.83422 19.1535 0.1027
4643.55439 19.4194 0.1316
4644.60177 19.2248 0.1205
4644.86349 19.2512 0.1009
4645.52485 19.1571 0.1276
4645.77331 19.2913 0.1094
4645.84802 19.3221 0.1365
4646.52286 19.3771 0.1100
4646.85525 19.1305 0.0980
4647.51925 19.1763 0.1180
4647.74229 19.2116 0.1154
4647.85331 19.3171 0.1394
4648.50239 19.2549 0.1072
4648.71887 19.1070 0.0945
4648.81991 19.1610 0.1016
4649.52851 19.2511 0.1244
4649.80734 19.1472 0.0953
4649.86359 19.2383 0.1150
4650.51447 19.3573 0.1415
4650.77839 19.1301 0.0894
4650.87211 19.1981 0.1139
4651.51784 19.0429 0.1302
4651.81296 19.0752 0.0986
4652.50887 19.2533 0.1110
4652.72200 19.0939 0.0821
4652.79687 19.2283 0.0997
4652.84661 19.2562 0.1430
4653.50521 19.2051 0.1378
4653.72438 19.3333 0.1155
4653.78961 19.3357 0.1479
4654.54402 19.2873 0.1024
4654.75549 19.3262 0.1134
4654.83706 19.2295 0.1431
4655.50509 19.1433 0.1209
4655.72955 19.1873 0.0842
4655.79134 19.4728 0.1413
4656.50700 19.2858 0.0865
4656.69679 19.2621 0.1091
4656.81601 19.2110 0.1152
4657.73315 19.3249 0.1391
4658.66550 19.2567 0.1020
4659.60482 19.1844 0.1335
4660.61782 19.2668 0.1163
4661.49505 19.2521 0.1375
4661.69573 19.6935 0.1997
4661.75723 19.3334 0.1466
4661.82445 19.3796 0.1518
4665.66253 19.1165 0.1295
4666.56798 19.1335 0.0974
4666.71103 19.2490 0.1220
4666.75322 19.0629 0.1067
4670.65266 19.2094 0.1098
4671.58820 19.3349 0.0935
4672.51369 19.2375 0.0794
4672.70613 19.3536 0.1037
4672.72842 19.3430 0.1135
4674.51678 19.3435 0.1301
4674.70989 19.2416 0.1022
4675.68463 19.1856 0.0958
4677.49339 19.2876 0.0986
4677.63979 19.1963 0.1065
4678.69678 19.2566 0.0931
4679.49902 19.4029 0.1683
4679.63577 19.2051 0.1276
4681.53480 19.2124 0.1019
4681.63479 19.1305 0.1013
4681.76702 19.3380 0.1094
4682.50580 19.1926 0.0906
4682.66313 19.2939 0.0948
4682.75832 19.3076 0.0946
4683.52431 19.3646 0.1441
4683.71125 19.1857 0.1115
4684.51682 19.2935 0.0997
4684.73055 19.4084 0.0997
4685.50183 19.1470 0.1186
4685.73679 19.3182 0.1105
4686.50554 19.1885 0.0892
4687.48930 19.2542 0.1061
4687.74484 19.1194 0.1123
4688.50224 19.1636 0.1019
4688.69207 19.3992 0.1098
4688.75386 19.1999 0.1073
4693.55003 19.3200 0.1492
4694.54507 19.3186 0.1696
4697.50573 19.3819 0.1119
4698.51122 19.3120 0.0905
4699.50738 19.2638 0.1013
4700.51366 19.3748 0.1016
4701.50895 19.2388 0.1047
4702.50748 19.3975 0.1223
4703.57800 19.1581 0.0907
4704.64773 19.2440 0.1038
4705.51109 19.2060 0.0865
4707.64146 19.3636 0.1035
4708.54435 19.1693 0.1227
4709.52046 19.1135 0.1218
4710.55006 19.2557 0.1022
4715.58940 19.4188 0.1518
4716.59182 19.1925 0.1625
4720.55897 19.1538 0.1067
4721.49143 19.3093 0.1654
4722.60381 19.2340 0.1162
4724.51288 19.3792 0.1469
4725.49167 19.3957 0.1562
4726.55259 18.9608 0.1181
4728.59773 19.1685 0.1202
4729.55322 19.1032 0.1300
4730.57189 19.3571 0.1073
4731.57649 19.2347 0.1153
4733.52815 19.2604 0.1050
4734.55751 19.2381 0.1172
4737.54843 19.0846 0.0997
4740.55896 19.2562 0.1216
4741.56664 19.3539 0.1190
4743.57228 19.2739 0.1190
4753.55244 19.2074 0.1245
4756.53130 18.9731 0.1122
4758.51414 18.8493 0.1046
4868.88455 19.2688 0.1311
4870.85555 19.2476 0.1257
4873.85726 19.1288 0.1020
4874.85174 19.2738 0.1293
4877.85157 19.0818 0.0846
4884.85909 19.2720 0.1020
4887.83119 19.2279 0.0939
4890.88716 19.2561 0.0949
4896.87540 19.1661 0.0740
4899.84634 19.1978 0.0961
4900.88774 19.2099 0.0881
4901.88614 19.4237 0.1115
4902.88483 19.2226 0.0863
4904.80896 19.1633 0.0930
4905.91295 19.1861 0.1380
4910.81490 19.2374 0.1052
4911.78546 19.1854 0.0741
4912.78241 19.2910 0.0811
4914.79944 19.3423 0.0950
4917.76047 19.2542 0.0846
4920.74039 19.2975 0.0855
4924.78141 19.2480 0.0898
4925.82136 19.3922 0.1020
4925.90842 19.2131 0.0785
4925.91983 19.0918 0.0938
4927.72109 19.2579 0.1257
4927.87554 19.5841 0.1808
4928.73755 19.4225 0.1311
4929.79382 19.3336 0.1096
4930.70831 19.2151 0.1023
4930.82726 19.4124 0.1393
4931.72315 19.1403 0.1185
4931.86880 19.5628 0.1534
4932.72618 19.3268 0.1083
4932.82688 19.2797 0.0926
4933.77452 19.2616 0.1343
4934.77294 19.0605 0.1285
4934.87774 19.3490 0.1519
4938.68351 19.4843 0.1395
4938.88815 19.3070 0.1238
4939.70243 19.2042 0.1227
4940.70242 19.1358 0.0974
4941.68119 19.3619 0.1128
4941.77917 19.2723 0.1097
4942.71898 19.1283 0.0851
4943.67301 19.1999 0.0795
4943.81250 19.2797 0.1021
4944.66980 19.3363 0.1011
4944.70804 19.2666 0.0909
4944.82528 19.4136 0.1076
4945.71828 19.2907 0.0912
4945.77474 19.0540 0.0737
4946.66793 19.2037 0.0875
4947.66163 19.1944 0.0778
4947.85986 19.2575 0.1037
4948.84217 19.2193 0.0858
4950.66985 19.2338 0.0896
4951.65030 19.1682 0.0969
4952.64856 19.0884 0.0877
4953.64219 19.4291 0.1128
4953.81674 18.8817 0.0707
4954.64373 19.1895 0.1009
4954.83660 19.3485 0.1076
4955.64442 19.2439 0.1160
4955.77778 19.2789 0.1061
