2127.48967 14.7314 0.0035
2130.52253 14.7232 0.0028
2133.53663 14.7313 0.0029
2136.65785 14.7266 0.0031
2141.64861 14.7277 0.0038
2165.57107 14.7198 0.0031
2171.63809 14.7249 0.0028
2179.52845 14.7263 0.0033
2189.52344 14.7259 0.0035
2212.54880 14.7260 0.0031
2214.50608 14.7240 0.0037
2337.83571 14.7196 0.0030
2352.85318 14.7164 0.0030
2361.84765 14.7278 0.0033
2373.80241 14.7212 0.0032
2384.83828 14.7186 0.0030
2388.83756 14.7172 0.0031
2390.87591 14.7168 0.0031
2393.86980 14.7233 0.0037
2400.81712 14.7164 0.0030
2402.92386 14.7256 0.0034
2406.86662 14.7240 0.0033
2411.72465 14.7222 0.0026
2415.89990 14.7296 0.0033
2417.86762 14.7219 0.0031
2425.89709 14.7371 0.0039
2428.88069 14.7248 0.0035
2432.90943 14.7296 0.0042
2434.79730 14.7182 0.0030
2436.84601 14.7178 0.0033
2438.82738 14.7218 0.0031
2441.78216 14.7195 0.0029
2445.69879 14.7181 0.0029
2448.73252 14.7222 0.0038
2454.75052 14.7228 0.0027
2460.72951 14.7250 0.0033
2463.60913 14.7183 0.0029
2466.58310 14.7228 0.0029
2468.76771 14.7246 0.0031
2470.75152 14.7340 0.0031
2472.78606 14.7299 0.0025
2481.62703 14.7219 0.0035
2484.68924 14.7301 0.0033
2486.78230 14.7313 0.0040
2491.51139 14.7194 0.0036
2493.70972 14.7391 0.0022
2496.55570 14.7253 0.0027
2498.59377 14.7156 0.0027
2500.61994 14.7297 0.0029
2502.63808 14.7286 0.0032
2510.53522 14.7283 0.0030
2516.49842 14.7327 0.0032
2517.54530 14.7245 0.0037
2520.65405 14.7262 0.0030
2529.52056 14.7156 0.0042
2538.56984 14.7198 0.0032
2542.55879 14.7201 0.0032
2548.52399 14.7204 0.0033
2552.56063 14.7333 0.0030
2557.52560 14.7149 0.0030
2561.52154 14.7226 0.0035
2568.55605 14.7223 0.0037
2708.87377 14.7267 0.0028
2719.87993 14.7178 0.0031
2729.90553 14.7273 0.0033
2734.84033 14.7210 0.0029
2747.76366 14.7187 0.0036
2754.77344 14.7186 0.0031
2757.83852 14.7216 0.0033
2763.79160 14.7152 0.0030
2767.88391 14.7213 0.0034
2775.78933 14.7278 0.0038
2783.87840 14.7208 0.0030
2785.74473 14.7212 0.0031
2788.62420 14.7139 0.0030
2790.77052 14.7318 0.0031
2793.69767 14.7348 0.0027
2795.65720 14.7163 0.0026
2797.66831 14.7232 0.0028
2809.78842 14.7129 0.0033
2811.70885 14.7362 0.0034
2812.83812 14.7252 0.0032
2813.88190 14.7282 0.0035
2815.86263 14.7182 0.0031
2817.76113 14.7224 0.0032
2819.67151 14.7252 0.0030
2821.72066 14.7173 0.0029
2830.69221 14.7261 0.0034
2835.70240 14.7296 0.0032
2837.71284 14.7238 0.0037
2839.77261 14.7181 0.0033
2841.79375 14.7183 0.0030
2843.72102 14.7273 0.0028
2845.71068 14.7212 0.0031
2852.61809 14.7231 0.0035
2854.61158 14.7173 0.0034
2857.52180 14.7218 0.0031
2858.73412 14.7203 0.0031
2862.64512 14.7275 0.0034
2865.62527 14.7244 0.0030
2868.62155 14.7311 0.0029
2871.70220 14.7184 0.0030
2876.70321 14.7287 0.0041
2879.66858 14.7252 0.0034
2884.69970 14.7177 0.0033
2893.57620 14.7209 0.0029
2894.68574 14.7311 0.0038
2900.51140 14.7339 0.0035
2911.57174 14.7276 0.0031
2918.61444 14.7224 0.0035
2931.56848 14.7249 0.0030
3052.88086 14.7283 0.0027
3059.86848 14.7210 0.0027
3064.87983 14.7268 0.0026
3068.83291 14.7277 0.0028
3071.88545 14.7130 0.0028
3073.89462 14.6891 0.0027
3077.78477 14.7300 0.0049
3080.83076 14.7228 0.0027
3081.83745 14.7207 0.0027
3082.84637 14.7190 0.0027
3083.77935 14.7155 0.0026
3084.82889 14.7224 0.0026
3085.87459 14.7216 0.0027
3087.82665 14.7407 0.0028
3088.81384 14.7228 0.0025
3089.76810 14.7146 0.0027
3090.79847 14.7314 0.0026
3091.84442 14.7358 0.0028
3092.88272 14.7293 0.0037
3093.89376 14.7247 0.0032
3096.82054 14.7231 0.0030
3097.82700 14.7219 0.0026
3098.82740 14.7233 0.0025
3099.85302 14.7214 0.0029
3100.78267 14.7225 0.0028
3101.82232 14.7222 0.0027
3102.85466 14.7295 0.0029
3103.81153 14.7304 0.0027
3104.77028 14.7110 0.0041
3106.91682 14.7247 0.0031
3107.80086 14.7460 0.0028
3108.80347 14.7202 0.0026
3109.77757 14.7194 0.0025
3110.89684 14.7246 0.0028
3112.85385 14.7270 0.0027
3113.91128 14.7188 0.0026
3114.84882 14.7242 0.0027
3116.83640 14.7189 0.0029
3122.84293 14.7381 0.0034
3124.76438 14.7318 0.0031
3124.87354 14.7267 0.0033
3125.70826 14.7351 0.0034
3125.79429 14.7313 0.0033
3125.85561 14.7423 0.0031
3125.90932 14.7265 0.0031
3126.62528 14.7328 0.0031
3126.68621 14.7322 0.0028
3126.80588 14.7335 0.0027
3126.90743 14.7247 0.0028
3127.63667 14.7355 0.0029
3127.73436 14.7235 0.0027
3127.89191 14.7392 0.0029
3128.63288 14.7322 0.0029
3128.75383 14.7264 0.0028
3128.88116 14.7279 0.0030
3128.92694 14.7431 0.0029
3129.62861 14.7254 0.0033
3129.70937 14.7340 0.0030
3129.78335 14.7446 0.0031
3130.66904 14.7245 0.0031
3130.75880 14.7672 0.0054
3130.91154 14.7381 0.0033
3131.62403 14.7228 0.0037
3134.89419 14.7609 0.0043
3135.77907 14.7368 0.0026
3135.93695 14.7214 0.0029
3137.82990 14.7314 0.0024
3138.71240 14.7178 0.0030
3139.80181 14.7269 0.0027
3139.91445 14.7220 0.0027
3140.68534 14.7203 0.0027
3141.75308 14.7263 0.0028
3142.82731 14.7331 0.0028
3144.84531 14.7332 0.0028
3146.91171 14.7186 0.0026
3147.92732 14.7205 0.0029
3151.81928 14.7248 0.0033
3151.94315 14.7346 0.0034
3152.81896 14.7349 0.0029
3153.81756 14.7314 0.0031
3154.90730 14.7320 0.0033
3156.92425 14.7192 0.0029
3157.89145 14.7358 0.0029
3158.70396 14.7173 0.0035
3162.85524 14.7210 0.0028
3163.81760 14.7305 0.0027
3164.80332 14.7273 0.0027
3164.91080 14.7234 0.0042
3165.65661 14.7318 0.0026
3166.91669 14.7299 0.0037
3167.66616 14.7311 0.0032
3168.81643 14.7125 0.0035
3169.84237 14.7246 0.0033
3170.87192 14.7239 0.0026
3171.71814 14.7232 0.0024
3172.82036 14.7294 0.0023
3173.80366 14.7311 0.0027
3174.77092 14.7253 0.0027
3175.85183 14.7465 0.0028
3177.82748 14.7256 0.0032
3179.57031 14.7184 0.0027
3179.87220 14.7229 0.0028
3180.78873 14.7232 0.0026
3182.84899 14.7161 0.0027
3183.80480 14.7285 0.0031
3184.76342 14.7274 0.0028
3185.61829 14.7201 0.0026
3193.61357 14.7226 0.0025
3194.50871 14.7246 0.0031
3194.80250 14.7189 0.0030
3195.73709 14.7163 0.0025
3196.58997 14.7348 0.0028
3196.83274 14.7246 0.0028
3197.77845 14.7111 0.0027
3199.77499 14.7256 0.0030
3201.82216 14.7200 0.0028
3202.76956 14.7211 0.0028
3203.59868 14.7174 0.0024
3204.74673 14.7158 0.0027
3205.67704 14.7278 0.0025
3206.78352 14.7223 0.0030
3210.56059 14.7329 0.0032
3211.74053 14.7316 0.0031
3217.71643 14.7237 0.0029
3218.72742 14.7126 0.0031
3223.71649 14.7234 0.0032
3224.76097 14.7275 0.0031
3226.69809 14.7203 0.0031
3228.68197 14.7353 0.0029
3229.71272 14.7134 0.0028
3230.72863 14.7201 0.0028
3231.65585 14.7214 0.0041
3232.67134 14.7154 0.0031
3238.68044 14.7279 0.0031
3240.52960 14.7276 0.0028
3241.71326 14.7222 0.0036
3245.64225 14.7096 0.0029
3247.50355 14.7350 0.0029
3249.61595 14.7269 0.0029
3251.51895 14.7251 0.0029
3254.58236 14.7255 0.0033
3257.53846 14.7195 0.0025
3260.58395 14.7232 0.0032
3265.53691 14.7329 0.0030
3267.59515 14.7212 0.0026
3273.49015 14.7311 0.0035
3277.51353 14.7178 0.0031
3280.51439 14.7228 0.0030
3282.58510 14.7216 0.0022
3289.51926 14.7109 0.0029
3294.51456 14.7110 0.0027
3296.51368 14.7040 0.0025
3302.51085 14.7241 0.0031
3418.85372 14.7296 0.0026
3423.88176 14.7256 0.0022
3427.83546 14.7097 0.0027
3429.90756 14.7254 0.0029
3436.86746 14.7220 0.0028
3443.83489 14.7189 0.0024
3445.86708 14.7156 0.0024
3447.91141 14.7127 0.0026
3450.79105 14.7169 0.0023
3453.83448 14.7272 0.0026
3455.89952 14.7206 0.0029
3456.92071 14.7151 0.0028
3458.86969 14.7155 0.0025
3459.88489 14.7248 0.0026
3468.86838 14.7129 0.0024
3469.87110 14.7206 0.0024
3472.85597 14.7159 0.0025
3474.78964 14.7199 0.0030
3476.76616 14.7156 0.0024
3478.86152 14.7300 0.0023
3480.87714 14.7252 0.0025
3483.81044 14.7137 0.0025
3496.90538 14.7169 0.0029
3497.89238 14.7207 0.0027
3500.90144 14.7225 0.0027
3502.88328 14.7241 0.0026
3503.86280 14.7306 0.0020
3506.92586 14.7171 0.0026
3508.90323 14.7380 0.0032
3509.88605 14.7283 0.0025
3511.90959 14.7208 0.0026
3512.89617 14.7264 0.0029
3520.66173 14.7191 0.0029
3521.76396 14.7250 0.0026
3521.79245 14.7321 0.0027
3522.86005 14.7165 0.0027
3524.85136 14.7398 0.0023
3527.63461 14.7189 0.0022
3528.87894 14.7292 0.0028
3529.91777 14.7151 0.0025
3530.85726 14.7210 0.0024
3530.88862 14.7208 0.0024
3538.84683 14.7051 0.0025
3541.88100 14.7284 0.0027
3544.87733 14.7145 0.0029
3547.84582 14.7210 0.0030
3550.82260 14.7237 0.0023
3551.83459 14.7179 0.0026
3552.82996 14.7296 0.0030
3554.85895 14.7135 0.0027
3556.84100 14.7286 0.0035
3558.61790 14.7127 0.0025
3559.62631 14.7248 0.0027
3560.70271 14.7205 0.0026
3561.60991 14.7190 0.0025
3562.65731 14.7172 0.0025
3563.72195 14.7206 0.0025
3569.64996 14.7279 0.0035
3573.78035 14.7156 0.0029
3574.75258 14.7162 0.0028
3575.69449 14.7247 0.0025
3576.76114 14.7206 0.0027
3578.73561 14.7204 0.0026
3579.68413 14.7170 0.0025
3580.72378 14.7196 0.0028
3581.73363 14.7003 0.0029
3582.68259 14.7142 0.0024
3583.70077 14.7221 0.0028
3584.70463 14.7209 0.0022
3585.70332 14.7163 0.0024
3586.75736 14.7198 0.0024
3589.74676 14.7083 0.0025
3590.74299 14.7145 0.0026
3591.72460 14.7187 0.0025
3592.69581 14.7170 0.0024
3602.71955 14.7235 0.0030
3603.71456 14.7286 0.0029
3607.69851 14.7250 0.0030
3608.69114 14.7113 0.0025
3615.64603 14.7044 0.0027
3617.61048 14.7139 0.0029
3619.60759 14.6988 0.0025
3621.64927 14.7161 0.0027
3629.53351 14.7156 0.0026
3631.56240 14.7121 0.0030
3633.58736 14.7175 0.0033
3640.52074 14.7123 0.0029
3644.59655 14.6992 0.0028
3649.57253 14.7152 0.0025
3652.54651 14.7061 0.0031
3656.53928 14.7034 0.0029
3660.54348 14.7168 0.0030
3665.52629 14.7065 0.0028
3670.51192 14.7101 0.0034
3777.88408 14.7136 0.0025
3783.87510 14.6999 0.0023
3785.88610 14.7008 0.0025
3788.89010 14.7067 0.0027
3791.90187 14.7097 0.0031
3794.87940 14.7048 0.0024
3796.87117 14.7115 0.0025
3797.87083 14.6973 0.0024
3800.85189 14.7010 0.0029
3802.79881 14.7099 0.0025
3803.83140 14.7065 0.0024
3804.87859 14.7081 0.0025
3806.89106 14.7024 0.0024
3808.87610 14.6987 0.0024
3810.79207 14.6939 0.0026
3812.77821 14.6940 0.0028
3814.76910 14.7009 0.0025
3818.83407 14.6907 0.0023
3819.89350 14.6882 0.0023
3820.88571 14.6894 0.0024
3821.89711 14.6953 0.0024
3822.90896 14.7014 0.0024
3824.90397 14.6941 0.0028
3825.89608 14.6916 0.0024
3827.89519 14.6939 0.0023
3828.90731 14.7007 0.0027
3829.90321 14.6972 0.0024
3830.86683 14.7017 0.0024
3832.89744 14.7032 0.0025
3833.88586 14.6987 0.0024
3834.81099 14.6786 0.0023
3835.86342 14.6894 0.0023
3836.87289 14.6857 0.0024
3837.85167 14.6894 0.0024
3838.85579 14.6982 0.0025
3839.87489 14.7057 0.0031
3840.85888 14.6959 0.0024
3841.84213 14.6870 0.0024
3842.75607 14.6910 0.0026
3842.90491 14.6920 0.0034
3845.84572 14.6931 0.0027
3846.85051 14.6988 0.0023
3847.89241 14.7048 0.0028
3848.86610 14.7061 0.0026
3849.89445 14.6955 0.0026
3850.81540 14.7005 0.0026
3851.82168 14.6997 0.0028
3852.81378 14.6948 0.0024
3853.80302 14.6952 0.0022
3856.79171 14.7016 0.0025
3858.85571 14.7021 0.0024
3859.89434 14.7105 0.0024
3860.84708 14.6931 0.0028
3861.83183 14.6877 0.0023
3861.86235 14.6873 0.0024
3861.88832 14.6908 0.0024
3862.64074 14.6975 0.0026
3862.66810 14.6884 0.0026
3862.69428 14.6869 0.0024
3862.71712 14.6898 0.0023
3862.72608 14.6987 0.0024
3862.74358 14.6969 0.0023
3862.76458 14.6921 0.0024
3862.79904 14.6919 0.0023
3862.85843 14.6837 0.0024
3862.93199 14.6939 0.0027
3863.64228 14.6810 0.0025
3863.78378 14.6913 0.0022
3863.92726 14.6852 0.0024
3864.64531 14.6885 0.0027
3864.80722 14.6857 0.0023
3865.65673 14.6893 0.0025
3865.77000 14.6899 0.0024
3866.73516 14.6976 0.0023
3867.74253 14.6988 0.0025
3868.73790 14.6854 0.0027
3869.71960 14.6976 0.0027
3869.93404 14.6919 0.0029
3872.85694 14.6743 0.0024
3873.72310 14.6804 0.0024
3874.76986 14.6921 0.0027
3875.75170 14.6923 0.0022
3877.71145 14.6919 0.0023
3880.77823 14.6950 0.0024
3881.78681 14.6731 0.0023
3882.72174 14.6790 0.0025
3883.77352 14.6853 0.0025
3886.73425 14.6910 0.0024
3887.71685 14.6920 0.0022
3889.87861 14.6715 0.0023
3891.61026 14.6797 0.0027
3892.74549 14.6789 0.0024
3893.77670 14.6823 0.0030
3894.81375 14.6948 0.0028
3896.76413 14.6803 0.0026
3900.66091 14.6748 0.0026
3901.66643 14.6762 0.0025
3902.68394 14.6738 0.0023
3903.82148 14.6815 0.0025
3904.66379 14.6788 0.0022
3905.67450 14.6783 0.0023
3906.65233 14.6792 0.0024
3907.71837 14.6725 0.0029
3907.74412 14.6784 0.0027
3908.65826 14.6677 0.0022
3909.65636 14.6749 0.0022
3912.66045 14.6682 0.0021
3912.74325 14.6767 0.0022
3912.77483 14.6733 0.0022
3912.80401 14.6700 0.0023
3912.83322 14.6656 0.0023
3912.86269 14.6764 0.0023
3913.48523 14.6725 0.0023
3913.51740 14.6775 0.0022
3913.54667 14.6738 0.0022
3913.57578 14.6761 0.0022
3913.61047 14.6763 0.0023
3913.65197 14.6728 0.0023
3913.66065 14.6726 0.0022
3913.69031 14.6731 0.0023
3913.71956 14.6765 0.0025
3913.75215 14.6779 0.0025
3913.78249 14.6785 0.0023
3914.51109 14.6779 0.0029
3914.70260 14.6810 0.0019
3915.48686 14.6714 0.0026
3915.65754 14.6753 0.0023
3915.78324 14.6778 0.0024
3916.73926 14.6803 0.0026
3917.75644 14.6586 0.0025
3918.75673 14.6662 0.0024
3919.68691 14.6692 0.0020
3920.64062 14.6539 0.0025
3921.64906 14.6691 0.0027
3930.71071 14.6496 0.0023
3931.62688 14.6675 0.0024
3932.58534 14.6653 0.0021
3933.63759 14.6522 0.0021
3934.60465 14.6674 0.0022
3934.80605 14.6555 0.0023
3935.58567 14.6551 0.0023
3936.57072 14.6517 0.0024
3936.82182 14.6557 0.0027
3937.64948 14.6530 0.0024
3938.61497 14.6542 0.0024
3940.75577 14.6551 0.0022
3944.71077 14.6450 0.0021
3945.64663 14.6377 0.0024
3946.64285 14.6399 0.0024
3950.65363 14.6364 0.0022
3951.66924 14.6464 0.0027
3957.68576 14.6389 0.0029
3959.63003 14.6260 0.0024
3960.62116 14.6340 0.0022
3963.62658 14.6260 0.0023
3964.66270 14.6215 0.0022
3965.63757 14.6223 0.0022
3966.63206 14.6293 0.0024
3967.65548 14.6286 0.0024
3968.61499 14.6223 0.0024
3969.62543 14.6173 0.0023
3970.63221 14.6236 0.0025
3971.66354 14.6148 0.0023
3973.69179 14.6062 0.0024
3974.62932 14.6180 0.0023
3975.62185 14.6072 0.0022
3976.61581 14.6148 0.0022
3979.65099 14.6085 0.0026
3982.68371 14.6054 0.0031
3986.66431 14.5956 0.0028
3987.61310 14.5928 0.0022
3988.64529 14.5916 0.0022
3989.56339 14.5941 0.0025
3991.56478 14.5874 0.0024
3995.51262 14.5940 0.0024
4001.58297 14.5746 0.0022
4002.61858 14.5645 0.0021
4003.57303 14.5728 0.0020
4011.55636 14.5512 0.0025
4015.58535 14.5556 0.0026
4017.55902 14.5452 0.0022
4019.56036 14.5433 0.0023
4021.58328 14.5371 0.0025
4025.50154 14.5322 0.0023
4027.50927 14.5384 0.0023
4029.55083 14.5319 0.0025
4150.88335 14.5406 0.0030
4155.85566 14.5455 0.0028
4158.81751 14.5570 0.0030
4160.87249 14.5531 0.0032
4162.86813 14.5569 0.0030
4164.90800 14.5530 0.0031
4167.83559 14.5550 0.0029
4169.84711 14.5619 0.0028
4170.82419 14.5554 0.0029
4174.78681 14.5647 0.0029
4174.85718 14.5609 0.0028
4174.86032 14.5544 0.0028
4176.83888 14.5576 0.0027
4177.89258 14.5563 0.0028
4179.79035 14.5585 0.0028
4180.84209 14.5603 0.0031
4182.76521 14.5541 0.0027
4183.80422 14.5490 0.0029
4184.87229 14.5603 0.0025
4185.85161 14.5496 0.0028
4190.87800 14.5619 0.0027
4192.88237 14.5569 0.0027
4193.89328 14.5580 0.0029
4194.91483 14.5548 0.0029
4202.88462 14.5499 0.0026
4203.87281 14.5487 0.0025
4204.87191 14.5448 0.0027
4205.86840 14.5549 0.0026
4207.87209 14.5459 0.0026
4208.90174 14.5601 0.0028
4213.86982 14.5468 0.0025
4215.90738 14.5524 0.0027
4216.82818 14.5441 0.0028
4217.85414 14.5454 0.0025
4218.89134 14.5462 0.0027
4219.93503 14.5368 0.0034
4220.87539 14.5464 0.0029
4222.84190 14.5418 0.0027
4228.82705 14.5382 0.0030
4229.80586 14.5421 0.0027
4230.79283 14.5472 0.0026
4231.81493 14.5305 0.0026
4232.82621 14.5338 0.0029
4234.77024 14.5297 0.0027
4235.79222 14.5356 0.0026
4238.81606 14.5305 0.0028
4239.91751 14.5387 0.0026
4243.70980 14.5270 0.0033
4244.87165 14.5290 0.0030
4245.86490 14.5289 0.0029
4246.91955 14.5313 0.0028
4250.88543 14.5263 0.0033
4256.73770 14.5168 0.0031
4258.72714 14.5188 0.0027
4268.63063 14.5206 0.0022
4269.67079 14.5197 0.0026
4272.72205 14.5111 0.0025
4273.68147 14.5151 0.0027
4274.66514 14.5160 0.0027
4275.72215 14.5067 0.0028
4277.62112 14.5145 0.0028
4278.69586 14.5140 0.0029
4283.64080 14.5199 0.0027
4284.62465 14.5134 0.0028
4285.63134 14.5110 0.0030
4286.72520 14.5207 0.0026
4289.67114 14.5168 0.0028
4290.75105 14.5169 0.0030
4291.74889 14.5115 0.0028
4292.61001 14.5133 0.0025
4293.63743 14.5202 0.0025
4294.60923 14.5139 0.0016
4295.63856 14.5165 0.0025
4296.61805 14.5157 0.0026
4297.61181 14.5223 0.0025
4298.72136 14.5219 0.0027
4299.47208 14.5165 0.0028
4299.49101 14.5198 0.0026
4299.54883 14.5202 0.0025
4299.68833 14.5195 0.0026
4299.80839 14.5169 0.0029
4300.46891 14.5228 0.0029
4300.77586 14.5214 0.0027
4300.81316 14.5139 0.0028
4301.49067 14.5190 0.0027
4301.81405 14.5157 0.0026
4302.55318 14.5221 0.0027
4302.76977 14.5228 0.0027
4303.61679 14.5213 0.0031
4304.47492 14.5264 0.0033
4305.64577 14.5231 0.0030
4307.56091 14.5234 0.0026
4307.60484 14.5262 0.0025
4310.75454 14.5386 0.0031
4312.65064 14.5283 0.0026
4317.63795 14.5332 0.0027
4319.64569 14.5377 0.0028
4320.74709 14.5337 0.0033
4326.65666 14.5466 0.0028
4327.68525 14.5470 0.0031
4328.62626 14.5499 0.0028
4329.61680 14.5497 0.0030
4330.59980 14.5504 0.0028
4331.62627 14.5569 0.0029
4332.63138 14.5472 0.0027
4333.62672 14.5446 0.0029
4334.62096 14.5564 0.0033
4338.66090 14.5630 0.0032
4339.62992 14.5572 0.0029
4340.55668 14.5649 0.0032
4341.62836 14.5515 0.0036
4342.66455 14.5663 0.0029
4343.64396 14.5669 0.0028
4344.69334 14.5638 0.0028
4345.64373 14.5656 0.0032
4346.64905 14.5666 0.0032
4347.66306 14.5711 0.0028
4349.63482 14.5740 0.0027
4351.63352 14.5844 0.0029
4357.64496 14.5841 0.0030
4359.61766 14.5867 0.0030
4362.60238 14.6114 0.0041
4370.61411 14.6016 0.0029
4372.58618 14.6056 0.0028
4380.59590 14.6190 0.0029
4515.89127 14.6921 0.0029
4519.86278 14.6961 0.0030
4520.86226 14.6976 0.0032
4523.85359 14.6957 0.0031
4524.90464 14.6881 0.0030
4530.89416 14.6991 0.0026
4534.84086 14.6913 0.0029
4536.85004 14.6976 0.0027
4538.85896 14.6941 0.0027
4540.88875 14.6926 0.0027
4542.91512 14.7103 0.0031
4543.87658 14.6912 0.0027
4544.87335 14.7041 0.0027
4545.89092 14.6952 0.0027
4547.91701 14.7061 0.0028
4550.86467 14.7040 0.0027
4552.91940 14.6993 0.0029
4556.88384 14.7113 0.0025
4557.90982 14.6979 0.0025
4558.84489 14.6975 0.0026
4559.87405 14.6994 0.0026
4560.87446 14.7038 0.0025
4561.86335 14.6955 0.0025
4564.86756 14.6950 0.0024
4565.85644 14.6974 0.0024
4566.85853 14.7027 0.0025
4567.86275 14.6996 0.0026
4568.89280 14.6958 0.0023
4569.87871 14.7048 0.0026
4570.88400 14.7017 0.0026
4571.84949 14.7036 0.0026
4572.88774 14.7051 0.0027
4573.86305 14.6959 0.0024
4574.86520 14.6983 0.0029
4575.87686 14.6980 0.0026
4579.92919 14.7052 0.0029
4583.84901 14.7037 0.0027
4586.82950 14.6986 0.0027
4587.86738 14.7135 0.0032
4588.75766 14.7019 0.0026
4589.78932 14.7009 0.0028
4590.80369 14.7038 0.0027
4591.78094 14.7076 0.0027
4592.79309 14.7049 0.0028
4593.77854 14.6945 0.0027
4594.80681 14.7028 0.0026
4595.79733 14.7023 0.0026
4596.81787 14.6998 0.0026
4597.81514 14.6988 0.0027
4598.78453 14.7011 0.0024
4599.76395 14.7057 0.0026
4600.76949 14.7008 0.0025
4601.77415 14.7042 0.0025
4602.77171 14.7076 0.0024
4606.82954 14.7038 0.0026
4610.89842 14.6988 0.0028
4611.75582 14.7073 0.0030
4611.94230 14.6968 0.0031
4616.74808 14.7005 0.0028
4617.93252 14.7042 0.0033
4622.72439 14.7035 0.0028
4623.80423 14.7037 0.0032
4624.74303 14.7064 0.0029
4625.72438 14.7094 0.0031
4626.78313 14.7023 0.0029
4627.70371 14.7021 0.0027
4628.69388 14.7000 0.0027
4629.76007 14.7036 0.0027
4630.69936 14.7051 0.0027
4631.71773 14.7066 0.0026
4632.74036 14.7019 0.0027
4633.88022 14.7066 0.0031
4639.82078 14.7138 0.0030
4640.79627 14.7011 0.0031
4641.88151 14.7130 0.0033
4642.71921 14.7148 0.0029
4643.68526 14.7086 0.0029
4644.76839 14.7048 0.0030
4645.68707 14.7068 0.0028
4646.65475 14.7062 0.0026
4647.67600 14.6979 0.0027
4648.67273 14.7050 0.0027
4648.78500 14.7064 0.0030
4649.66007 14.7132 0.0028
4650.69155 14.7024 0.0028
4651.70287 14.7057 0.0029
4652.63133 14.7060 0.0028
4653.62516 14.6987 0.0029
4654.66432 14.7127 0.0030
4655.62858 14.7013 0.0027
4656.63181 14.7090 0.0028
4658.78903 14.7011 0.0033
4660.74268 14.7114 0.0033
4661.62125 14.6936 0.0026
4666.55398 14.7073 0.0030
4671.67782 14.6977 0.0027
4672.63753 14.7074 0.0030
4674.66544 14.7053 0.0030
4677.69017 14.6994 0.0029
4681.69350 14.6981 0.0030
4682.64922 14.7058 0.0029
4683.64710 14.7047 0.0031
4684.66555 14.7096 0.0032
4685.69169 14.7020 0.0028
4686.76429 14.7029 0.0029
4687.67975 14.7087 0.0030
4688.62588 14.7040 0.0027
4694.70998 14.7090 0.0037
4697.63126 14.7000 0.0029
4698.65283 14.7061 0.0029
4700.64799 14.7072 0.0029
4701.63094 14.7036 0.0028
4702.64576 14.7112 0.0029
4708.66740 14.7071 0.0029
4710.68529 14.7088 0.0028
4720.59845 14.7061 0.0033
4721.63400 14.7001 0.0036
4724.65071 14.7036 0.0034
4726.62694 14.7183 0.0034
4733.59115 14.7215 0.0032
4738.55134 14.7081 0.0032
4741.63332 14.6954 0.0029
4756.55566 14.7245 0.0036
4757.54595 14.7233 0.0030
4763.51458 14.7249 0.0032
4767.52040 14.7306 0.0035
4768.50178 14.7244 0.0036
4771.51130 14.7208 0.0039
4876.88747 14.7123 0.0028
4883.87332 14.7233 0.0032
4886.84024 14.7139 0.0028
4888.86778 14.7110 0.0026
4892.86184 14.7112 0.0027
4898.83210 14.7168 0.0028
4901.83498 14.7069 0.0027
4903.88238 14.7040 0.0026
4905.87873 14.7173 0.0030
4912.86352 14.7188 0.0024
4914.90971 14.7130 0.0028
4924.75877 14.7131 0.0025
4925.87647 14.7093 0.0025
4928.76669 14.7124 0.0027
4930.81081 14.7145 0.0030
4931.85523 14.7104 0.0027
4932.86379 14.7094 0.0026
4933.85863 14.7106 0.0030
4938.83858 14.7163 0.0028
4940.78008 14.7128 0.0027
4941.81581 14.7208 0.0028
4942.75893 14.7033 0.0026
4944.76124 14.7207 0.0026
4945.81431 14.7198 0.0024
4951.66087 14.7299 0.0030
4953.85389 14.7272 0.0029
4954.82317 14.7167 0.0027
4955.81454 14.7262 0.0028
