2452125.53682 16.3262  0.0111 5.30 1351.0  470.62  390.48
2452129.62016 16.3293  0.0083 3.92  807.0  470.62  390.48
2452132.56445 16.3294  0.0085 4.22  770.0  470.62  390.48
2452135.70205 16.3344  0.0070 3.85  850.0  470.62  390.48
2452140.66006 16.3174  0.0090 5.56  696.0  470.62  390.48
2452144.54468 16.3229  0.0091 4.86  894.0  470.62  390.48
2452160.53352 16.3256  0.0103 5.89  826.0  470.62  390.48
2452168.60095 16.3002  0.0098 5.79  773.0  470.62  390.48
2452175.57286 16.3071  0.0128 5.34 2729.0  470.62  390.48
2452187.51029 16.3117  0.0103 6.17  967.0  470.62  390.48
2452206.50621 16.3063  0.0144 7.55 1387.0  470.62  390.48
2452331.84670 16.3135  0.0095 3.98 1196.0  470.62  390.48
2452346.89306 16.3087  0.0085 3.75  789.0  470.62  390.48
2452358.81675 16.3212  0.0092 4.24  791.0  470.62  390.48
2452365.91684 16.3285  0.0100 4.33 1244.0  470.62  390.48
2452372.77892 16.3307  0.0093 4.41  767.0  470.62  390.48
2452382.90302 16.3239  0.0097 4.36  852.0  470.62  390.48
2452386.84627 16.3179  0.0099 4.89  818.0  470.62  390.48
2452390.78940 16.3109  0.0097 4.61 1053.0  470.62  390.48
2452397.75145 16.3243  0.0086 3.43  900.0  470.62  390.48
2452401.77621 16.3237  0.0093 4.61  778.0  470.62  390.48
2452403.83224 16.3176  0.0084 3.52  768.0  470.62  390.48
2452405.80072 16.3098  0.0087 4.41  709.0  470.62  390.48
2452414.77763 16.3177  0.0092 4.69  751.0  470.62  390.48
2452416.75199 16.3174  0.0093 4.67  798.0  470.62  390.48
2452424.84367 16.3198  0.0112 5.84 1009.0  470.62  390.48
2452428.74599 16.3291  0.0086 4.83  714.0  470.62  390.48
2452432.78915 16.3373  0.0129 7.24  837.0  470.62  390.48
2452434.65697 16.3218  0.0088 4.15  744.0  470.62  390.48
2452436.70258 16.3115  0.0085 3.63  756.0  470.62  390.48
2452438.68089 16.3103  0.0089 4.65  658.0  470.62  390.48
2452440.78511 16.3268  0.0086 4.01  703.0  470.62  390.48
2452443.68793 16.3284  0.0091 4.52  680.0  470.62  390.48
2452445.56902 16.3306  0.0096 4.50  930.0  470.62  390.48
2452448.53641 16.3154  0.0153 4.28 4826.0  470.62  390.48
2452453.80427 16.3179  0.0105 5.46  973.0  470.62  390.48
2452459.49562 16.3319  0.0093 7.08  748.0  470.62  390.48
2452463.47673 16.3178  0.0108 5.97 1090.0  470.62  390.48
2452464.70683 16.3119  0.0081 3.78  649.0  470.62  390.48
2452467.60978 16.3245  0.0099 5.63  671.0  470.62  390.48
2452469.62420 16.3205  0.0077 3.56  547.0  470.62  390.48
2452471.63598 16.3096  0.0082 4.02  668.0  470.62  390.48
2452473.59709 16.3044  0.0096 5.64  729.0  470.62  390.48
2452483.66591 16.3192  0.0092 4.35  789.0  470.62  390.48
2452486.64926 16.3229  0.0093 5.30  607.0  470.62  390.48
2452490.61587 16.3230  0.0104 6.14  664.0  470.62  390.48
2452493.57569 16.3178  0.0092 4.72  777.0  470.62  390.48
2452495.64973 16.3146  0.0085 4.08  740.0  470.62  390.48
2452497.70555 16.3108  0.0089 4.58  936.0  470.62  390.48
2452499.75248 16.3053  0.0091 4.69  966.0  470.62  390.48
2452502.49607 16.3093  0.0092 4.32  991.0  470.62  390.48
2452508.59098 16.3093  0.0090 4.23  965.0  470.62  390.48
2452512.54732 16.3217  0.0103 5.14  986.0  470.62  390.48
2452517.64804 16.3112  0.0092 4.85  810.0  470.62  390.48
2452520.50677 16.3215  0.0098 5.27  845.0  470.62  390.48
2452526.60024 16.3164  0.0083 4.01  691.0  470.62  390.48
2452537.58294 16.3152  0.0117 6.37 1057.0  470.62  390.48
2452541.58105 16.3224  0.0097 4.51 1069.0  470.62  390.48
2452541.60551 16.3115  0.0097 4.56 1151.0  470.62  390.48
2452547.51914 16.3248  0.0102 4.76 1084.0  470.62  390.48
2452551.55469 16.3184  0.0113 6.38  883.0  470.62  390.48
2452556.51008 16.3151  0.0105 5.24 1009.0  470.62  390.48
2452563.54358 16.3152  0.0089 4.18 1041.0  470.62  390.48
2452574.52293 16.2993  0.0100 4.37 1500.0  470.62  390.48
2452705.88678 16.3144  0.0083 5.67  672.0  470.62  390.48
2452706.85243 16.3217  0.0085 4.55  724.0  470.62  390.48
2452714.83673 16.3085  0.0080 3.93  747.0  470.62  390.48
2452728.86668 16.3183  0.0107 6.30  788.0  470.62  390.48
2452733.84956 16.3027  0.0096 4.36  956.0  470.62  390.48
2452744.81989 16.3165  0.0086 3.64  835.0  470.62  390.48
2452752.89592 16.3147  0.0095 4.35  987.0  470.62  390.48
2452756.86678 16.3214  0.0089 3.86  817.0  470.62  390.48
2452760.83501 16.3017  0.0091 5.03  992.0  470.62  390.48
2452766.86695 16.3255  0.0090 3.84  818.0  470.62  390.48
2452770.75458 16.3153  0.0094 4.50  907.0  470.62  390.48
2452783.75536 16.3134  0.0081 3.31  803.0  470.62  390.48
2452785.86695 16.3231  0.0097 4.33 1247.0  470.62  390.48
2452786.86901 16.3227  0.0107 5.02 1114.0  470.62  390.48
2452789.67503 16.3128  0.0090 4.24  786.0  470.62  390.48
2452791.63763 16.3255  0.0095 5.10  664.0  470.62  390.48
2452794.79146 16.3040  0.0088 4.39  734.0  470.62  390.48
2452794.80504 16.3188  0.0091 4.62  745.0  470.62  390.48
2452796.74204 16.3127  0.0081 3.18  664.0  470.62  390.48
2452803.54012 16.3462  0.0350 6.87 12325.0  470.62  390.48
2452808.88247 16.2986  0.0137 7.11 1418.0  470.62  390.48
2452809.88681 16.3122  0.0097 4.72 1144.0  470.62  390.48
2452810.81382 16.3201  0.0095 4.52  961.0  470.62  390.48
2452811.85105 16.3187  0.0091 4.34  938.0  470.62  390.48
2452813.64776 16.3162  0.0113 6.54  744.0  470.62  390.48
2452815.76945 16.3153  0.0086 3.81  726.0  470.62  390.48
2452817.72233 16.3124  0.0092 4.58  799.0  470.62  390.48
2452818.78529 16.3207  0.0091 4.30  769.0  470.62  390.48
2452820.65760 16.3225  0.0089 3.71  919.0  470.62  390.48
2452826.67067 16.3221  0.0065 3.86  701.0  470.62  390.48
2452834.70842 16.2750  0.0204 4.51 8583.0  470.62  390.48
2452835.82587 16.3124  0.0119 5.64 1441.0  470.62  390.48
2452837.56378 16.3237  0.0108 5.04 1296.0  470.62  390.48
2452839.60063 16.3158  0.0090 4.27  754.0  470.62  390.48
2452841.61696 16.3122  0.0090 4.34  776.0  470.62  390.48
2452843.55061 16.3010  0.0082 4.67  928.0  470.62  390.48
2452845.58608 16.3184  0.0099 5.23  762.0  470.62  390.48
2452849.73857 16.3228  0.0096 4.89  816.0  470.62  390.48
2452849.76615 16.3182  0.0111 6.01  933.0  470.62  390.48
2452851.74889 16.3182  0.0107 5.64  923.0  470.62  390.48
2452853.75176 16.3239  0.0106 5.41 1016.0  470.62  390.48
2452856.64054 16.3186  0.0092 4.31  864.0  470.62  390.48
2452858.61589 16.3086  0.0106 3.82 2064.0  470.62  390.48
2452859.60988 16.3114  0.0116 3.64 2751.0  470.62  390.48
2452860.73798 16.3352  0.0128 4.21 3084.0  470.62  390.48
2452863.57413 16.3090  0.0096 4.13 1249.0  470.62  390.48
2452866.66614 16.3278  0.0105 5.39  910.0  470.62  390.48
2452869.65717 16.3235  0.0088 4.94  783.0  470.62  390.48
2452872.65170 16.3318  0.0083 3.99  604.0  470.62  390.48
2452877.62092 16.3176  0.0094 4.29  802.0  470.62  390.48
2452883.59654 16.3119  0.0082 3.60  710.0  470.62  390.48
2452892.58647 16.3200  0.0107 4.95 1171.0  470.62  390.48
2452896.60814 16.3159  0.0086 3.90  924.0  470.62  390.48
2452902.57519 16.3112  0.0107 5.30 1087.0  470.62  390.48
2452907.54954 16.3159  0.0109 5.71  883.0  470.62  390.48
2452917.53718 16.3169  0.0110 4.90 1268.0  470.62  390.48
2453051.84395 16.3168  0.0114 5.60 1509.0  470.62  390.48
2453058.83913 16.3234  0.0082 4.08  885.0  470.62  390.48
2453063.83383 16.3273  0.0085 4.72  843.0  470.62  390.48
2453067.83767 16.3285  0.0083 3.99  770.0  470.62  390.48
2453070.79712 16.3111  0.0122 6.67 1201.0  470.62  390.48
2453072.87594 16.3266  0.0077 3.36  791.0  470.62  390.48
2453075.77287 16.3216  0.0100 5.28 1072.0  470.62  390.48
2453076.81181 16.3175  0.0092 4.66 1076.0  470.62  390.48
2453076.88891 16.3325  0.0092 4.58  934.0  470.62  390.48
2453076.90742 16.3077  0.0093 4.42 1085.0  470.62  390.48
2453077.81935 16.3232  0.0186 5.44 5331.0  470.62  390.48
2453077.86658 16.3322  0.0157 5.37 3346.0  470.62  390.48
2453077.90332 16.3086  0.0111 4.17 2399.0  470.62  390.48
2453079.82295 16.3031  0.0093 3.65 1804.0  470.62  390.48
2453079.87347 16.3206  0.0100 3.65 1803.0  470.62  390.48
2453079.91463 16.3289  0.0116 3.90 2935.0  470.62  390.48
2453080.82416 16.3319  0.0083 4.48 1018.0  470.62  390.48
2453080.86939 16.3128  0.0082 3.99  813.0  470.62  390.48
2453080.91301 16.3123  0.0087 3.76 1136.0  470.62  390.48
2453081.78407 16.3163  0.0085 4.75  774.0  470.62  390.48
2453081.87431 16.3185  0.0084 4.18  763.0  470.62  390.48
2453081.90959 16.3294  0.0093 4.49  929.0  470.62  390.48
2453082.78933 16.3277  0.0086 5.12  653.0  470.62  390.48
2453082.83999 16.3250  0.0083 4.04  635.0  470.62  390.48
2453082.87912 16.3258  0.0081 4.01  655.0  470.62  390.48
2453082.90944 16.3265  0.0082 4.02  729.0  470.62  390.48
2453083.77596 16.3151  0.0078 3.94  648.0  470.62  390.48
2453083.83830 16.3148  0.0079 3.70  653.0  470.62  390.48
2453083.89623 16.3227  0.0075 3.51  640.0  470.62  390.48
2453084.78137 16.3326  0.0081 4.62  610.0  470.62  390.48
2453084.84001 16.3035  0.0078 4.04  634.0  470.62  390.48
2453084.84613 16.3151  0.0078 4.04  626.0  470.62  390.48
2453084.90545 16.3210  0.0073 3.22  692.0  470.62  390.48
2453085.79161 16.3122  0.0082 4.50  646.0  470.62  390.48
2453085.85497 16.3204  0.0080 4.60  607.0  470.62  390.48
2453086.77723 16.3244  0.0079 4.10  638.0  470.62  390.48
2453087.89056 16.3256  0.0081 4.68  599.0  470.62  390.48
2453089.79880 16.3133  0.0079 3.95  696.0  470.62  390.48
2453091.76095 16.3223  0.0081 4.49  654.0  470.62  390.48
2453096.79071 16.3273  0.0090 5.28  688.0  470.62  390.48
2453098.80222 16.3062  0.0078 3.85  738.0  470.62  390.48
2453100.85282 16.3145  0.0078 3.78  745.0  470.62  390.48
2453102.81352 16.3151  0.0084 3.73  911.0  470.62  390.48
2453103.88888 16.3271  0.0084 3.81  846.0  470.62  390.48
2453106.76639 16.3063  0.0101 3.65 2215.0  470.62  390.48
2453107.91324 16.3207  0.0077 3.23  741.0  470.62  390.48
2453109.73484 16.3322  0.0079 3.98  734.0  470.62  390.48
2453110.77611 16.3205  0.0085 4.26  875.0  470.62  390.48
2453112.74499 16.3206  0.0080 4.51  610.0  470.62  390.48
2453113.81421 16.3153  0.0073 3.70  518.0  470.62  390.48
2453115.81283 16.3305  0.0076 3.83  634.0  470.62  390.48
2453118.86988 16.3143  0.0086 4.71  787.0  470.62  390.48
2453122.82044 16.3040  0.0093 5.75  653.0  470.62  390.48
2453125.80088 16.3166  0.0097 5.92  715.0  470.62  390.48
2453126.83177 16.3317  0.0079 3.71  776.0  470.62  390.48
2453127.74097 16.3176  0.0082 3.76  840.0  470.62  390.48
2453128.76475 16.3107  0.0079 3.83  805.0  470.62  390.48
2453129.73961 16.3165  0.0099 4.31 1369.0  470.62  390.48
2453130.91767 16.3070  0.0102 4.69 1251.0  470.62  390.48
2453131.77354 16.3208  0.0107 4.70 1491.0  470.62  390.48
2453134.70987 16.3118  0.0115 4.36 2009.0  470.62  390.48
2453135.80533 16.3031  0.0077 3.75  803.0  470.62  390.48
2453137.85741 16.3184  0.0086 4.77  936.0  470.62  390.48
2453138.81499 16.3347  0.0082 4.18  650.0  470.62  390.48
2453139.80912 16.3186  0.0074 3.59  564.0  470.62  390.48
2453140.81637 16.3236  0.0082 4.34  642.0  470.62  390.48
2453142.67073 16.3129  0.0078 4.27  639.0  470.62  390.48
2453144.73364 16.3057  0.0075 4.07  566.0  470.62  390.48
2453146.70339 16.3129  0.0085 5.45  582.0  470.62  390.48
2453151.69315 16.3174  0.0081 4.62  611.0  470.62  390.48
2453152.69776 16.3059  0.0082 4.37  677.0  470.62  390.48
2453152.91054 16.3129  0.0103 6.24  781.0  470.62  390.48
2453153.70052 16.3171  0.0093 5.62  662.0  470.62  390.48
2453154.75691 16.3221  0.0097 5.98  688.0  470.62  390.48
2453156.74334 16.3241  0.0078 3.80  802.0  470.62  390.48
2453158.80332 16.3139  0.0099 4.97 1154.0  470.62  390.48
2453162.75059 16.3141  0.0082 3.54  937.0  470.62  390.48
2453163.71269 16.3228  0.0075 3.38  760.0  470.62  390.48
2453163.93625 16.3009  0.0109 5.32 1465.0  470.62  390.48
2453164.67645 16.3213  0.0080 3.96  641.0  470.62  390.48
2453165.79823 16.2996  0.0057 3.15  927.0  470.62  390.48
2453166.82786 16.3212  0.0106 6.47  768.0  470.62  390.48
2453167.89185 16.3278  0.0117 7.38  740.0  470.62  390.48
2453168.70935 16.3203  0.0080 4.77  575.0  470.62  390.48
2453168.92564 16.2946  0.0092 4.88 1036.0  470.62  390.48
2453169.66580 16.3120  0.0080 4.01  666.0  470.62  390.48
2453170.73659 16.3206  0.0073 3.93  606.0  470.62  390.48
2453171.69012 16.3137  0.0069 3.64  544.0  470.62  390.48
2453172.67479 16.3277  0.0072 3.73  585.0  470.62  390.48
2453174.65374 16.3221  0.0072 3.30  665.0  470.62  390.48
2453175.65561 16.3200  0.0074 3.22  715.0  470.62  390.48
2453176.70255 16.3131  0.0092 5.82  589.0  470.62  390.48
2453178.71817 16.3217  0.0088 4.93  826.0  470.62  390.48
2453179.59609 16.3185  0.0075 3.98  641.0  470.62  390.48
2453179.85187 16.3226  0.0087 4.63  775.0  470.62  390.48
2453180.64684 16.3188  0.0069 3.07  556.0  470.62  390.48
2453182.71696 16.3163  0.0075 4.00  541.0  470.62  390.48
2453183.66164 16.3208  0.0083 4.54  657.0  470.62  390.48
2453184.64130 16.3158  0.0072 3.59  555.0  470.62  390.48
2453185.79927 16.3186  0.0085 4.32  806.0  470.62  390.48
2453193.47682 16.3445  0.0122 6.97 1077.0  470.62  390.48
2453193.81402 16.3133  0.0092 5.24  746.0  470.62  390.48
2453194.63284 16.3270  0.0093 5.10  802.0  470.62  390.48
2453195.61119 16.3163  0.0077 4.08  643.0  470.62  390.48
2453196.68666 16.3142  0.0089 5.17  726.0  470.62  390.48
2453196.77560 16.3231  0.0082 4.42  699.0  470.62  390.48
2453197.58677 16.3097  0.0083 4.48  685.0  470.62  390.48
2453199.72072 16.3275  0.0084 5.37  495.0  470.62  390.48
2453202.58397 16.3212  0.0078 4.51  628.0  470.62  390.48
2453203.70768 16.3134  0.0076 4.19  540.0  470.62  390.48
2453204.70332 16.3213  0.0075 3.93  568.0  470.62  390.48
2453205.62832 16.3135  0.0071 3.85  467.0  470.62  390.48
2453206.60990 16.3151  0.0072 3.98  509.0  470.62  390.48
2453210.60003 16.3179  0.0083 5.08  765.0  470.62  390.48
2453211.67207 16.3305  0.0090 5.94  501.0  470.62  390.48
2453212.64075 16.3367  0.0098 6.42  644.0  470.62  390.48
2453217.59610 16.3062  0.0080 3.37 1053.0  470.62  390.48
2453218.59537 16.3221  0.0090 4.42 1004.0  470.62  390.48
2453219.65457 16.3252  0.0102 6.10  767.0  470.62  390.48
2453223.59261 16.3169  0.0098 6.22  728.0  470.62  390.48
2453224.64235 16.3145  0.0075 3.40  689.0  470.62  390.48
2453226.55515 16.3159  0.0078 4.74  520.0  470.62  390.48
2453228.51373 16.3337  0.0085 5.04  607.0  470.62  390.48
2453229.57186 16.3152  0.0077 4.02  604.0  470.62  390.48
2453230.61060 16.3217  0.0072 3.88  493.0  470.62  390.48
2453231.51159 16.3341  0.0088 5.02  711.0  470.62  390.48
2453232.48543 16.3207  0.0102 6.39  799.0  470.62  390.48
2453239.52022 16.3148  0.0078 4.53  681.0  470.62  390.48
2453240.59765 16.3040  0.0087 5.51  627.0  470.62  390.48
2453241.60190 16.3021  0.0145 5.48 2787.0  470.62  390.48
2453244.69844 16.3151  0.0119 5.37 1978.0  470.62  390.48
2453245.48643 16.3165  0.0083 4.47  959.0  470.62  390.48
2453246.59435 16.3148  0.0092 5.59  733.0  470.62  390.48
2453247.66499 16.3259  0.0086 4.32  913.0  470.62  390.48
2453248.65820 16.3220  0.0092 5.46  761.0  470.62  390.48
2453250.59758 16.3178  0.0083 4.52  739.0  470.62  390.48
2453253.59043 16.3067  0.0079 5.13  507.0  470.62  390.48
2453256.56951 16.3414  0.0093 5.62  587.0  470.62  390.48
2453259.56560 16.3223  0.0097 6.29  617.0  470.62  390.48
2453266.59114 16.3205  0.0106 6.67  754.0  470.62  390.48
2453272.54041 16.3209  0.0087 4.35  928.0  470.62  390.48
2453274.56993 16.3156  0.0099 5.92  849.0  470.62  390.48
2453278.54049 16.3135  0.0087 4.57  808.0  470.62  390.48
2453281.48568 16.3295  0.0108 6.37  857.0  470.62  390.48
2453287.55291 16.3028  0.0083 5.76  619.0  470.62  390.48
2453292.54166 16.2843  0.0072 6.02  483.0  470.62  390.48
2453415.87653 16.3277  0.0072 4.20  598.0  470.62  390.48
2453420.87682 16.3074  0.0082 5.48  626.0  470.62  390.48
2453425.85201 16.3416  0.0096 6.02  826.0  470.62  390.48
2453428.85778 16.3139  0.0078 4.31  747.0  470.62  390.48
2453430.89459 16.3096  0.0070 3.63  698.0  470.62  390.48
2453442.83122 16.3164  0.0078 5.04  629.0  470.62  390.48
2453444.88504 16.3282  0.0075 4.35  601.0  470.62  390.48
2453446.91368 16.3252  0.0091 4.25 1176.0  470.62  390.48
2453449.81081 16.3284  0.0072 4.30  583.0  470.62  390.48
2453452.83179 16.3297  0.0078 4.41  683.0  470.62  390.48
2453454.88538 16.3087  0.0083 4.67  937.0  470.62  390.48
2453457.82369 16.3349  0.0082 4.70  745.0  470.62  390.48
2453459.76888 16.3164  0.0086 4.86  954.0  470.62  390.48
2453468.82076 16.3077  0.0071 3.88  638.0  470.62  390.48
2453469.82771 16.3183  0.0068 3.65  547.0  470.62  390.48
2453471.90804 16.3329  0.0094 6.45  583.0  470.62  390.48
2453473.82323 16.3190  0.0082 5.33  577.0  470.62  390.48
2453476.71582 16.3107  0.0073 4.96  525.0  470.62  390.48
2453478.78145 16.3204  0.0070 4.42  505.0  470.62  390.48
2453479.91876 16.3215  0.0069 3.67  609.0  470.62  390.48
2453481.76011 16.3124  0.0074 4.30  625.0  470.62  390.48
2453483.89373 16.3184  0.0074 3.64  760.0  470.62  390.48
2453484.70957 16.3116  0.0106 3.95 2850.0  470.62  390.48
2453496.79511 16.3152  0.0081 4.88  721.0  470.62  390.48
2453497.73280 16.3245  0.0085 5.38  690.0  470.62  390.48
2453499.92274 16.3222  0.0070 4.18  625.0  470.62  390.48
2453500.79187 16.3252  0.0075 4.11  596.0  470.62  390.48
2453501.78559 16.3338  0.0063 3.95  656.0  470.62  390.48
2453502.75854 16.3227  0.0069 3.55  635.0  470.62  390.48
2453503.72757 16.3258  0.0066 4.13  503.0  470.62  390.48
2453504.81721 16.3211  0.0066 3.78  503.0  470.62  390.48
2453506.88215 16.3171  0.0078 4.47  655.0  470.62  390.48
2453508.83282 16.3360  0.0087 5.65  619.0  470.62  390.48
2453509.78252 16.3281  0.0072 4.05  612.0  470.62  390.48
2453511.74013 16.3351  0.0089 5.40  725.0  470.62  390.48
2453512.78375 16.3346  0.0087 4.42  960.0  470.62  390.48
2453517.85724 16.2941  0.0098 4.71 1549.0  470.62  390.48
2453520.81145 16.3297  0.0077 4.08  629.0  470.62  390.48
2453521.62114 16.3329  0.0072 4.33  533.0  470.62  390.48
2453522.67549 16.3453  0.0074 4.09  534.0  470.62  390.48
2453523.71757 16.3222  0.0066 3.65  511.0  470.62  390.48
2453524.70634 16.2990  0.0074 4.74  505.0  470.62  390.48
2453525.68827 16.3097  0.0069 3.96  494.0  470.62  390.48
2453526.77072 16.3195  0.0071 3.90  575.0  470.62  390.48
2453527.77560 16.3262  0.0070 3.91  570.0  470.62  390.48
2453528.71839 16.3291  0.0079 5.14  509.0  470.62  390.48
2453529.60835 16.3280  0.0071 4.23  476.0  470.62  390.48
2453530.63027 16.3135  0.0066 3.44  521.0  470.62  390.48
2453538.66214 16.3385  0.0076 4.66  590.0  470.62  390.48
2453540.80667 16.3178  0.0081 4.19 1069.0  470.62  390.48
2453541.81061 16.3284  0.0079 4.01  859.0  470.62  390.48
2453547.70320 16.3241  0.0086 5.32  644.0  470.62  390.48
2453550.57825 16.3184  0.0088 5.59  794.0  470.62  390.48
2453551.76765 16.3158  0.0068 4.18  524.0  470.62  390.48
2453552.60409 16.3117  0.0076 4.27  887.0  470.62  390.48
2453553.73731 16.3351  0.0092 5.63  715.0  470.62  390.48
2453554.77427 16.2933  0.0083 5.35  601.0  470.62  390.48
2453555.74841 16.3360  0.0072 4.09  580.0  470.62  390.48
2453556.81417 16.3264  0.0093 6.07  614.0  470.62  390.48
2453558.47710 16.3196  0.0090 5.42  899.0  470.62  390.48
2453558.77632 16.3298  0.0078 5.09  510.0  470.62  390.48
2453559.54482 16.3228  0.0091 6.40  703.0  470.62  390.48
2453560.50780 16.3136  0.0077 4.75  590.0  470.62  390.48
2453560.84784 16.3241  0.0085 5.23  667.0  470.62  390.48
2453561.48520 16.3312  0.0092 4.87 1010.0  470.62  390.48
2453562.53173 16.3219  0.0075 4.52  588.0  470.62  390.48
2453563.58673 16.3115  0.0071 4.05  568.0  470.62  390.48
2453564.61483 16.3103  0.0079 4.94  560.0  470.62  390.48
2453569.50291 16.3497  0.0151 5.37 2958.0  470.62  390.48
2453573.58004 16.3217  0.0095 5.83  778.0  470.62  390.48
2453574.63660 16.3245  0.0087 5.12  685.0  470.62  390.48
2453575.62164 16.3197  0.0070 3.80  554.0  470.62  390.48
2453576.60188 16.3253  0.0087 5.56  614.0  470.62  390.48
2453577.66397 16.3424  0.0067 4.43  652.0  470.62  390.48
2453578.61104 16.3097  0.0070 4.21  468.0  470.62  390.48
2453579.56826 16.3227  0.0072 4.29  513.0  470.62  390.48
2453580.58629 16.3090  0.0072 4.26  600.0  470.62  390.48
2453581.61806 16.3153  0.0074 4.12  550.0  470.62  390.48
2453582.56625 16.3164  0.0071 4.36  499.0  470.62  390.48
2453583.58333 16.3222  0.0076 4.92  478.0  470.62  390.48
2453584.59229 16.3162  0.0065 3.77  481.0  470.62  390.48
2453585.58248 16.3145  0.0071 4.45  486.0  470.62  390.48
2453585.72942 16.3341  0.0067 4.17  423.0  470.62  390.48
2453585.76091 16.3298  0.0074 5.26  429.0  470.62  390.48
2453585.77092 16.3152  0.0071 4.81  465.0  470.62  390.48
2453586.50697 16.3094  0.0075 4.27  671.0  470.62  390.48
2453586.52235 16.3156  0.0074 4.35  609.0  470.62  390.48
2453586.55339 16.3073  0.0071 3.99  558.0  470.62  390.48
2453586.59571 16.3287  0.0070 3.63  506.0  470.62  390.48
2453586.62227 16.3177  0.0074 4.48  526.0  470.62  390.48
2453586.62835 16.3100  0.0071 4.07  500.0  470.62  390.48
2453586.67189 16.3300  0.0067 3.42  538.0  470.62  390.48
2453586.73413 16.3145  0.0072 4.37  600.0  470.62  390.48
2453587.59009 16.3130  0.0081 5.19  526.0  470.62  390.48
2453587.66003 16.3265  0.0085 5.85  505.0  470.62  390.48
2453587.72150 16.3203  0.0089 6.28  531.0  470.62  390.48
2453588.55425 16.3121  0.0064 4.01  568.0  470.62  390.48
2453588.61402 16.3256  0.0065 4.28  544.0  470.62  390.48
2453589.62112 16.3053  0.0062 3.04  483.0  470.62  390.48
2453590.58982 16.3229  0.0069 3.61  527.0  470.62  390.48
2453591.65175 16.3191  0.0068 3.36  604.0  470.62  390.48
2453593.52471 16.3179  0.0071 4.05  518.0  470.62  390.48
2453594.64078 16.3272  0.0070 3.93  536.0  470.62  390.48
2453601.57323 16.3244  0.0074 3.53  815.0  470.62  390.48
2453602.59018 16.3328  0.0078 3.86  836.0  470.62  390.48
2453603.58724 16.3338  0.0082 4.91  615.0  470.62  390.48
2453604.59112 16.3177  0.0085 5.14  800.0  470.62  390.48
2453606.60685 16.3321  0.0092 5.93  651.0  470.62  390.48
2453607.57919 16.3290  0.0074 4.46  510.0  470.62  390.48
2453608.58809 16.3269  0.0086 5.68  558.0  470.62  390.48
2453615.50080 16.3166  0.0071 4.29  559.0  470.62  390.48
2453618.62558 16.3298  0.0081 4.62  713.0  470.62  390.48
2453620.51389 16.3083  0.0068 3.69  526.0  470.62  390.48
2453622.49301 16.3313  0.0077 4.57  623.0  470.62  390.48
2453628.62172 16.3334  0.0109 5.71 1142.0  470.62  390.48
2453630.50711 16.3207  0.0107 6.30  918.0  470.62  390.48
2453631.63730 16.3266  0.0106 5.76 1322.0  470.62  390.48
2453633.48191 16.3285  0.0100 6.20  763.0  470.62  390.48
2453637.56657 16.3209  0.0092 5.94  692.0  470.62  390.48
2453639.59972 16.3272  0.0076 4.64  677.0  470.62  390.48
2453641.49472 16.3061  0.0089 5.44  715.0  470.62  390.48
2453643.57125 16.3372  0.0102 6.27  820.0  470.62  390.48
2453648.48708 16.3257  0.0095 5.98  711.0  470.62  390.48
2453651.54314 16.3461  0.0104 5.90  966.0  470.62  390.48
2453654.49620 16.3180  0.0104 4.18 1664.0  470.62  390.48
2453656.49298 16.3370  0.0093 4.86  962.0  470.62  390.48
2453658.52694 16.3101  0.0103 5.69 1006.0  470.62  390.48
2453661.52489 16.3158  0.0112 5.75 1181.0  470.62  390.48
2453668.49797 16.3205  0.0099 5.93  901.0  470.62  390.48
2453674.51179 16.3167  0.0103 5.67 1081.0  470.62  390.48
2453775.85572 16.3091  0.0089 5.33  781.0  470.62  390.48
2453780.88144 16.3083  0.0080 3.87 1031.0  470.62  390.48
2453786.86669 16.3161  0.0094 5.08  918.0  470.62  390.48
2453787.88751 16.3059  0.0082 3.89  866.0  470.62  390.48
2453791.86566 16.3036  0.0089 5.22  756.0  470.62  390.48
2453794.84528 16.3219  0.0080 4.83  641.0  470.62  390.48
2453796.83303 16.3182  0.0081 5.03  668.0  470.62  390.48
2453797.83695 16.3245  0.0078 4.33  800.0  470.62  390.48
2453798.88492 16.3176  0.0074 3.85  674.0  470.62  390.48
2453801.80851 16.3321  0.0086 4.80  757.0  470.62  390.48
2453803.79755 16.3003  0.0080 3.92  872.0  470.62  390.48
2453804.84488 16.3074  0.0081 5.11  562.0  470.62  390.48
2453805.88530 16.3252  0.0074 3.61  675.0  470.62  390.48
2453807.87356 16.3093  0.0075 4.00  780.0  470.62  390.48
2453808.90831 16.3151  0.0080 4.04  925.0  470.62  390.48
2453811.86656 16.3133  0.0078 4.11  691.0  470.62  390.48
2453812.89822 16.3064  0.0080 4.24  785.0  470.62  390.48
2453817.88495 16.3192  0.0087 3.77 1325.0  470.62  390.48
2453818.90562 16.3214  0.0078 3.59  909.0  470.62  390.48
2453820.85169 16.3190  0.0072 3.73  580.0  470.62  390.48
2453821.86170 16.3202  0.0072 3.69  585.0  470.62  390.48
2453822.76070 16.2991  0.0097 6.38  742.0  470.62  390.48
2453823.86998 16.2993  0.0073 4.14  579.0  470.62  390.48
2453824.86656 16.3117  0.0079 4.44  650.0  470.62  390.48
2453826.87103 16.3128  0.0073 3.92  663.0  470.62  390.48
2453828.87336 16.3239  0.0077 4.36  597.0  470.62  390.48
2453829.86010 16.3137  0.0074 4.08  583.0  470.62  390.48
2453832.86036 16.3056  0.0075 4.21  596.0  470.62  390.48
2453833.83028 16.3109  0.0069 3.35  583.0  470.62  390.48
2453834.87919 16.3219  0.0074 3.67  692.0  470.62  390.48
2453835.82251 16.3231  0.0070 3.43  605.0  470.62  390.48
2453836.82813 16.3127  0.0076 4.03  712.0  470.62  390.48
2453837.81751 16.3144  0.0083 4.58  751.0  470.62  390.48
2453838.82152 16.3202  0.0089 5.00  763.0  470.62  390.48
2453839.83367 16.3167  0.0077 3.69  811.0  470.62  390.48
2453840.82468 16.3311  0.0082 4.04  895.0  470.62  390.48
2453841.80353 16.3106  0.0076 3.71  932.0  470.62  390.48
2453845.80542 16.3220  0.0096 6.03  710.0  470.62  390.48
2453846.81660 16.3090  0.0073 3.80  628.0  470.62  390.48
2453848.83206 16.3139  0.0074 3.86  634.0  470.62  390.48
2453849.84537 16.3058  0.0070 3.29  695.0  470.62  390.48
2453850.78139 16.3184  0.0077 3.96  686.0  470.62  390.48
2453852.77622 16.3174  0.0079 4.52  634.0  470.62  390.48
2453853.76890 16.3197  0.0065 3.35  525.0  470.62  390.48
2453856.75769 16.3019  0.0077 3.83  691.0  470.62  390.48
2453858.82160 16.3253  0.0082 5.75  547.0  470.62  390.48
2453860.81240 16.3125  0.0081 4.81  678.0  470.62  390.48
2453861.82303 16.3130  0.0067 3.18  594.0  470.62  390.48
2453862.77067 16.3238  0.0071 3.33  705.0  470.62  390.48
2453863.71040 16.2972  0.0075 4.26  710.0  470.62  390.48
2453864.77151 16.3050  0.0070 3.45  621.0  470.62  390.48
2453865.73473 16.3075  0.0077 4.08  731.0  470.62  390.48
2453866.76433 16.3121  0.0073 3.74  645.0  470.62  390.48
2453867.70122 16.3155  0.0077 3.42  939.0  470.62  390.48
2453868.76666 16.3105  0.0082 3.71 1040.0  470.62  390.48
2453869.75365 16.3257  0.0089 4.02 1241.0  470.62  390.48
2453873.75380 16.3062  0.0074 4.02  675.0  470.62  390.48
2453874.79906 16.3244  0.0082 4.78  622.0  470.62  390.48
2453875.71407 16.3149  0.0068 3.61  586.0  470.62  390.48
2453877.74369 16.3051  0.0069 3.75  542.0  470.62  390.48
2453880.74095 16.3097  0.0079 4.91  576.0  470.62  390.48
2453881.74911 16.2984  0.0070 3.54  681.0  470.62  390.48
2453882.68720 16.3081  0.0074 3.93  611.0  470.62  390.48
2453883.72863 16.3160  0.0070 3.53  566.0  470.62  390.48
2453886.69943 16.3262  0.0071 4.06  559.0  470.62  390.48
2453887.68254 16.3097  0.0071 3.99  559.0  470.62  390.48
2453891.56980 16.3360  0.0095 6.45  688.0  470.62  390.48
2453892.83599 16.3357  0.0071 3.98  674.0  470.62  390.48
2453893.72362 16.3119  0.0086 5.46  567.0  470.62  390.48
2453894.76899 16.3125  0.0083 5.33  605.0  470.62  390.48
2453896.71415 16.3164  0.0080 4.10  877.0  470.62  390.48
2453900.62015 16.3353  0.0105 4.32 1929.0  470.62  390.48
2453901.63207 16.3225  0.0075 3.95  693.0  470.62  390.48
2453902.64994 16.3085  0.0075 4.20  694.0  470.62  390.48
2453903.77175 16.3092  0.0072 3.73  644.0  470.62  390.48
2453904.62960 16.3108  0.0069 3.84  590.0  470.62  390.48
2453905.63658 16.3194  0.0070 3.68  556.0  470.62  390.48
2453906.61812 16.3143  0.0077 4.09  648.0  470.62  390.48
2453907.67922 16.3340  0.0093 5.76  618.0  470.62  390.48
2453908.61774 16.3067  0.0068 3.48  628.0  470.62  390.48
2453909.62217 16.3145  0.0069 3.56  526.0  470.62  390.48
2453912.61861 16.2920  0.0064 3.22  564.0  470.62  390.48
2453913.62006 16.3194  0.0067 3.79  475.0  470.62  390.48
2453914.63414 16.3190  0.0071 3.63  618.0  470.62  390.48
2453915.61693 16.3182  0.0072 4.21  525.0  470.62  390.48
2453916.69867 16.3127  0.0069 4.34  580.0  470.62  390.48
2453917.51273 16.2942  0.0094 6.64  724.0  470.62  390.48
2453917.71139 16.3278  0.0078 4.36  657.0  470.62  390.48
2453918.71237 16.3132  0.0075 4.35  556.0  470.62  390.48
2453919.64563 16.3228  0.0082 5.17  647.0  470.62  390.48
2453920.59774 16.3319  0.0080 4.61  572.0  470.62  390.48
2453921.61118 16.3308  0.0093 5.47  714.0  470.62  390.48
2453930.65848 16.3260  0.0075 3.76  778.0  470.62  390.48
2453931.59257 16.3108  0.0080 4.39  707.0  470.62  390.48
2453931.73004 16.3278  0.0074 3.86  824.0  470.62  390.48
2453932.62003 16.3149  0.0067 3.17  614.0  470.62  390.48
2453933.59977 16.3279  0.0066 3.12  580.0  470.62  390.48
2453934.57041 16.3118  0.0072 3.67  688.0  470.62  390.48
2453935.64758 16.3100  0.0074 4.34  539.0  470.62  390.48
2453936.59916 16.3036  0.0085 5.26  601.0  470.62  390.48
2453936.78742 16.3114  0.0091 5.40  759.0  470.62  390.48
2453937.71590 16.3376  0.0098 6.78  591.0  470.62  390.48
2453938.57684 16.3189  0.0078 4.24  657.0  470.62  390.48
2453940.71694 16.3203  0.0068 3.94  489.0  470.62  390.48
2453944.66175 16.3240  0.0063 4.24  509.0  470.62  390.48
2453945.61015 16.3196  0.0072 3.68  699.0  470.62  390.48
2453946.60392 16.3222  0.0079 4.87  542.0  470.62  390.48
2453950.60891 16.3127  0.0075 4.50  584.0  470.62  390.48
2453951.63702 16.3168  0.0081 4.79  677.0  470.62  390.48
2453956.64388 16.3274  0.0108 6.24  971.0  470.62  390.48
2453957.59789 16.2971  0.0087 5.30  765.0  470.62  390.48
2453958.66381 16.3231  0.0078 4.17  786.0  470.62  390.48
2453959.59413 16.2988  0.0077 4.52  653.0  470.62  390.48
2453960.58241 16.3165  0.0068 3.75  521.0  470.62  390.48
2453960.59405 16.3209  0.0066 3.39  529.0  470.62  390.48
2453960.64630 16.3239  0.0069 3.60  605.0  470.62  390.48
2453961.51686 16.3296  0.0089 5.54  650.0  470.62  390.48
2453961.53849 16.3156  0.0089 5.36  722.0  470.62  390.48
2453961.57905 16.3117  0.0088 5.01  741.0  470.62  390.48
2453961.65812 16.3139  0.0101 6.26  795.0  470.62  390.48
2453961.67523 16.3460  0.0103 6.36  771.0  470.62  390.48
2453963.47380 16.3232  0.0101 6.02  849.0  470.62  390.48
2453963.50006 16.3248  0.0081 4.99  622.0  470.62  390.48
2453963.55141 16.3138  0.0075 4.51  517.0  470.62  390.48
2453963.57162 16.3181  0.0075 4.29  547.0  470.62  390.48
2453963.60330 16.3222  0.0071 3.83  554.0  470.62  390.48
2453964.48036 16.3054  0.0082 4.63  711.0  470.62  390.48
2453964.50845 16.3138  0.0073 3.92  631.0  470.62  390.48
2453964.54090 16.3076  0.0072 3.88  626.0  470.62  390.48
2453964.59966 16.3189  0.0069 3.67  522.0  470.62  390.48
2453964.61464 16.3198  0.0070 3.76  527.0  470.62  390.48
2453964.64688 16.3164  0.0072 4.01  565.0  470.62  390.48
2453964.65916 16.3323  0.0071 4.03  522.0  470.62  390.48
2453964.68299 16.2941  0.0075 4.86  545.0  470.62  390.48
2453964.71306 16.3257  0.0078 5.05  551.0  470.62  390.48
2453964.73129 16.3316  0.0083 5.94  588.0  470.62  390.48
2453964.73789 16.3213  0.0084 5.83  598.0  470.62  390.48
2453965.47016 16.3198  0.0098 4.82 1162.0  470.62  390.48
2453965.49878 16.3172  0.0073 3.93  602.0  470.62  390.48
2453965.52750 16.3171  0.0069 3.55  561.0  470.62  390.48
2453965.56013 16.3239  0.0071 3.87  506.0  470.62  390.48
2453965.60033 16.3204  0.0069 3.62  535.0  470.62  390.48
2453965.62846 16.3075  0.0067 3.47  546.0  470.62  390.48
2453965.66277 16.3117  0.0068 3.78  527.0  470.62  390.48
2453965.71429 16.3071  0.0074 4.95  575.0  470.62  390.48
2453966.59133 16.3307  0.0072 3.87  572.0  470.62  390.48
2453967.62063 16.3179  0.0074 4.12  537.0  470.62  390.48
2453968.57788 16.3145  0.0072 3.81  579.0  470.62  390.48
2453969.58551 16.3190  0.0073 4.20  544.0  470.62  390.48
2453970.59838 16.3331  0.0078 4.65  483.0  470.62  390.48
2453971.62839 16.3411  0.0096 6.20  584.0  470.62  390.48
2453973.65788 16.3104  0.0080 5.53  553.0  470.62  390.48
2453974.59259 16.3214  0.0087 5.76  570.0  470.62  390.48
2453975.58411 16.3051  0.0071 4.13  554.0  470.62  390.48
2453976.58200 16.3179  0.0076 4.53  604.0  470.62  390.48
2453982.63697 16.3148  0.0090 5.15  971.0  470.62  390.48
2453987.57817 16.3249  0.0078 4.27  777.0  470.62  390.48
2453988.59538 16.3158  0.0067 3.48  607.0  470.62  390.48
2453990.56573 16.3451  0.0095 6.31  610.0  470.62  390.48
2453994.52934 16.3343  0.0088 5.27  693.0  470.62  390.48
2453995.65705 16.2968  0.0089 5.99  696.0  470.62  390.48
2453996.50509 16.3203  0.0091 6.01  637.0  470.62  390.48
2454000.59062 16.3201  0.0088 5.22  704.0  470.62  390.48
2454001.61404 16.2912  0.0082 5.40  728.0  470.62  390.48
2454002.58464 16.3015  0.0070 4.52  569.0  470.62  390.48
2454003.53910 16.3101  0.0071 3.90  666.0  470.62  390.48
2454005.63493 16.3112  0.0092 6.07  822.0  470.62  390.48
2454006.60384 16.3174  0.0082 4.96  710.0  470.62  390.48
2454011.51791 16.3379  0.0088 5.04  760.0  470.62  390.48
2454015.54723 16.3121  0.0094 5.25  931.0  470.62  390.48
2454017.52492 16.3297  0.0079 4.17  693.0  470.62  390.48
2454019.52666 16.3197  0.0083 4.54  740.0  470.62  390.48
2454021.52932 16.3158  0.0110 6.57  923.0  470.62  390.48
2454024.55890 16.3113  0.0082 5.09  734.0  470.62  390.48
2454026.55447 16.3328  0.0083 5.05  727.0  470.62  390.48
2454029.51316 16.3161  0.0099 5.95  792.0  470.62  390.48
2454143.86107 16.3025  0.0106 4.21 1687.0  470.62  390.48
2454149.85726 16.3247  0.0099 5.40  856.0  470.62  390.48
2454154.89485 16.3201  0.0088 3.51  890.0  470.62  390.48
2454157.87449 16.3138  0.0087 4.01  787.0  470.62  390.48
2454159.88194 16.3113  0.0096 4.87  820.0  470.62  390.48
2454162.82929 16.3036  0.0108 5.52 1108.0  470.62  390.48
2454164.86909 16.3109  0.0091 3.98 1024.0  470.62  390.48
2454166.88485 16.3074  0.0101 4.81 1126.0  470.62  390.48
2454169.79937 16.3213  0.0095 4.08 1072.0  470.62  390.48
2454174.80697 16.3193  0.0098 4.81  960.0  470.62  390.48
2454176.79992 16.3142  0.0091 4.74  842.0  470.62  390.48
2454177.85363 16.3167  0.0090 4.67  671.0  470.62  390.48
2454178.89641 16.3141  0.0087 3.97  726.0  470.62  390.48
2454180.79383 16.3234  0.0105 5.90  698.0  470.62  390.48
2454181.88342 16.3050  0.0088 4.38  694.0  470.62  390.48
2454183.76544 16.3167  0.0088 4.30  750.0  470.62  390.48
2454184.81381 16.3120  0.0087 4.35  660.0  470.62  390.48
2454187.90360 16.3105  0.0099 5.99  597.0  470.62  390.48
2454190.82491 16.3215  0.0097 5.18  848.0  470.62  390.48
2454192.84368 16.3048  0.0090 4.34  832.0  470.62  390.48
2454193.85456 16.3248  0.0089 3.82  881.0  470.62  390.48
2454194.87620 16.3131  0.0091 4.44  830.0  470.62  390.48
2454196.86472 16.2997  0.0091 4.25  899.0  470.62  390.48
2454202.84599 16.3097  0.0082 3.58  727.0  470.62  390.48
2454203.83412 16.3118  0.0083 3.72  730.0  470.62  390.48
2454204.82958 16.3087  0.0083 3.65  723.0  470.62  390.48
2454205.82468 16.3038  0.0083 4.23  601.0  470.62  390.48
2454207.82679 16.3085  0.0081 3.59  656.0  470.62  390.48
2454208.85026 16.3113  0.0085 3.78  714.0  470.62  390.48
2454213.82550 16.3091  0.0081 3.79  666.0  470.62  390.48
2454215.83173 16.3086  0.0088 4.34  686.0  470.62  390.48
2454216.78949 16.3164  0.0089 4.66  691.0  470.62  390.48
2454217.79730 16.3118  0.0078 3.15  662.0  470.62  390.48
2454218.85222 16.3109  0.0089 4.34  707.0  470.62  390.48
2454219.88525 16.3029  0.0095 5.26  756.0  470.62  390.48
2454220.82218 16.2994  0.0097 4.84  907.0  470.62  390.48
2454222.78804 16.3060  0.0093 4.23 1021.0  470.62  390.48
2454224.90740 16.3164  0.0101 4.37 1356.0  470.62  390.48
2454228.78235 16.3168  0.0106 4.05 1929.0  470.62  390.48
2454229.76709 16.3049  0.0094 4.77  836.0  470.62  390.48
2454230.75082 16.3114  0.0084 3.85  695.0  470.62  390.48
2454231.75318 16.3228  0.0077 4.27  874.0  470.62  390.48
2454232.76469 16.3202  0.0095 4.74  888.0  470.62  390.48
2454234.66527 16.3208  0.0094 5.01  834.0  470.62  390.48
2454235.72644 16.3059  0.0085 3.76  847.0  470.62  390.48
2454238.77642 16.3090  0.0095 5.30  786.0  470.62  390.48
2454239.75555 16.3001  0.0075 3.94  723.0  470.62  390.48
2454240.90213 16.3071  0.0096 4.94  891.0  470.62  390.48
2454243.79536 16.3094  0.0094 4.96  784.0  470.62  390.48
2454244.77024 16.3044  0.0087 4.03  809.0  470.62  390.48
2454245.76104 16.3113  0.0083 4.04  585.0  470.62  390.48
2454246.81874 16.3185  0.0091 4.34  803.0  470.62  390.48
2454250.84411 16.3133  0.0100 4.72 1126.0  470.62  390.48
2454256.68101 16.3022  0.0105 5.58  872.0  470.62  390.48
2454258.69009 16.3037  0.0092 4.75  766.0  470.62  390.48
2454267.65537 16.3293  0.0072 4.10  793.0  470.62  390.48
2454268.82604 16.3114  0.0096 5.01  803.0  470.62  390.48
2454269.63382 16.3184  0.0085 4.09  657.0  470.62  390.48
2454272.68437 16.3116  0.0082 3.82  684.0  470.62  390.48
2454273.73353 16.3053  0.0096 4.77  849.0  470.62  390.48
2454274.53015 16.3305  0.0117 5.95 1149.0  470.62  390.48
2454275.68492 16.3133  0.0101 5.01  986.0  470.62  390.48
2454277.64235 16.2975  0.0087 4.12  814.0  470.62  390.48
2454278.65831 16.3123  0.0100 5.60  810.0  470.62  390.48
2454283.60360 16.3129  0.0093 3.72 1102.0  470.62  390.48
2454284.58759 16.3118  0.0103 4.82 1086.0  470.62  390.48
2454285.59427 16.3115  0.0102 4.63 1033.0  470.62  390.48
2454286.59046 16.3033  0.0079 3.93  897.0  470.62  390.48
2454289.62534 16.3222  0.0108 5.90  787.0  470.62  390.48
2454290.65680 16.3157  0.0096 5.45  589.0  470.62  390.48
2454291.71157 16.3162  0.0091 4.68  678.0  470.62  390.48
2454292.57298 16.3213  0.0082 3.57  710.0  470.62  390.48
2454293.60026 16.3153  0.0081 3.36  675.0  470.62  390.48
2454294.57211 16.2989  0.0088 4.54  735.0  470.62  390.48
2454295.59732 16.3156  0.0089 5.21  590.0  470.62  390.48
2454296.58090 16.3115  0.0085 4.34  600.0  470.62  390.48
2454297.64553 16.3069  0.0083 4.09  578.0  470.62  390.48
2454298.61898 16.3073  0.0086 4.55  582.0  470.62  390.48
2454299.58929 16.3146  0.0081 3.85  613.0  470.62  390.48
2454300.48776 16.3090  0.0100 5.57  762.0  470.62  390.48
2454301.66803 16.3091  0.0082 3.85  663.0  470.62  390.48
2454302.65033 16.3120  0.0090 4.76  640.0  470.62  390.48
2454304.62511 16.3079  0.0094 4.22  982.0  470.62  390.48
2454306.61602 16.2999  0.0109 5.57 1150.0  470.62  390.48
2454310.71682 16.3033  0.0110 4.54 1567.0  470.62  390.48
2454312.61098 16.3131  0.0086 3.76 1017.0  470.62  390.48
2454315.62113 16.3018  0.0107 5.88  850.0  470.62  390.48
2454316.64219 16.3011  0.0102 6.10  668.0  470.62  390.48
2454317.54063 16.3063  0.0088 4.52  670.0  470.62  390.48
2454319.60372 16.3084  0.0095 5.05  760.0  470.62  390.48
2454320.69664 16.3201  0.0103 5.83  658.0  470.62  390.48
2454326.61952 16.2881  0.0083 4.04  649.0  470.62  390.48
2454327.64503 16.2851  0.0102 6.18  724.0  470.62  390.48
2454328.58723 16.2998  0.0083 3.86  652.0  470.62  390.48
2454329.57960 16.2508  0.0096 5.66  659.0  470.62  390.48
2454330.62213 16.3241  0.0092 4.74  680.0  470.62  390.48
2454331.58680 16.2902  0.0098 5.78  636.0  470.62  390.48
2454332.66508 16.2964  0.0101 5.66  823.0  470.62  390.48
2454333.58752 16.3054  0.0109 5.87  814.0  470.62  390.48
2454334.55495 16.3222  0.0158 4.42 4655.0  470.62  390.48
2454338.61794 16.3149  0.0108 5.68 1075.0  470.62  390.48
2454339.58712 16.3035  0.0102 4.75 1063.0  470.62  390.48
2454340.68416 16.3009  0.0104 4.52 1445.0  470.62  390.48
2454341.58903 16.3000  0.0098 4.55 1025.0  470.62  390.48
2454342.62534 16.2903  0.0099 5.75  854.0  470.62  390.48
2454343.60460 16.2976  0.0089 4.55  857.0  470.62  390.48
2454344.65407 16.3056  0.0097 4.43 1032.0  470.62  390.48
2454345.60447 16.3027  0.0097 5.17  831.0  470.62  390.48
2454346.60648 16.3103  0.0099 5.16  857.0  470.62  390.48
2454347.62035 16.3094  0.0109 6.65  690.0  470.62  390.48
2454349.59226 16.2925  0.0086 5.18  606.0  470.62  390.48
2454350.65403 16.2997  0.0094 6.05  721.0  470.62  390.48
2454351.59434 16.3006  0.0097 5.75  676.0  470.62  390.48
2454353.61418 16.3027  0.0107 5.89 1033.0  470.62  390.48
2454354.63370 16.2883  0.0100 6.15  730.0  470.62  390.48
2454355.64668 16.2768  0.0103 6.27  843.0  470.62  390.48
2454356.63575 16.2946  0.0101 5.88  757.0  470.62  390.48
2454358.62080 16.2857  0.0096 5.44  731.0  470.62  390.48
2454359.63994 16.2902  0.0115 6.85  855.0  470.62  390.48
2454362.56874 16.2841  0.0116 5.77 1357.0  470.62  390.48
2454368.58962 16.3067  0.0121 6.38 1089.0  470.62  390.48
2454371.60846 16.3060  0.0105 5.24 1084.0  470.62  390.48
2454373.60220 16.2884  0.0100 5.14 1093.0  470.62  390.48
2454381.58131 16.2906  0.0118 5.86 1240.0  470.62  390.48
2454391.50446 16.2943  0.0112 4.87 1552.0  470.62  390.48
2454392.51601 16.2952  0.0104 4.74 1373.0  470.62  390.48
2454394.51636 16.2783  0.0094 4.24 1091.0  470.62  390.48
2454506.86867 15.9768  0.0083 5.49 1162.0  470.62  390.48
2454512.88371 15.9150  0.0058 4.10  685.0  470.62  390.48
2454514.90207 15.8904  0.0077 4.36 1934.0  470.62  390.48
2454518.88624 15.8516  0.0076 6.17  871.0  470.62  390.48
2454521.85658 15.8134  0.0066 4.79 1036.0  470.62  390.48
2454524.86593 15.7865  0.0064 4.91  926.0  470.62  390.48
2454530.85528 15.6868  0.0051 3.50  725.0  470.62  390.48
2454533.89292 15.6291  0.0053 4.87  709.0  470.62  390.48
2454536.78118 15.5725  0.0064 6.75  849.0  470.62  390.48
2454537.84210 15.5426  0.0050 4.56  632.0  470.62  390.48
2454539.78540 15.5028  0.0053 5.51  760.0  470.62  390.48
2454540.91301 15.4853  0.0055 3.81 1800.0  470.62  390.48
2454541.90972 15.4611  0.0048 3.38 1031.0  470.62  390.48
2454542.87317 15.4428  0.0046 3.89  677.0  470.62  390.48
2454543.89926 15.4035  0.0044 3.89  587.0  470.62  390.48
2454544.89684 15.3813  0.0044 3.78  632.0  470.62  390.48
2454545.82147 15.3527  0.0045 3.86  859.0  470.62  390.48
2454546.87996 15.3219  0.0043 3.64  838.0  470.62  390.48
2454547.89076 15.2856  0.0046 4.33  918.0  470.62  390.48
2454550.89052 15.1798  0.0041 4.41  831.0  470.62  390.48
2454551.88362 15.1470  0.0042 4.41  831.0  470.62  390.48
2454552.87685 15.1185  0.0049 4.06 2579.0  470.62  390.48
2454556.84478 14.9383  0.0035 4.21  664.0  470.62  390.48
2454557.87106 14.8870  0.0034 3.87  669.0  470.62  390.48
2454558.86756 14.8332  0.0033 4.30  670.0  470.62  390.48
2454559.83524 14.7793  0.0032 4.20  603.0  470.62  390.48
2454560.83554 14.7155  0.0029 3.91  573.0  470.62  390.48
2454561.82443 14.6633  0.0028 3.14  593.0  470.62  390.48
2454564.82875 14.4333  0.0025 3.80  548.0  470.62  390.48
2454565.81768 14.3438  0.0024 3.80  609.0  470.62  390.48
2454566.81972 14.2554  0.0023 3.32  572.0  470.62  390.48
2454567.82005 14.1563  0.0022 3.45  629.0  470.62  390.48
2454568.84240 14.0340  0.0020 3.99  718.0  470.62  390.48
2454569.83631 13.8962  0.0020 4.46  624.0  470.62  390.48
2454570.82701 13.7414  0.0019 5.10  672.0  470.62  390.48
2454571.81071 13.5808  0.0017 4.58  660.0  470.62  390.48
2454572.84857 13.3724  0.0015 4.35  799.0  470.62  390.48
2454573.82423 13.1425  0.0014 4.20  696.0  470.62  390.48
2454574.82640 12.8806  0.0014 3.57  826.0  470.62  390.48
2454574.87049 12.8466  0.0012 4.00  819.0  470.62  390.48
2454574.90557 12.8410  0.0011 4.42  651.0  470.62  390.48
2454574.91968 12.8367  0.0012 4.02  828.0  470.62  390.48
2454575.71683 12.5928  0.0012 4.45  964.0  470.62  390.48
2454575.74585 12.5811  0.0009 4.28  677.0  470.62  390.48
2454575.83514 12.5697  0.0013 3.98  881.0  470.62  390.48
2454575.84643 12.5460  0.0009 4.61  653.0  470.62  390.48
2454575.88002 12.5688  0.0012 3.60  668.0  470.62  390.48
2454575.88890 12.5401  0.0008 3.98  564.0  470.62  390.48
2454575.91657 12.5233  0.0008 4.56  672.0  470.62  390.48
2454576.72085 12.3463  0.0007 4.33  697.0  470.62  390.48
2454576.74683 12.3476  0.0007 4.19  589.0  470.62  390.48
2454576.77188 12.3614  0.0008 3.92  581.0  470.62  390.48
2454576.78448 12.3465  0.0006 3.62  432.0  470.62  390.48
2454576.79028 12.3512  0.0006 3.41  409.0  470.62  390.48
2454576.79572 12.3498  0.0006 3.48  403.0  470.62  390.48
2454576.79773 12.3445  0.0006 3.79  404.0  470.62  390.48
2454576.79981 12.3439  0.0006 3.63  395.0  470.62  390.48
2454576.80187 12.3488  0.0006 3.49  390.0  470.62  390.48
2454576.80401 12.3883  0.0007 3.24  387.0  470.62  390.48
2454576.80620 12.3452  0.0006 3.50  388.0  470.62  390.48
2454576.80816 12.3991  0.0007 3.15  386.0  470.62  390.48
2454576.81014 12.3442  0.0006 3.66  400.0  470.62  390.48
2454576.81223 12.3472  0.0006 3.65  392.0  470.62  390.48
2454576.81436 12.3480  0.0006 3.55  403.0  470.62  390.48
2454576.81653 12.3373  0.0006 3.57  393.0  470.62  390.48
2454576.81878 12.3419  0.0007 3.63  466.0  470.62  390.48
2454576.82088 12.3469  0.0007 3.69  469.0  470.62  390.48
2454576.82318 12.3440  0.0007 3.80  464.0  470.62  390.48
2454576.82529 12.3403  0.0007 3.74  444.0  470.62  390.48
2454576.82753 12.3406  0.0007 3.94  443.0  470.62  390.48
2454576.83242 12.3370  0.0007 3.66  436.0  470.62  390.48
2454576.83487 12.3278  0.0007 4.45  437.0  470.62  390.48
2454576.83747 12.3354  0.0007 4.16  418.0  470.62  390.48
2454576.84012 12.3298  0.0008 4.44  617.0  470.62  390.48
2454576.84303 12.3462  0.0010 4.20  654.0  470.62  390.48
2454576.84549 12.3234  0.0008 4.96  638.0  470.62  390.48
2454576.84797 12.3283  0.0008 4.89  645.0  470.62  390.48
2454576.85053 12.3373  0.0009 4.34  631.0  470.62  390.48
2454576.85313 12.3463  0.0010 4.28  639.0  470.62  390.48
2454576.85567 12.3454  0.0010 4.29  626.0  470.62  390.48
2454576.85816 12.3488  0.0011 4.05  619.0  470.62  390.48
2454576.86051 12.3278  0.0007 3.95  413.0  470.62  390.48
2454576.86283 12.3294  0.0005 4.10  278.0  470.62  390.48
2454576.86485 12.3283  0.0005 4.11  281.0  470.62  390.48
2454576.86693 12.3225  0.0006 4.62  282.0  470.62  390.48
2454576.86885 12.3271  0.0006 4.56  294.0  470.62  390.48
2454576.87091 12.3251  0.0005 4.00  303.0  470.62  390.48
2454576.87294 12.3266  0.0006 4.47  298.0  470.62  390.48
2454576.87537 12.3293  0.0006 4.87  374.0  470.62  390.48
2454576.87767 12.3247  0.0006 4.84  384.0  470.62  390.48
2454576.88084 12.3245  0.0006 4.81  403.0  470.62  390.48
2454576.89466 12.3307  0.0006 4.80  415.0  470.62  390.48
2454576.89685 12.3310  0.0007 4.50  497.0  470.62  390.48
2454576.89916 12.3260  0.0007 4.65  585.0  470.62  390.48
2454576.90727 12.3263  0.0007 4.67  625.0  470.62  390.48
2454576.90973 12.3319  0.0007 4.29  643.0  470.62  390.48
2454576.91825 12.3280  0.0007 4.56  674.0  470.62  390.48
2454576.92049 12.3256  0.0007 4.38  698.0  470.62  390.48
2454576.92283 12.3245  0.0007 4.37  738.0  470.62  390.48
2454576.92521 12.3244  0.0007 4.82  789.0  470.62  390.48
2454577.80597 12.4240  0.0010 4.25  670.0  470.62  390.48
2454577.81737 12.4129  0.0008 4.85  521.0  470.62  390.48
2454577.90697 12.4302  0.0008 5.08  584.0  470.62  390.48
2454578.75821 12.6759  0.0009 5.30  577.0  470.62  390.48
2454579.83675 13.0085  0.0010 4.15  578.0  470.62  390.48
2454579.93225 13.0401  0.0013 4.07 2304.0  470.62  390.48
2454583.69529 13.8015  0.0021 6.24  873.0  470.62  390.48
2454585.89937 14.1004  0.0023 5.44  753.0  470.62  390.48
2454586.84727 14.2072  0.0024 4.49  823.0  470.62  390.48
2454587.82789 14.3001  0.0026 5.05  672.0  470.62  390.48
2454588.81093 14.4016  0.0025 3.56  671.0  470.62  390.48
2454589.65655 14.4659  0.0030 5.77  763.0  470.62  390.48
2454590.76114 14.5529  0.0028 3.98  677.0  470.62  390.48
2454591.64893 14.6141  0.0031 4.95  934.0  470.62  390.48
2454592.75428 14.6874  0.0033 4.54 1002.0  470.62  390.48
2454593.73959 14.7496  0.0032 4.28  760.0  470.62  390.48
2454594.76815 14.8169  0.0032 3.94  628.0  470.62  390.48
2454595.75586 14.8705  0.0035 4.61  641.0  470.62  390.48
2454596.74503 14.9225  0.0034 4.17  616.0  470.62  390.48
2454597.77626 14.9657  0.0035 3.85  706.0  470.62  390.48
2454598.74564 15.0157  0.0034 3.80  539.0  470.62  390.48
2454599.72144 15.0580  0.0037 4.02  626.0  470.62  390.48
2454600.73065 15.1033  0.0036 3.38  557.0  470.62  390.48
2454601.73520 15.1482  0.0038 3.96  600.0  470.62  390.48
2454602.72937 15.1755  0.0038 3.81  701.0  470.62  390.48
2454606.74312 15.3151  0.0044 4.14 1037.0  470.62  390.48
2454610.83699 15.4302  0.0059 4.53 2426.0  470.62  390.48
2454611.71683 15.4612  0.0052 4.49  844.0  470.62  390.48
2454611.90339 15.4654  0.0053 4.36 1135.0  470.62  390.48
2454615.89348 15.5559  0.0068 7.09  997.0  470.62  390.48
2454616.70233 15.5819  0.0054 4.77  650.0  470.62  390.48
2454617.82265 15.6104  0.0068 6.84  780.0  470.62  390.48
2454618.74401 15.6324  0.0044 5.56  668.0  470.62  390.48
2454622.68099 15.6999  0.0057 4.64  676.0  470.62  390.48
2454623.76100 15.7067  0.0062 5.45  777.0  470.62  390.48
2454624.69626 15.7243  0.0061 4.75  803.0  470.62  390.48
2454625.68136 15.7462  0.0065 5.39  705.0  470.62  390.48
2454626.78763 15.7586  0.0070 6.55  615.0  470.62  390.48
2454627.66050 15.7723  0.0056 4.22  568.0  470.62  390.48
2454628.65482 15.7801  0.0062 4.91  693.0  470.62  390.48
2454629.71995 15.7988  0.0060 4.51  619.0  470.62  390.48
2454630.65679 15.8030  0.0059 4.07  681.0  470.62  390.48
2454631.67830 15.8218  0.0056 3.53  617.0  470.62  390.48
2454632.67824 15.8489  0.0059 3.73  722.0  470.62  390.48
2454633.73531 15.8574  0.0069 4.90 1005.0  470.62  390.48
2454639.78069 15.9226  0.0077 5.48 1044.0  470.62  390.48
2454640.68067 15.9336  0.0067 4.63  727.0  470.62  390.48
2454641.83718 15.9392  0.0081 6.34  944.0  470.62  390.48
2454642.67908 15.9451  0.0067 4.68  667.0  470.62  390.48
2454643.64505 15.9541  0.0066 4.95  598.0  470.62  390.48
2454644.71218 15.9666  0.0069 5.52  637.0  470.62  390.48
2454645.64364 15.9959  0.0068 4.61  592.0  470.62  390.48
2454646.61539 15.9818  0.0061 3.82  601.0  470.62  390.48
2454647.62577 15.9964  0.0066 3.75  766.0  470.62  390.48
2454649.61990 16.0121  0.0071 5.09  588.0  470.62  390.48
2454650.64827 16.0112  0.0069 4.66  685.0  470.62  390.48
2454651.66318 16.0290  0.0075 5.00  701.0  470.62  390.48
2454652.59232 16.0368  0.0073 4.72  739.0  470.62  390.48
2454653.58622 16.0449  0.0077 4.84  820.0  470.62  390.48
2454654.62536 16.0411  0.0069 4.04  710.0  470.62  390.48
2454655.58959 16.0558  0.0080 5.44  863.0  470.62  390.48
2454656.59267 16.0585  0.0073 4.91  683.0  470.62  390.48
2454658.75003 16.0663  0.0089 6.62  765.0  470.62  390.48
2454660.69958 16.0856  0.0083 5.94  790.0  470.62  390.48
2454661.58216 16.0753  0.0076 4.65  968.0  470.62  390.48
2454665.74391 16.1054  0.0095 4.70 1973.0  470.62  390.48
2454666.64929 16.1161  0.0088 5.59 1009.0  470.62  390.48
2454670.71490 16.1361  0.0091 6.37  724.0  470.62  390.48
2454671.63882 16.1325  0.0076 5.56  611.0  470.62  390.48
2454672.59834 16.1333  0.0071 4.01  693.0  470.62  390.48
2454674.60516 16.1413  0.0084 5.29  747.0  470.62  390.48
2454677.57737 16.1593  0.0080 5.01  639.0  470.62  390.48
2454681.59297 16.1796  0.0091 6.67  605.0  470.62  390.48
2454682.61022 16.1798  0.0077 4.61  632.0  470.62  390.48
2454683.60720 16.1998  0.0095 6.22  742.0  470.62  390.48
2454684.62522 16.1826  0.0080 4.64  710.0  470.62  390.48
2454685.59287 16.1991  0.0081 4.79  737.0  470.62  390.48
2454686.72170 16.1899  0.0083 5.54  638.0  470.62  390.48
2454687.64015 16.1850  0.0086 5.25  740.0  470.62  390.48
2454688.58632 16.1890  0.0094 5.59  969.0  470.62  390.48
2454694.66159 16.2178  0.0113 6.75 1072.0  470.62  390.48
2454697.58754 16.2041  0.0091 6.23  720.0  470.62  390.48
2454698.61373 16.2084  0.0084 5.72  702.0  470.62  390.48
2454700.60883 16.2246  0.0086 5.50  632.0  470.62  390.48
2454701.59168 16.2222  0.0095 6.51  723.0  470.62  390.48
2454702.60664 16.2134  0.0089 6.31  611.0  470.62  390.48
2454703.67390 16.2339  0.0094 7.30  660.0  470.62  390.48
2454708.60743 16.2412  0.0101 7.29  694.0  470.62  390.48
2454710.64262 16.2406  0.0084 5.66  767.0  470.62  390.48
2454720.62488 16.2614  0.0105 5.61 1171.0  470.62  390.48
2454721.59376 16.2558  0.0103 5.75 1028.0  470.62  390.48
2454724.60816 16.2540  0.0093 4.54 1132.0  470.62  390.48
2454726.58496 16.2567  0.0105 6.19  860.0  470.62  390.48
2454731.63450 16.2712  0.0096 6.14  673.0  470.62  390.48
2454738.51047 16.2722  0.0093 5.90  701.0  470.62  390.48
2454748.57937 16.2557  0.0116 7.16 1086.0  470.62  390.48
2454755.53317 16.2750  0.0103 5.53 1021.0  470.62  390.48
2454759.52759 16.2778  0.0112 6.02 1003.0  470.62  390.48
2454875.86269 16.3198  0.0095 5.28  918.0  470.62  390.48
2454878.89293 16.3051  0.0086 3.77 1350.0  470.62  390.48
2454885.87465 16.3067  0.0078 4.27  707.0  470.62  390.48
2454888.82640 16.3276  0.0086 5.10  771.0  470.62  390.48
2454892.82205 16.3035  0.0100 6.42  836.0  470.62  390.48
2454897.90078 16.3073  0.0084 4.00  828.0  470.62  390.48
2454901.84398 16.3178  0.0083 4.27  896.0  470.62  390.48
2454903.84335 16.2972  0.0078 4.03  878.0  470.62  390.48
2454904.90157 16.3158  0.0089 5.20  877.0  470.62  390.48
2454906.89306 16.3187  0.0097 5.55  863.0  470.62  390.48
2454910.89957 16.3150  0.0087 4.37 1075.0  470.62  390.48
2454912.88612 16.3114  0.0072 4.71  574.0  470.62  390.48
2454914.86746 16.3052  0.0073 3.92  563.0  470.62  390.48
2454925.80027 16.3187  0.0074 3.55  711.0  470.62  390.48
2454927.85418 16.3101  0.0086 4.98  750.0  470.62  390.48
2454929.82287 16.3155  0.0084 4.91  819.0  470.62  390.48
2454930.85622 16.3018  0.0092 5.11  972.0  470.62  390.48
2454931.80002 16.3177  0.0091 4.84  954.0  470.62  390.48
2454932.75527 16.3191  0.0081 3.64  967.0  470.62  390.48
2454933.80357 16.3055  0.0086 4.66  951.0  470.62  390.48
2454938.77859 16.3061  0.0088 5.24  898.0  470.62  390.48
2454939.80398 16.3350  0.0088 5.10  711.0  470.62  390.48
2454941.75801 16.3144  0.0086 5.66  691.0  470.62  390.48
2454942.79882 16.3209  0.0077 4.60  608.0  470.62  390.48
2454943.79135 16.3167  0.0079 4.42  641.0  470.62  390.48
2454950.80399 16.3136  0.0079 4.40  718.0  470.62  390.48
2454952.83099 16.3017  0.0078 5.68  670.0  470.62  390.48
2454953.79555 16.3175  0.0082 4.82  721.0  470.62  390.48
2454954.75740 16.3236  0.0080 4.23  631.0  470.62  390.48
2454955.75325 16.3247  0.0086 4.86  655.0  470.62  390.48
