2452124.52280 14.5378  0.0031 4.01 1224.0  521.30  268.56
2452128.54747 14.5337  0.0028 3.81  559.0  521.30  268.56
2452131.54285 14.5315  0.0029 4.07  799.0  521.30  268.56
2452135.47740 14.5455  0.0028 4.27  779.0  521.30  268.56
2452138.48081 14.5343  0.0032 6.62  624.0  521.30  268.56
2452142.48245 14.5271  0.0029 4.07  731.0  521.30  268.56
2452166.62115 14.5564  0.0031 5.65  710.0  521.30  268.56
2452171.59255 14.5336  0.0026 5.69  632.0  521.30  268.56
2452177.52093 14.5390  0.0038 6.06 3049.0  521.30  268.56
2452178.50361 14.5404  0.0034 6.63  829.0  521.30  268.56
2452193.55018 14.5381  0.0031 4.97  732.0  521.30  268.56
2452345.83108 14.5247  0.0030 3.65  689.0  521.30  268.56
2452356.86049 14.5225  0.0030 3.68  632.0  521.30  268.56
2452365.81574 14.5346  0.0033 4.50 1052.0  521.30  268.56
2452379.76712 14.5372  0.0030 5.98  444.0  521.30  268.56
2452385.77890 14.5321  0.0032 4.71  596.0  521.30  268.56
2452389.75420 14.5342  0.0033 5.25  776.0  521.30  268.56
2452392.66528 14.5469  0.0039 5.87 1697.0  521.30  268.56
2452396.86408 14.5430  0.0033 4.67 1049.0  521.30  268.56
2452400.91849 14.5249  0.0033 4.95  813.0  521.30  268.56
2452402.69551 14.5320  0.0032 4.41  640.0  521.30  268.56
2452403.67710 14.5322  0.0031 4.65  666.0  521.30  268.56
2452406.70001 14.5267  0.0034 5.72  602.0  521.30  268.56
2452416.67879 14.5393  0.0033 5.58  613.0  521.30  268.56
2452424.65644 14.5218  0.0031 4.55  710.0  521.30  268.56
2452433.87023 14.5265  0.0033 4.83  981.0  521.30  268.56
2452435.80043 14.5310  0.0030 3.92  721.0  521.30  268.56
2452437.88473 14.5424  0.0038 6.41  849.0  521.30  268.56
2452439.84304 14.5337  0.0032 4.84  605.0  521.30  268.56
2452443.83586 14.5307  0.0033 4.81  814.0  521.30  268.56
2452445.84899 14.5224  0.0031 3.97  855.0  521.30  268.56
2452446.87535 14.5269  0.0033 4.86  960.0  521.30  268.56
2452453.54649 14.5401  0.0023 6.85  962.0  521.30  268.56
2452459.52594 14.5358  0.0033 6.26  658.0  521.30  268.56
2452462.77674 14.5292  0.0030 4.22  575.0  521.30  268.56
2452463.75829 14.5255  0.0030 3.86  492.0  521.30  268.56
2452465.61535 14.5294  0.0030 4.24  452.0  521.30  268.56
2452467.70826 14.5288  0.0030 4.19  377.0  521.30  268.56
2452469.75265 14.5350  0.0030 3.88  439.0  521.30  268.56
2452471.51756 14.5330  0.0030 4.32  662.0  521.30  268.56
2452473.72677 14.5322  0.0030 4.82  618.0  521.30  268.56
2452484.49971 14.5419  0.0035 6.48  655.0  521.30  268.56
2452489.62415 14.5332  0.0023 4.49  468.0  521.30  268.56
2452492.57695 14.5360  0.0030 5.35  538.0  521.30  268.56
2452494.62432 14.5349  0.0025 5.34  498.0  521.30  268.56
2452496.68607 14.5298  0.0029 3.79  492.0  521.30  268.56
2452498.73205 14.5318  0.0032 5.15  760.0  521.30  268.56
2452501.49343 14.5325  0.0033 5.33  761.0  521.30  268.56
2452510.66354 14.5310  0.0030 4.41 1327.0  521.30  268.56
2452516.56819 14.5424  0.0036 5.98  771.0  521.30  268.56
2452519.52774 14.5282  0.0030 4.06  677.0  521.30  268.56
2452524.57276 14.5329  0.0028 4.96  646.0  521.30  268.56
2452528.55987 14.5290  0.0032 4.83  707.0  521.30  268.56
2452539.52149 14.5356  0.0033 4.75  794.0  521.30  268.56
2452544.56758 14.5377  0.0033 5.20  612.0  521.30  268.56
2452560.52118 14.5264  0.0037 5.15 2636.0  521.30  268.56
2452568.52553 14.5361  0.0035 5.23 1614.0  521.30  268.56
2452710.88720 14.5194  0.0029 4.59  472.0  521.30  268.56
2452725.88231 14.5137  0.0031 4.03  594.0  521.30  268.56
2452731.82191 14.5136  0.0030 3.41  620.0  521.30  268.56
2452735.91368 14.5259  0.0033 4.63  709.0  521.30  268.56
2452747.88272 14.5262  0.0038 6.45 1136.0  521.30  268.56
2452754.89806 14.5175  0.0032 4.42  606.0  521.30  268.56
2452758.81233 14.5280  0.0038 6.43  709.0  521.30  268.56
2452764.86762 14.5162  0.0032 4.49  736.0  521.30  268.56
2452769.68624 14.5128  0.0032 4.21  812.0  521.30  268.56
2452783.65793 14.5115  0.0032 4.76  593.0  521.30  268.56
2452785.63191 14.5108  0.0033 4.73  734.0  521.30  268.56
2452787.68878 14.5167  0.0032 4.45  678.0  521.30  268.56
2452789.84660 14.5171  0.0032 4.06  688.0  521.30  268.56
2452791.84161 14.5139  0.0032 4.20  623.0  521.30  268.56
2452793.88874 14.5107  0.0028 4.73  812.0  521.30  268.56
2452795.81043 14.5064  0.0027 3.97  646.0  521.30  268.56
2452796.93451 14.5131  0.0032 4.84  887.0  521.30  268.56
2452797.79663 14.5192  0.0030 3.83  552.0  521.30  268.56
2452809.58887 14.5148  0.0032 4.63  724.0  521.30  268.56
2452811.57912 14.5174  0.0037 6.39  766.0  521.30  268.56
2452812.79320 14.5095  0.0033 5.29  635.0  521.30  268.56
2452814.67224 14.5099  0.0030 3.88  514.0  521.30  268.56
2452815.87184 14.5140  0.0035 5.78  837.0  521.30  268.56
2452817.56980 14.5118  0.0033 5.17  602.0  521.30  268.56
2452818.84539 14.5054  0.0031 4.18  781.0  521.30  268.56
2452820.58719 14.5171  0.0033 4.43  768.0  521.30  268.56
2452826.55546 14.5144  0.0031 4.44  551.0  521.30  268.56
2452834.50992 14.5173  0.0035 4.44 1620.0  521.30  268.56
2452836.55393 14.5062  0.0032 3.81  941.0  521.30  268.56
2452838.52287 14.5079  0.0033 4.36  933.0  521.30  268.56
2452839.51694 14.5122  0.0033 4.98  649.0  521.30  268.56
2452841.55392 14.5031  0.0033 4.89  603.0  521.30  268.56
2452844.53699 14.5031  0.0031 4.21  545.0  521.30  268.56
2452847.57806 14.5161  0.0035 6.09  712.0  521.30  268.56
2452850.75744 14.5071  0.0032 4.99  649.0  521.30  268.56
2452852.75165 14.5110  0.0026 6.08  772.0  521.30  268.56
2452855.55474 14.5083  0.0033 5.24  590.0  521.30  268.56
2452857.64383 14.5081  0.0032 4.43  744.0  521.30  268.56
2452860.53330 14.5111  0.0037 4.20 3844.0  521.30  268.56
2452861.59360 14.5172  0.0033 4.21 1288.0  521.30  268.56
2452863.50280 14.5065  0.0033 4.78 1081.0  521.30  268.56
2452866.52710 14.5047  0.0033 4.85  654.0  521.30  268.56
2452870.60613 14.5054  0.0032 4.69  554.0  521.30  268.56
2452874.60541 14.5057  0.0035 5.92  576.0  521.30  268.56
2452878.52127 14.5060  0.0031 4.11  642.0  521.30  268.56
2452883.52219 14.5010  0.0030 4.19  506.0  521.30  268.56
2452886.49593 14.5144  0.0039 6.51 1473.0  521.30  268.56
2452893.49222 14.5106  0.0033 4.71 1010.0  521.30  268.56
2452897.58474 14.5027  0.0033 4.95  670.0  521.30  268.56
2452902.62654 14.5052  0.0037 6.50 1162.0  521.30  268.56
2452907.62201 14.5141  0.0038 6.99  836.0  521.30  268.56
2452921.56434 14.4977  0.0034 5.56  982.0  521.30  268.56
2452932.55338 14.4692  0.0031 4.71  908.0  521.30  268.56
2453054.86300 14.3913  0.0027 4.65  653.0  521.30  268.56
2453057.84751 14.3806  0.0026 3.97  792.0  521.30  268.56
2453060.87816 14.3735  0.0027 4.32  537.0  521.30  268.56
2453066.87173 14.3714  0.0026 4.05  542.0  521.30  268.56
2453069.82430 14.3581  0.0029 5.42  693.0  521.30  268.56
2453071.83004 14.3673  0.0028 4.50  901.0  521.30  268.56
2453074.77937 14.3600  0.0028 5.08  948.0  521.30  268.56
2453076.85663 14.3542  0.0027 4.55  838.0  521.30  268.56
2453080.86617 14.3462  0.0026 4.08  668.0  521.30  268.56
2453083.82221 14.3353  0.0026 4.20  509.0  521.30  268.56
2453085.77166 14.3343  0.0026 4.59  511.0  521.30  268.56
2453087.73228 14.3314  0.0027 5.77  573.0  521.30  268.56
2453088.91248 14.3320  0.0025 4.23  644.0  521.30  268.56
2453090.86317 14.3344  0.0026 5.81  443.0  521.30  268.56
2453092.78645 14.3239  0.0028 6.15  416.0  521.30  268.56
2453097.75358 14.3172  0.0029 5.83  719.0  521.30  268.56
2453098.71487 14.3123  0.0026 4.35  860.0  521.30  268.56
2453100.75018 14.3111  0.0027 4.85  800.0  521.30  268.56
2453102.74272 14.3022  0.0027 4.43  971.0  521.30  268.56
2453107.71691 14.2964  0.0026 4.26  752.0  521.30  268.56
2453108.71471 14.2952  0.0024 4.05  632.0  521.30  268.56
2453110.67803 14.3012  0.0027 5.88 1152.0  521.30  268.56
2453112.68085 14.2929  0.0026 5.39  638.0  521.30  268.56
2453113.71895 14.2910  0.0024 3.64  428.0  521.30  268.56
2453115.70364 14.2804  0.0026 4.97  578.0  521.30  268.56
2453116.76306 14.2767  0.0025 4.88  588.0  521.30  268.56
2453122.73260 14.2735  0.0029 6.64  547.0  521.30  268.56
2453124.90905 14.2638  0.0028 5.67  716.0  521.30  268.56
2453126.64807 14.2603  0.0025 4.70  684.0  521.30  268.56
2453127.64883 14.2625  0.0025 4.32  819.0  521.30  268.56
2453128.66853 14.2568  0.0025 4.02  876.0  521.30  268.56
2453129.64074 14.2580  0.0027 4.73 1065.0  521.30  268.56
2453130.64429 14.2527  0.0029 4.96 1550.0  521.30  268.56
2453134.61701 14.2413  0.0028 4.74 1879.0  521.30  268.56
2453135.68337 14.2405  0.0025 4.89  617.0  521.30  268.56
2453137.78956 14.2351  0.0019 4.74  706.0  521.30  268.56
2453139.67453 14.2350  0.0022 5.31  454.0  521.30  268.56
2453140.64256 14.2310  0.0025 4.79  610.0  521.30  268.56
2453141.72864 14.2293  0.0025 5.15  430.0  521.30  268.56
2453142.62942 14.2243  0.0025 5.49  503.0  521.30  268.56
2453144.63162 14.2216  0.0024 4.98  454.0  521.30  268.56
2453145.71018 14.2227  0.0025 4.95  408.0  521.30  268.56
2453147.80057 14.2182  0.0025 5.25  471.0  521.30  268.56
2453151.59894 14.2129  0.0030 7.49  612.0  521.30  268.56
2453152.60797 14.2079  0.0024 5.23  532.0  521.30  268.56
2453153.60776 14.1953  0.0023 5.21  700.0  521.30  268.56
2453154.68573 14.1978  0.0027 6.37  524.0  521.30  268.56
2453156.59007 14.1975  0.0027 6.16  863.0  521.30  268.56
2453158.61243 14.1855  0.0027 5.47 1240.0  521.30  268.56
2453162.65164 14.1763  0.0023 3.77  681.0  521.30  268.56
2453163.56278 14.1764  0.0025 5.63  459.0  521.30  268.56
2453164.56344 14.1712  0.0023 4.02  510.0  521.30  268.56
2453165.56305 14.1750  0.0024 5.09  551.0  521.30  268.56
2453166.76937 14.1636  0.0026 5.99  622.0  521.30  268.56
2453167.78375 14.1648  0.0023 4.50  464.0  521.30  268.56
2453168.59887 14.1556  0.0023 4.67  429.0  521.30  268.56
2453169.56893 14.1633  0.0023 4.34  598.0  521.30  268.56
2453170.66817 14.1594  0.0021 4.10  408.0  521.30  268.56
2453171.56237 14.1559  0.0022 4.19  489.0  521.30  268.56
2453172.57211 14.1551  0.0023 4.30  496.0  521.30  268.56
2453174.56321 14.1428  0.0022 4.05  646.0  521.30  268.56
2453174.88229 14.1414  0.0024 4.55  956.0  521.30  268.56
2453175.55694 14.1403  0.0023 4.28  620.0  521.30  268.56
2453176.59041 14.1405  0.0024 4.72  528.0  521.30  268.56
2453178.62614 14.1309  0.0024 5.47  524.0  521.30  268.56
2453179.65042 14.1303  0.0022 4.81  413.0  521.30  268.56
2453180.52514 14.1279  0.0023 4.30  687.0  521.30  268.56
2453182.55948 14.1213  0.0025 5.76  512.0  521.30  268.56
2453183.53206 14.1178  0.0024 5.49  522.0  521.30  268.56
2453184.53612 14.1189  0.0023 4.38  599.0  521.30  268.56
2453185.56444 14.1133  0.0022 3.84  717.0  521.30  268.56
2453191.84175 14.0876  0.0023 5.23  807.0  521.30  268.56
2453193.71337 14.0925  0.0025 6.41  465.0  521.30  268.56
2453194.73960 14.0941  0.0025 6.97  688.0  521.30  268.56
2453195.49704 14.0862  0.0022 4.65  668.0  521.30  268.56
2453196.46954 14.0725  0.0025 5.87 1056.0  521.30  268.56
2453197.69518 14.0788  0.0022 4.45  502.0  521.30  268.56
2453199.53147 14.0793  0.0026 7.20  449.0  521.30  268.56
2453202.48771 14.0566  0.0022 4.85  567.0  521.30  268.56
2453203.51264 14.0581  0.0021 3.57  506.0  521.30  268.56
2453204.79021 14.0457  0.0022 5.10  632.0  521.30  268.56
2453205.50415 14.0486  0.0022 4.68  481.0  521.30  268.56
2453206.47670 14.0458  0.0021 4.67  534.0  521.30  268.56
2453207.51599 14.0397  0.0023 6.86  450.0  521.30  268.56
2453210.71325 14.0214  0.0021 5.19  549.0  521.30  268.56
2453211.50341 14.0242  0.0022 5.38  466.0  521.30  268.56
2453217.50890 14.0054  0.0021 3.65 1112.0  521.30  268.56
2453218.50273 13.9954  0.0022 4.98  992.0  521.30  268.56
2453219.56659 13.9995  0.0025 6.64  749.0  521.30  268.56
2453224.62445 13.9702  0.0021 4.11  593.0  521.30  268.56
2453228.54296 13.9502  0.0021 5.05  425.0  521.30  268.56
2453230.51589 13.9369  0.0020 4.55  485.0  521.30  268.56
2453232.53359 13.9295  0.0021 6.31  462.0  521.30  268.56
2453239.59464 13.8866  0.0020 4.93  469.0  521.30  268.56
2453239.62172 13.8863  0.0021 5.95  443.0  521.30  268.56
2453240.64981 13.8836  0.0022 6.15  506.0  521.30  268.56
2453244.61114 13.8548  0.0021 4.84 1157.0  521.30  268.56
2453245.62687 13.8467  0.0020 5.47  807.0  521.30  268.56
2453246.51306 13.8449  0.0021 6.23  684.0  521.30  268.56
2453247.57669 13.8410  0.0020 4.98  688.0  521.30  268.56
2453248.62185 13.8344  0.0020 4.99  591.0  521.30  268.56
2453250.50553 13.8175  0.0020 5.42  536.0  521.30  268.56
2453251.63418 13.8049  0.0020 5.78  477.0  521.30  268.56
2453254.50636 13.7877  0.0020 5.70  480.0  521.30  268.56
2453257.64189 13.7607  0.0019 5.21  522.0  521.30  268.56
2453266.51980 13.6850  0.0020 6.38  588.0  521.30  268.56
2453268.58781 13.6593  0.0017 4.16  684.0  521.30  268.56
2453270.53579 13.6398  0.0022 5.47 3369.0  521.30  268.56
2453271.53605 13.6141  0.0020 5.54 1602.0  521.30  268.56
2453279.51392 13.5408  0.0016 5.17  560.0  521.30  268.56
2453283.56384 13.4770  0.0012 4.39  338.0  521.30  268.56
2453298.54474 13.2483  0.0007 5.46  832.0  521.30  268.56
2453306.51953 13.0678  0.0015 6.78 1517.0  521.30  268.56
2453309.51304 12.9858  0.0013 5.85 1047.0  521.30  268.56
2453431.86297 13.9897  0.0019 3.80  591.0  521.30  268.56
2453438.86102 14.0275  0.0019 5.18  535.0  521.30  268.56
2453444.79463 14.0481  0.0021 5.16  509.0  521.30  268.56
2453446.81508 14.0669  0.0020 4.44  446.0  521.30  268.56
2453448.85254 14.0792  0.0020 4.02  458.0  521.30  268.56
2453450.84640 14.0819  0.0019 4.31  349.0  521.30  268.56
2453453.91803 14.0944  0.0021 4.18 1163.0  521.30  268.56
2453456.80601 14.1007  0.0021 4.43  828.0  521.30  268.56
2453468.77673 14.1437  0.0021 4.53  467.0  521.30  268.56
2453470.74959 14.1445  0.0020 4.02  428.0  521.30  268.56
2453473.73056 14.1570  0.0022 5.13  429.0  521.30  268.56
2453475.75090 14.1530  0.0021 4.48  377.0  521.30  268.56
2453478.73388 14.1700  0.0021 4.36  391.0  521.30  268.56
2453480.78382 14.1759  0.0021 4.12  402.0  521.30  268.56
2453483.84875 14.1756  0.0021 3.83  609.0  521.30  268.56
2453496.66309 14.2043  0.0024 6.17  634.0  521.30  268.56
2453497.85284 14.2050  0.0022 5.03  569.0  521.30  268.56
2453499.67590 14.2181  0.0025 6.39  448.0  521.30  268.56
2453501.64543 14.2065  0.0023 5.85  618.0  521.30  268.56
2453502.82320 14.2172  0.0021 3.79  546.0  521.30  268.56
2453503.62727 14.2164  0.0020 4.61  555.0  521.30  268.56
2453504.64604 14.2173  0.0023 5.24  485.0  521.30  268.56
2453508.77900 14.2228  0.0022 4.82  472.0  521.30  268.56
2453509.87107 14.2289  0.0021 3.78  492.0  521.30  268.56
2453510.85836 14.2271  0.0021 3.87  486.0  521.30  268.56
2453511.88953 14.2298  0.0022 3.92  650.0  521.30  268.56
2453512.61971 14.2330  0.0024 5.24  900.0  521.30  268.56
2453517.65239 14.2473  0.0027 5.06 2250.0  521.30  268.56
2453520.89893 14.2486  0.0027 6.47  726.0  521.30  268.56
2453521.86267 14.2410  0.0023 5.02  700.0  521.30  268.56
2453522.60106 14.2494  0.0021 3.53  468.0  521.30  268.56
2453523.61960 14.2494  0.0023 4.83  439.0  521.30  268.56
2453524.59513 14.2446  0.0022 5.29  457.0  521.30  268.56
2453525.58430 14.2473  0.0024 6.02  462.0  521.30  268.56
2453527.60995 14.2535  0.0019 4.64  485.0  521.30  268.56
2453528.91207 14.2510  0.0024 5.47  767.0  521.30  268.56
2453530.70293 14.2553  0.0020 3.36  393.0  521.30  268.56
2453538.58217 14.2678  0.0026 6.98  524.0  521.30  268.56
2453539.57505 14.2676  0.0022 4.45  601.0  521.30  268.56
2453547.51635 14.2786  0.0024 5.37  678.0  521.30  268.56
2453550.68644 14.2805  0.0018 4.09  447.0  521.30  268.56
2453551.71505 14.2811  0.0017 3.87  370.0  521.30  268.56
2453552.74624 14.2915  0.0017 4.97  470.0  521.30  268.56
2453553.60188 14.2853  0.0025 6.14  429.0  521.30  268.56
2453554.55100 14.2905  0.0025 5.79  552.0  521.30  268.56
2453554.60822 14.2919  0.0024 5.42  477.0  521.30  268.56
2453554.67388 14.2938  0.0026 5.61  449.0  521.30  268.56
2453554.83542 14.2927  0.0026 6.19  599.0  521.30  268.56
2453555.65235 14.2966  0.0026 6.53  378.0  521.30  268.56
2453555.69171 14.2893  0.0021 5.10  429.0  521.30  268.56
2453555.81326 14.2882  0.0025 5.79  656.0  521.30  268.56
2453556.56608 14.2948  0.0026 6.03  532.0  521.30  268.56
2453556.75890 14.2864  0.0024 5.40  439.0  521.30  268.56
2453558.69651 14.2975  0.0022 4.39  386.0  521.30  268.56
2453559.79635 14.2918  0.0017 5.02  492.0  521.30  268.56
2453560.48656 14.3003  0.0023 4.50  487.0  521.30  268.56
2453561.73814 14.2923  0.0022 3.57  394.0  521.30  268.56
2453562.74407 14.2981  0.0023 4.12  439.0  521.30  268.56
2453563.49760 14.3042  0.0022 4.66  502.0  521.30  268.56
2453573.48485 14.3183  0.0028 6.58  945.0  521.30  268.56
2453574.54268 14.3118  0.0023 4.68  587.0  521.30  268.56
2453575.48956 14.3172  0.0023 4.24  504.0  521.30  268.56
2453576.49047 14.3152  0.0023 4.65  472.0  521.30  268.56
2453577.54640 14.3140  0.0022 4.08  389.0  521.30  268.56
2453578.51893 14.3082  0.0022 3.83  358.0  521.30  268.56
2453579.47807 14.3118  0.0022 4.13  437.0  521.30  268.56
2453580.48898 14.3212  0.0022 4.27  553.0  521.30  268.56
2453581.52347 14.3264  0.0023 4.53  498.0  521.30  268.56
2453582.47739 14.3172  0.0023 4.45  592.0  521.30  268.56
2453583.52195 14.3262  0.0023 4.92  447.0  521.30  268.56
2453584.50808 14.3246  0.0022 4.41  432.0  521.30  268.56
2453585.49876 14.3243  0.0022 4.19  503.0  521.30  268.56
2453586.51888 14.3355  0.0023 4.31  497.0  521.30  268.56
2453587.61278 14.3283  0.0024 5.12  421.0  521.30  268.56
2453588.53522 14.3338  0.0021 5.14  468.0  521.30  268.56
2453589.50810 14.3277  0.0022 3.99  445.0  521.30  268.56
2453590.48834 14.3360  0.0022 4.07  451.0  521.30  268.56
2453591.51033 14.3439  0.0021 3.33  454.0  521.30  268.56
2453592.49624 14.3385  0.0023 3.70  599.0  521.30  268.56
2453593.56027 14.3415  0.0022 4.02  391.0  521.30  268.56
2453594.52053 14.3416  0.0024 4.89  461.0  521.30  268.56
2453600.49188 14.3446  0.0026 4.85 1144.0  521.30  268.56
2453601.60233 14.3417  0.0022 3.62  692.0  521.30  268.56
2453602.48176 14.3487  0.0025 5.15  778.0  521.30  268.56
2453603.47867 14.3571  0.0025 5.13  507.0  521.30  268.56
2453604.53918 14.3508  0.0023 4.82  484.0  521.30  268.56
2453606.48635 14.3521  0.0023 5.66  538.0  521.30  268.56
2453607.48283 14.3500  0.0022 3.78  555.0  521.30  268.56
2453608.48594 14.3666  0.0026 5.77  469.0  521.30  268.56
2453617.59187 14.3769  0.0026 5.86  467.0  521.30  268.56
2453621.53670 14.3824  0.0025 5.03  430.0  521.30  268.56
2453630.61032 14.3979  0.0028 6.39  870.0  521.30  268.56
2453632.55833 14.3937  0.0026 5.29  800.0  521.30  268.56
2453635.53188 14.3917  0.0020 4.37  535.0  521.30  268.56
2453640.55422 14.4034  0.0026 6.19  456.0  521.30  268.56
2453644.55777 14.3984  0.0025 4.89  575.0  521.30  268.56
2453650.52420 14.4151  0.0024 4.75  657.0  521.30  268.56
2453653.49988 14.4119  0.0028 4.88 1515.0  521.30  268.56
2453773.85969 14.5082  0.0032 6.70  779.0  521.30  268.56
2453779.86667 14.4986  0.0029 5.58  947.0  521.30  268.56
