2072.60108 16.2082 0.0096
2072.61102 16.1983 0.0083
2072.62234 16.2108 0.0086
2072.63095 16.1999 0.0085
2072.63958 16.1953 0.0081
2072.65503 16.2003 0.0081
2072.66365 16.1928 0.0081
2072.67231 16.2078 0.0078
2072.68095 16.2013 0.0081
2072.68960 16.2090 0.0085
2072.69825 16.1996 0.0084
2072.72835 16.2091 0.0078
2072.73697 16.1923 0.0078
2072.74556 16.1922 0.0076
2072.75421 16.1990 0.0083
2072.76281 16.2029 0.0083
2072.77143 16.1855 0.0080
2072.78046 16.1858 0.0081
2072.78907 16.1989 0.0082
2072.79767 16.2025 0.0079
2072.80629 16.1921 0.0081
2072.81493 16.2000 0.0085
2072.82353 16.1945 0.0084
2072.83306 16.2010 0.0087
2072.84195 16.2142 0.0088
2072.85106 16.2158 0.0093
2072.86194 16.1864 0.0087
2072.87052 16.2043 0.0089
2072.87913 16.2015 0.0098
2072.89329 16.1951 0.0107
2072.90189 16.2289 0.0101
2072.91045 16.1884 0.0104
2073.58234 16.2016 0.0091
2073.59771 16.1898 0.0083
2073.60632 16.1972 0.0079
2073.61491 16.1947 0.0075
2073.62354 16.2093 0.0080
2073.63217 16.1975 0.0076
2073.64077 16.1922 0.0079
2073.64955 16.2179 0.0078
2073.65819 16.1882 0.0075
2073.66871 16.1997 0.0071
2073.67766 16.1958 0.0075
2073.68629 16.1966 0.0078
2073.69492 16.1997 0.0081
2073.70352 16.1999 0.0076
2073.71219 16.1976 0.0076
2073.72082 16.1956 0.0074
2073.73028 16.2073 0.0085
2073.73886 16.2077 0.0078
2073.74743 16.2011 0.0078
2073.75603 16.2102 0.0077
2073.76461 16.2000 0.0074
2073.77321 16.1931 0.0077
2073.78648 16.1900 0.0077
2073.80914 16.1945 0.0085
2073.82494 16.1857 0.0081
2073.83397 16.1917 0.0092
2073.84915 16.2133 0.0082
2073.85774 16.2101 0.0079
2073.86633 16.2112 0.0080
2073.87493 16.1878 0.0087
2073.88353 16.1882 0.0087
2073.89703 16.1841 0.0095
2073.90560 16.2217 0.0090
2074.57630 16.1943 0.0081
2074.58493 16.2091 0.0083
2074.59355 16.1893 0.0089
2074.60217 16.2197 0.0086
2074.61079 16.1975 0.0085
2074.61943 16.2023 0.0085
2074.63716 16.2046 0.0102
2074.64576 16.1915 0.0096
2074.65436 16.2095 0.0087
2074.66303 16.2015 0.0091
2074.67166 16.1995 0.0080
2074.68051 16.2007 0.0081
2074.70288 16.1932 0.0082
2074.71152 16.1973 0.0078
2074.72012 16.1972 0.0079
2074.73135 16.1933 0.0080
2074.73992 16.1910 0.0080
2074.76370 16.1828 0.0080
2074.77232 16.2036 0.0084
2074.78091 16.2098 0.0089
2074.78951 16.2086 0.0093
2074.79938 16.1917 0.0083
2074.80798 16.2108 0.0082
2074.81682 16.2056 0.0083
2074.82543 16.2195 0.0084
2074.83403 16.1973 0.0080
2074.84266 16.1844 0.0074
2074.85130 16.2070 0.0078
2074.85987 16.1956 0.0074
2074.86892 16.2076 0.0077
2074.87746 16.2046 0.0092
2074.88606 16.2023 0.0083
2074.89472 16.2047 0.0083
2074.90334 16.1989 0.0083
2075.61108 16.2095 0.0093
2075.61969 16.1921 0.0087
2075.62828 16.2103 0.0092
2075.63690 16.2133 0.0090
2075.64553 16.2004 0.0087
2075.66516 16.2029 0.0085
2075.67375 16.2078 0.0089
2075.68236 16.1964 0.0079
2075.69099 16.2216 0.0084
2075.69963 16.2044 0.0082
2075.70822 16.2022 0.0085
2075.71725 16.2095 0.0085
2075.72650 16.1941 0.0087
2075.73510 16.1929 0.0088
2075.74367 16.2047 0.0088
2075.77047 16.2077 0.0092
2075.77907 16.2127 0.0092
2075.78765 16.1992 0.0095
2075.79652 16.1825 0.0094
2075.80514 16.2042 0.0089
2075.81375 16.2171 0.0091
2075.82236 16.2149 0.0087
2075.83093 16.1937 0.0086
2075.84358 16.2050 0.0085
2075.85218 16.1971 0.0089
2075.86080 16.2168 0.0093
2075.86939 16.2253 0.0103
2075.87794 16.2195 0.0091
2075.88654 16.2156 0.0097
2075.89544 16.1985 0.0110
2076.68960 16.2006 0.0090
2076.69822 16.2003 0.0090
2076.70684 16.2083 0.0091
2076.72033 16.1940 0.0089
2076.73029 16.2246 0.0104
2076.73910 16.1928 0.0086
2076.74787 16.2229 0.0112
2076.75661 16.2067 0.0093
2076.76539 16.2028 0.0101
2076.77417 16.2036 0.0096
2076.79006 16.2046 0.0086
2076.80142 16.2096 0.0092
2076.81414 16.2185 0.0104
2076.82663 16.1991 0.0089
2076.83536 16.2011 0.0085
2076.84411 16.1936 0.0092
2076.85283 16.2062 0.0088
2076.86160 16.1987 0.0093
2076.87031 16.2134 0.0102
2076.87962 16.1946 0.0094
2076.88836 16.2026 0.0100
2077.58633 16.2038 0.0093
2077.60692 16.1996 0.0087
2077.61760 16.1952 0.0090
2077.62853 16.1984 0.0082
2077.63729 16.2001 0.0077
2077.65017 16.2015 0.0075
2077.65894 16.2003 0.0075
2077.66767 16.1915 0.0073
2077.67639 16.1967 0.0072
2077.68859 16.2090 0.0077
2077.69738 16.1871 0.0073
2077.70615 16.2019 0.0078
2077.71491 16.1995 0.0080
2077.72365 16.2026 0.0078
2077.73240 16.1990 0.0079
2077.74219 16.2199 0.0098
2077.75096 16.1925 0.0087
2077.75976 16.2052 0.0079
2077.76851 16.1937 0.0080
2077.77725 16.2070 0.0084
2077.78938 16.2090 0.0080
2077.79809 16.2009 0.0082
2077.80684 16.2103 0.0080
2077.81563 16.2053 0.0077
2077.82438 16.2047 0.0080
2077.83314 16.1984 0.0088
2077.84225 16.1867 0.0084
2077.85098 16.2061 0.0096
2077.85974 16.2061 0.0097
2077.86848 16.1832 0.0086
2077.87716 16.2000 0.0090
2077.88592 16.1934 0.0094
2077.89489 16.2051 0.0095
2077.90367 16.2127 0.0107
2078.59219 16.2095 0.0090
2078.60094 16.2203 0.0091
2078.60971 16.1635 0.0087
2078.61844 16.2058 0.0088
2078.62721 16.2046 0.0088
2078.63599 16.1980 0.0084
2078.65637 16.1933 0.0075
2078.66510 16.1943 0.0073
2078.67388 16.2041 0.0074
2078.68263 16.2019 0.0082
2078.69140 16.2159 0.0080
2078.70013 16.2014 0.0081
2078.70979 16.2122 0.0080
2078.71872 16.2088 0.0079
2078.72744 16.1960 0.0073
2078.73619 16.1957 0.0078
2078.74492 16.2077 0.0080
2078.75368 16.1870 0.0081
2078.76672 16.1898 0.0082
2078.78557 16.2120 0.0083
2078.79435 16.1894 0.0082
2078.80310 16.2150 0.0084
2078.81185 16.2046 0.0084
2078.83791 16.1927 0.0085
2078.84667 16.2134 0.0093
2078.86497 16.2096 0.0092
2078.87365 16.2188 0.0104
2078.88240 16.2098 0.0098
2079.62222 16.1956 0.0096
2079.63097 16.2028 0.0105
2079.63977 16.2147 0.0091
2079.64852 16.2188 0.0086
2079.65727 16.1997 0.0083
2079.66603 16.2132 0.0086
2079.67583 16.1994 0.0078
2079.68456 16.2037 0.0081
2079.69331 16.1963 0.0085
2079.70202 16.2017 0.0084
2079.71077 16.2092 0.0084
2079.73364 16.2006 0.0083
2079.74242 16.2105 0.0085
2079.75116 16.1987 0.0086
2079.75986 16.2079 0.0082
2079.76862 16.2180 0.0083
2079.78392 16.2006 0.0082
2079.79604 16.1933 0.0086
2079.80478 16.1950 0.0087
2079.81356 16.2142 0.0096
2080.55559 16.1908 0.0073
2080.57005 16.2036 0.0076
2080.57875 16.1985 0.0075
2080.58749 16.1966 0.0073
2080.59620 16.1974 0.0075
2080.60494 16.1943 0.0075
2080.61368 16.1905 0.0080
2080.62838 16.2045 0.0078
2080.63716 16.1996 0.0077
2080.64591 16.2017 0.0078
2080.65470 16.2083 0.0079
2080.66342 16.2056 0.0078
2080.67809 16.1994 0.0076
2080.69972 16.2027 0.0084
2080.70845 16.2076 0.0082
2080.71720 16.1914 0.0080
2080.75097 16.1976 0.0075
2080.76345 16.2030 0.0077
2080.77774 16.1929 0.0077
2080.80314 16.2041 0.0081
2080.81348 16.2053 0.0084
2080.82227 16.2008 0.0091
2080.83101 16.2065 0.0090
2080.83969 16.2152 0.0093
2080.84846 16.2114 0.0101
2080.85724 16.1872 0.0111
2081.56920 16.1877 0.0078
2081.57910 16.1947 0.0078
2081.58783 16.1942 0.0080
2081.59848 16.2072 0.0079
2081.61801 16.1981 0.0082
2081.66077 16.1981 0.0081
2081.70219 16.1926 0.0081
2081.71103 16.1985 0.0082
2081.71987 16.2004 0.0085
2081.72859 16.1910 0.0082
2081.73731 16.2098 0.0084
2081.74607 16.1978 0.0081
2081.75688 16.2082 0.0083
2081.76567 16.1986 0.0083
2081.77442 16.2126 0.0083
2081.78318 16.2002 0.0087
2081.80125 16.1868 0.0085
2081.80999 16.2094 0.0079
2081.81875 16.1773 0.0081
2081.83077 16.1921 0.0085
2081.83952 16.2061 0.0081
2081.86475 16.2019 0.0076
2081.86834 16.2080 0.0075
2081.87962 16.1956 0.0091
2082.64280 16.1931 0.0086
2082.68513 16.1996 0.0081
2082.69589 16.2126 0.0082
2082.70523 16.1988 0.0081
2082.71402 16.1908 0.0082
2082.72649 16.2071 0.0084
2082.73821 16.2107 0.0084
2082.74694 16.2104 0.0083
2082.75566 16.1977 0.0081
2082.76677 16.2019 0.0079
2082.78348 16.1989 0.0080
2082.79222 16.1936 0.0078
2082.80097 16.2005 0.0080
2082.80971 16.2060 0.0081
2082.81847 16.2080 0.0079
2082.82723 16.2069 0.0079
2082.83972 16.1940 0.0081
2082.84849 16.1879 0.0083
2082.85727 16.2044 0.0084
2082.86602 16.2030 0.0086
2082.87479 16.1958 0.0089
2082.88358 16.2173 0.0092
2082.89623 16.1805 0.0093
2085.63080 16.2002 0.0097
2085.63939 16.1966 0.0095
2085.64798 16.1999 0.0094
2085.65662 16.1895 0.0093
2085.66521 16.2145 0.0094
2085.67382 16.2052 0.0090
2085.68505 16.2212 0.0100
2085.69361 16.2095 0.0096
2085.70221 16.2000 0.0101
2085.71082 16.2148 0.0101
2085.71953 16.2064 0.0100
2085.72816 16.1969 0.0099
2085.73794 16.2117 0.0093
2085.74656 16.1964 0.0095
2085.75876 16.2088 0.0097
2085.77536 16.1977 0.0093
2085.78478 16.2314 0.0109
2085.79494 16.2038 0.0094
2085.80353 16.1960 0.0101
2085.82598 16.2093 0.0097
2085.83456 16.1981 0.0089
2085.84315 16.2061 0.0100
2085.85175 16.2143 0.0114
2085.86037 16.2211 0.0119
2086.55481 16.1971 0.0084
2086.56343 16.1961 0.0079
2086.57202 16.1926 0.0078
2086.59175 16.2057 0.0080
2086.60037 16.2118 0.0080
2086.60899 16.2061 0.0078
2086.62829 16.1947 0.0076
2086.63691 16.1903 0.0075
2086.64548 16.2036 0.0077
2086.65410 16.2012 0.0080
2086.66270 16.2119 0.0081
2086.67132 16.1889 0.0076
2086.68306 16.1904 0.0072
2086.69161 16.1960 0.0077
2086.70018 16.2071 0.0077
2086.70878 16.2004 0.0080
2086.71745 16.2143 0.0088
2086.73088 16.2049 0.0087
2086.73953 16.2092 0.0084
2086.74814 16.2161 0.0082
2086.75675 16.1981 0.0082
2086.76535 16.1936 0.0083
2086.77865 16.1961 0.0081
2086.78727 16.1824 0.0083
2086.79592 16.2123 0.0087
2086.80830 16.2110 0.0088
2086.81687 16.2165 0.0090
2086.82549 16.1989 0.0089
2086.83795 16.1994 0.0092
2086.84658 16.1722 0.0095
2086.85519 16.2133 0.0111
2086.86379 16.1975 0.0106
2087.56046 16.1922 0.0074
2087.60209 16.1864 0.0070
2087.61082 16.2040 0.0070
2087.61954 16.2026 0.0071
2087.62827 16.1839 0.0069
2087.63703 16.1914 0.0074
2087.64578 16.1941 0.0068
2087.65476 16.1866 0.0073
2087.66352 16.1967 0.0073
2087.67559 16.2037 0.0078
2087.68432 16.1963 0.0076
2087.69371 16.1957 0.0076
2087.71116 16.1870 0.0076
2087.71993 16.1941 0.0073
2087.72870 16.1962 0.0073
2087.73750 16.1915 0.0073
2087.74628 16.1979 0.0075
2087.75502 16.2038 0.0068
2087.76551 16.1984 0.0067
2087.77426 16.2001 0.0067
2087.78301 16.1995 0.0063
2087.79175 16.1787 0.0067
2087.80049 16.1965 0.0068
2087.80924 16.2034 0.0070
2087.81847 16.1922 0.0069
2087.82720 16.1760 0.0075
2087.83596 16.1892 0.0083
2087.84471 16.1866 0.0081
2087.85346 16.1868 0.0077
2087.86218 16.2107 0.0076
2088.55786 16.2219 0.0092
2088.56977 16.2063 0.0088
2088.57851 16.2146 0.0088
2088.58730 16.2094 0.0085
2088.59609 16.2085 0.0084
2088.60499 16.2121 0.0089
2088.61378 16.1930 0.0083
2088.62254 16.1879 0.0082
2088.63134 16.2139 0.0085
2088.64161 16.1999 0.0081
2088.65041 16.1955 0.0082
2088.65917 16.1974 0.0080
2088.66797 16.1910 0.0080
2088.67912 16.1958 0.0080
2088.68842 16.2013 0.0079
2088.69713 16.1935 0.0081
2088.70588 16.1954 0.0080
2088.71463 16.2075 0.0085
2088.72469 16.2107 0.0085
2088.73859 16.1923 0.0080
2088.74735 16.1905 0.0080
2088.75608 16.1980 0.0082
2088.76481 16.2023 0.0091
2088.77668 16.1885 0.0081
2088.78548 16.2071 0.0083
2088.79423 16.2038 0.0090
2088.80301 16.2153 0.0100
2088.81180 16.2178 0.0092
2088.82055 16.2115 0.0095
2088.82971 16.2041 0.0087
2088.83843 16.1768 0.0096
2088.84722 16.1954 0.0105
2089.61034 16.2215 0.0092
2089.61908 16.1968 0.0083
2089.62781 16.1947 0.0080
2089.63654 16.1840 0.0086
2089.64530 16.2005 0.0081
2089.65445 16.1962 0.0079
2090.64245 16.2160 0.0095
2090.65125 16.2094 0.0087
2090.66119 16.1942 0.0079
2090.66997 16.1888 0.0085
2090.67890 16.1948 0.0089
2090.70715 16.2092 0.0097
2090.71589 16.2131 0.0098
2090.72461 16.1995 0.0093
2090.73332 16.2121 0.0097
2090.74206 16.1966 0.0089
2090.75084 16.2210 0.0110
2090.76041 16.1937 0.0082
2090.76914 16.2067 0.0085
2090.77788 16.2140 0.0085
2090.78664 16.2037 0.0082
2090.79543 16.1850 0.0077
2090.80420 16.2075 0.0082
2090.81627 16.2023 0.0092
2090.82501 16.1931 0.0111
2090.83936 16.1961 0.0105
2091.58676 16.1960 0.0085
2091.59555 16.1964 0.0078
2091.60431 16.2077 0.0080
2091.61502 16.1938 0.0077
2091.63115 16.1930 0.0077
2091.65270 16.1955 0.0077
2091.66227 16.1896 0.0078
2091.67098 16.1906 0.0077
2091.68033 16.1974 0.0081
2091.68916 16.2045 0.0080
2091.69790 16.2017 0.0082
2091.70666 16.1830 0.0079
2091.71565 16.2043 0.0081
2091.72437 16.1817 0.0078
2091.73309 16.1999 0.0080
2091.74185 16.1986 0.0078
2091.75063 16.1937 0.0076
2091.76173 16.1975 0.0082
2091.77465 16.1842 0.0078
2091.78342 16.1798 0.0079
2091.79215 16.2115 0.0077
2091.80094 16.1946 0.0079
2091.80969 16.1906 0.0080
2091.81846 16.2064 0.0085
2091.82741 16.1989 0.0081
2091.83661 16.2056 0.0085
2091.84537 16.2096 0.0085
2091.85414 16.2021 0.0088
2091.86285 16.1883 0.0089
2091.87157 16.2036 0.0092
2092.64416 16.1871 0.0080
2092.65296 16.2072 0.0080
2092.66173 16.1813 0.0080
2092.67328 16.1916 0.0085
2092.68206 16.2048 0.0085
2092.69081 16.2100 0.0081
2092.69959 16.2041 0.0083
2092.70837 16.2082 0.0081
2092.71714 16.2015 0.0085
2092.73240 16.2032 0.0078
2092.74117 16.2021 0.0085
2092.75175 16.1965 0.0083
2092.76047 16.2068 0.0087
2092.76922 16.1831 0.0089
2092.77798 16.2147 0.0095
2092.78672 16.2077 0.0098
2092.79724 16.1940 0.0090
2092.80598 16.2040 0.0100
2092.81470 16.2099 0.0097
2092.82988 16.1971 0.0111
2101.55169 16.2053 0.0088
2101.56043 16.1980 0.0082
2101.56917 16.2003 0.0081
2101.57793 16.1916 0.0082
2101.58661 16.2133 0.0084
2101.59541 16.2017 0.0087
2101.60995 16.2016 0.0089
2101.61873 16.2083 0.0083
2101.62751 16.1982 0.0078
2101.63626 16.2039 0.0081
2101.64495 16.2044 0.0082
2101.65437 16.1953 0.0080
2101.66334 16.2020 0.0084
2101.67209 16.2030 0.0083
2101.68084 16.1987 0.0084
2101.68958 16.1928 0.0088
2101.69833 16.1993 0.0086
2101.70706 16.2013 0.0088
2101.72427 16.1987 0.0087
2101.73964 16.1996 0.0088
2101.75822 16.2011 0.0097
2101.76695 16.2320 0.0094
2101.77573 16.2001 0.0085
2101.78446 16.1994 0.0092
2102.53609 16.1888 0.0074
2102.54486 16.1908 0.0074
2102.55544 16.1992 0.0077
2102.56419 16.2092 0.0083
2102.57994 16.2108 0.0082
2102.58872 16.2122 0.0078
2102.59745 16.1946 0.0081
2102.60623 16.1947 0.0080
2102.61496 16.2106 0.0078
2102.62375 16.2117 0.0080
2102.63307 16.1985 0.0077
2102.64183 16.2030 0.0076
2102.65119 16.1856 0.0061
2103.50001 16.1941 0.0080
2103.50874 16.1955 0.0084
2103.51923 16.1894 0.0082
2103.52796 16.1985 0.0078
2103.53673 16.1976 0.0080
2103.54544 16.2082 0.0068
2103.55418 16.1964 0.0073
2103.56289 16.1912 0.0072
2103.57481 16.1916 0.0073
2103.58359 16.2063 0.0072
2103.59235 16.2092 0.0070
2103.60111 16.2064 0.0067
2103.61052 16.2013 0.0062
2103.61929 16.2007 0.0070
2103.62804 16.1952 0.0069
2103.63674 16.1905 0.0068
2103.64607 16.2087 0.0070
2103.65481 16.1910 0.0070
2103.66471 16.1970 0.0071
2103.67354 16.1922 0.0073
2103.68224 16.1897 0.0071
2103.72327 16.1943 0.0082
2103.73207 16.1923 0.0080
2103.74082 16.2040 0.0085
2103.74956 16.2069 0.0088
2103.75834 16.1976 0.0083
2103.76706 16.1841 0.0078
2103.77580 16.2088 0.0075
2103.78454 16.2053 0.0074
2103.79328 16.1927 0.0073
2105.50627 16.1994 0.0089
2105.51998 16.2010 0.0091
2105.52902 16.1994 0.0087
2105.53777 16.1980 0.0085
2105.54651 16.2002 0.0083
2105.55524 16.2052 0.0086
2105.56644 16.1925 0.0081
2105.57518 16.2008 0.0076
2105.58396 16.1966 0.0074
2105.59270 16.1998 0.0074
2105.60219 16.1989 0.0073
2105.61152 16.1950 0.0073
2105.62059 16.1812 0.0071
2105.63243 16.1870 0.0071
2105.64325 16.1859 0.0071
2105.65200 16.1887 0.0070
2105.65546 16.1880 0.0071
2105.66455 16.1921 0.0074
2105.67330 16.2045 0.0075
2105.68205 16.1932 0.0075
2105.69079 16.1934 0.0072
2105.69956 16.1905 0.0071
2105.70830 16.1924 0.0071
2105.71445 16.1865 0.0072
2105.72470 16.1993 0.0072
2105.73342 16.1918 0.0078
2105.74216 16.2076 0.0077
2105.75092 16.2011 0.0077
2105.75966 16.1966 0.0081
2105.76845 16.2061 0.0083
2105.77758 16.2066 0.0084
2105.78631 16.1978 0.0084
2105.79509 16.2152 0.0098
2105.80391 16.1888 0.0097
2106.59545 16.2083 0.0082
2106.60510 16.1970 0.0077
2106.61431 16.2027 0.0082
2106.62309 16.2002 0.0085
2106.63185 16.1983 0.0085
2106.64136 16.1880 0.0081
2106.65011 16.2062 0.0086
2106.65890 16.2054 0.0088
2106.66795 16.1955 0.0081
2106.67673 16.1904 0.0077
2106.68548 16.2059 0.0082
2106.69416 16.1916 0.0083
2106.70292 16.2078 0.0081
2106.71833 16.1900 0.0081
2106.72710 16.2002 0.0079
2106.73584 16.1928 0.0092
2106.74459 16.2056 0.0087
2106.75329 16.1963 0.0093
2106.76205 16.2058 0.0094
2111.51213 16.2009 0.0084
2111.52090 16.2095 0.0092
2111.52964 16.2221 0.0096
2111.53837 16.2035 0.0095
2111.54716 16.1975 0.0092
2111.55592 16.2107 0.0095
2111.56516 16.2205 0.0096
2111.57389 16.2025 0.0096
2111.58270 16.2009 0.0095
2111.59143 16.2022 0.0096
2111.60019 16.1805 0.0092
2111.60890 16.2076 0.0084
2111.61805 16.2250 0.0107
2111.62740 16.1926 0.0098
2111.63618 16.2034 0.0109
2111.64495 16.2234 0.0107
2111.65372 16.2035 0.0088
2111.66244 16.1944 0.0089
2111.67165 16.2153 0.0093
2111.68039 16.1082 0.0085
2111.68915 16.2077 0.0097
2111.69788 16.2221 0.0102
2111.70662 16.1956 0.0092
2111.71539 16.2110 0.0097
2111.72470 16.2126 0.0097
2111.73343 16.2435 0.0110
2111.74216 16.2129 0.0101
2111.75092 16.2414 0.0083
2112.50470 16.1984 0.0081
2112.51432 16.1938 0.0086
2112.52732 16.1973 0.0086
2112.53610 16.1960 0.0085
2112.55565 16.1904 0.0084
2112.56437 16.1910 0.0086
2112.57867 16.2042 0.0083
2112.58742 16.1953 0.0075
2112.60076 16.1991 0.0070
2112.60949 16.2018 0.0072
2112.61827 16.2046 0.0071
2112.62699 16.1971 0.0075
2112.63574 16.2017 0.0077
2112.64457 16.1978 0.0071
2112.66642 16.1973 0.0070
2112.67518 16.2029 0.0071
2112.68392 16.2043 0.0073
2112.69269 16.1912 0.0076
2112.70281 16.2039 0.0082
2112.71181 16.1874 0.0079
2112.72057 16.2060 0.0080
2112.72933 16.2061 0.0078
2112.73812 16.1964 0.0074
2112.74686 16.2099 0.0075
2112.75627 16.2033 0.0076
2113.51586 16.1989 0.0101
2113.52462 16.2104 0.0101
2113.53337 16.2125 0.0102
2113.54266 16.1961 0.0099
2113.55143 16.2117 0.0096
2113.56017 16.2050 0.0089
2113.56887 16.1985 0.0090
2113.57759 16.1912 0.0088
2113.58635 16.2021 0.0083
2113.59562 16.2013 0.0089
2113.60437 16.2142 0.0109
2113.61311 16.2035 0.0093
2113.62217 16.1971 0.0096
2113.63092 16.1916 0.0089
2113.63966 16.2002 0.0093
2113.64918 16.1940 0.0089
2113.65796 16.2077 0.0092
2113.71536 16.1941 0.0091
2113.72413 16.2100 0.0092
2113.73287 16.2067 0.0094
2113.74161 16.2044 0.0094
2113.75035 16.1946 0.0085
2113.75910 16.2008 0.0099
2113.76831 16.2101 0.0101
2113.77707 16.2013 0.0104
2114.69378 16.1885 0.0089
2114.70253 16.2094 0.0096
2114.71130 16.1998 0.0096
2114.72011 16.2075 0.0099
2114.73080 16.2102 0.0092
2114.74057 16.1990 0.0095
2114.74929 16.2002 0.0100
2114.76028 16.1960 0.0104
2114.76906 16.2079 0.0093
2114.77785 16.2183 0.0084
2114.79797 16.2422 0.0083
2115.55328 16.1950 0.0090
2115.56202 16.2104 0.0090
2115.57238 16.2101 0.0093
2115.58678 16.2069 0.0091
2115.59553 16.1988 0.0089
2115.60429 16.2035 0.0089
2115.61819 16.2147 0.0105
2115.62691 16.2024 0.0102
2115.63570 16.2018 0.0106
2115.64683 16.2046 0.0091
2115.65607 16.2017 0.0090
2115.66482 16.2106 0.0092
2115.67357 16.1953 0.0092
2115.68229 16.2078 0.0094
2115.69102 16.2000 0.0087
2115.69982 16.1945 0.0090
2115.73419 16.2156 0.0092
2115.74529 16.2117 0.0085
2116.50948 16.2056 0.0103
2116.51824 16.2141 0.0111
2116.56251 16.2035 0.0090
2116.57128 16.2087 0.0090
2116.58942 16.2000 0.0100
2116.60102 16.2052 0.0085
2116.61037 16.2106 0.0085
2116.61913 16.2011 0.0087
2116.62791 16.2097 0.0084
2116.63666 16.2026 0.0084
2116.65678 16.2027 0.0083
2116.66549 16.1883 0.0080
2116.67428 16.2118 0.0084
2116.68304 16.2071 0.0081
2116.69181 16.1854 0.0079
2116.70050 16.2203 0.0084
2116.71048 16.1911 0.0083
2116.71926 16.2061 0.0081
2116.72802 16.2091 0.0085
2116.73677 16.2019 0.0087
2116.74551 16.2047 0.0091
2116.75758 16.2091 0.0093
2116.76637 16.2071 0.0092
2117.49022 16.1865 0.0082
2117.49903 16.1980 0.0081
2117.50819 16.1969 0.0079
2117.51694 16.1991 0.0077
2117.55705 16.1932 0.0081
2117.56580 16.2099 0.0087
2117.57455 16.2081 0.0084
2117.58397 16.2025 0.0085
2117.59272 16.2065 0.0081
2117.60149 16.1961 0.0079
2117.61349 16.1853 0.0078
2117.62228 16.1862 0.0076
2117.63103 16.1975 0.0077
2117.63983 16.2049 0.0082
2117.64860 16.2110 0.0080
2117.65736 16.2061 0.0081
2117.66652 16.2076 0.0084
2117.67533 16.2010 0.0085
2117.68411 16.2046 0.0086
2117.69288 16.1964 0.0088
2117.70160 16.2016 0.0082
2117.71197 16.1933 0.0084
2117.72073 16.1977 0.0082
2117.72948 16.1985 0.0084
2117.73827 16.1899 0.0085
2117.74699 16.1902 0.0084
2117.75570 16.1957 0.0092
2118.49786 16.1828 0.0086
2118.50661 16.2057 0.0087
2118.51541 16.2023 0.0089
2118.52417 16.2358 0.0089
2118.64321 16.1944 0.0077
2118.65592 16.1937 0.0075
2118.66467 16.2107 0.0078
2118.67346 16.2053 0.0089
2118.68223 16.1922 0.0080
2118.69095 16.1955 0.0078
2118.70086 16.1984 0.0079
2118.70988 16.2015 0.0078
2118.71863 16.1911 0.0083
2118.72736 16.2009 0.0092
2118.73619 16.2169 0.0072
2125.64150 16.1890 0.0104
2128.57003 16.1941 0.0079
2131.56674 16.1866 0.0078
2134.66975 16.2099 0.0110
2138.54720 16.1959 0.0093
2143.52040 16.1848 0.0113
2155.64720 16.2081 0.0127
2156.48627 16.1869 0.0099
2158.49461 16.2047 0.0086
2158.53762 16.2116 0.0085
2162.50413 16.2003 0.0091
2168.53885 16.2011 0.0097
2173.49686 16.2292 0.0114
2180.49552 16.2480 0.0118
2184.50009 16.2255 0.0116
2194.55447 16.2045 0.0094
2321.87307 16.1984 0.0106
2324.87519 16.1907 0.0089
2341.83166 16.1961 0.0098
2350.84477 16.1915 0.0079
2358.88424 16.1894 0.0084
2370.81249 16.1896 0.0088
2381.80789 16.2034 0.0087
2384.79037 16.2040 0.0086
2388.85023 16.1800 0.0086
2391.69275 16.1950 0.0126
2400.69063 16.2034 0.0091
2402.80557 16.1970 0.0084
2404.84251 16.1812 0.0078
2410.71524 16.1676 0.0061
2414.86148 16.1896 0.0083
2415.72351 16.2110 0.0096
2416.74571 16.1910 0.0088
2417.72128 16.1825 0.0090
2424.76361 16.2004 0.0132
2426.67492 16.1848 0.0086
2431.80926 16.2132 0.0065
2433.73642 16.1882 0.0084
2434.80945 16.1942 0.0082
2436.58220 16.1998 0.0093
2438.61435 16.2056 0.0088
2440.59561 16.2052 0.0089
2442.61343 16.2024 0.0085
2444.70605 16.1974 0.0098
2446.64060 16.1956 0.0088
2448.52739 16.1912 0.0146
2453.73666 16.2010 0.0092
2458.73393 16.2037 0.0095
2462.72273 16.1914 0.0077
2463.81981 16.1891 0.0081
2466.46291 16.1946 0.0116
2466.47175 16.1943 0.0098
2466.48065 16.2090 0.0093
2466.48963 16.1889 0.0087
2466.50234 16.2006 0.0086
2466.51152 16.1996 0.0088
2466.52054 16.1961 0.0093
2466.52952 16.2030 0.0088
2466.53998 16.1899 0.0081
2466.54915 16.2053 0.0086
2466.55848 16.1868 0.0079
2466.56215 16.1893 0.0081
2466.56808 16.1932 0.0080
2466.57700 16.1882 0.0081
2466.58895 16.1907 0.0080
2466.59889 16.2027 0.0082
2466.60791 16.1889 0.0080
2466.61675 16.1962 0.0083
2466.62753 16.1963 0.0091
2466.63726 16.1936 0.0094
2466.64749 16.1977 0.0095
2466.65646 16.1859 0.0086
2466.66539 16.1937 0.0089
2466.67805 16.1835 0.0091
2466.68691 16.1779 0.0085
2466.69577 16.1961 0.0090
2466.70568 16.1843 0.0083
2466.71596 16.1951 0.0088
2466.72507 16.1857 0.0092
2466.73407 16.2010 0.0098
2466.74332 16.2058 0.0098
2466.74979 16.1885 0.0103
2466.75931 16.2096 0.0099
2466.76807 16.1888 0.0091
2466.77743 16.1995 0.0091
2466.79001 16.2082 0.0096
2466.79904 16.2182 0.0108
2466.80971 16.1953 0.0092
2466.81862 16.1967 0.0108
2466.82854 16.1991 0.0106
2466.83737 16.1971 0.0103
2466.84634 16.2078 0.0117
2468.46484 16.1953 0.0114
2470.46516 16.2085 0.0121
2472.45994 16.1905 0.0119
2472.46938 16.3194 0.0121
2472.47845 16.2289 0.0104
2472.48722 16.2724 0.0094
2472.49659 16.3771 0.0107
2472.50776 16.1872 0.0081
2472.51680 16.1601 0.0078
2472.52644 16.1842 0.0077
2472.53536 16.1784 0.0083
2472.54500 16.2094 0.0081
2472.55393 16.2070 0.0081
2472.56293 16.1609 0.0073
2472.57271 16.1737 0.0073
2472.58320 16.2007 0.0076
2472.59228 16.1621 0.0072
2472.63373 16.1679 0.0070
2472.64301 16.2061 0.0069
2472.65224 16.2222 0.0072
2472.66326 16.1510 0.0062
2472.67213 16.1984 0.0070
2472.68097 16.1923 0.0075
2472.69128 16.2042 0.0079
2472.70023 16.1855 0.0077
2472.70912 16.1950 0.0077
2472.71931 16.1890 0.0077
2472.73262 16.1944 0.0082
2472.74220 16.1912 0.0078
2472.75127 16.1766 0.0086
2472.76016 16.2073 0.0075
2472.76991 16.1959 0.0069
2472.77894 16.2417 0.0062
2472.79293 16.2042 0.0073
2472.80260 16.1984 0.0065
2472.81138 16.2024 0.0070
2472.82079 16.2136 0.0087
2474.46546 16.1648 0.0105
2482.62214 16.2059 0.0098
2485.63215 16.2047 0.0105
2489.70299 16.2081 0.0077
2492.64767 16.2012 0.0085
2494.70205 16.1911 0.0076
2497.50460 16.2068 0.0092
2499.54039 16.1906 0.0084
2501.56811 16.1910 0.0082
2503.49162 16.1690 0.0206
2511.54830 16.1995 0.0099
2521.51672 16.1930 0.0086
2526.54693 16.1933 0.0084
2537.47811 16.2013 0.0122
2540.49470 16.2039 0.0108
2546.50525 16.1949 0.0091
2550.48652 16.1862 0.0102
2554.55841 16.2053 0.0093
2558.49496 16.1936 0.0109
2565.48782 16.1973 0.0142
2693.89219 16.1839 0.0086
2698.89013 16.1948 0.0083
2711.87315 16.1824 0.0073
2721.88060 16.1934 0.0158
2730.89389 16.1921 0.0083
2743.77029 16.1965 0.0083
2748.78884 16.1898 0.0095
2755.77874 16.1896 0.0079
2758.93016 16.1883 0.0106
2765.78688 16.1865 0.0083
2769.77149 16.1942 0.0062
2782.71004 16.1974 0.0103
2784.69899 16.1985 0.0077
2786.58455 16.1950 0.0126
2788.68634 16.1873 0.0078
2790.79144 16.1876 0.0083
2792.52842 16.2008 0.0124
2794.55466 16.1895 0.0121
2796.56337 16.1911 0.0087
2802.55824 16.2009 0.0125
2808.63079 16.2049 0.0090
2810.56903 16.1985 0.0091
2812.57090 16.1960 0.0090
2813.81465 16.1999 0.0088
2815.59325 16.1938 0.0084
2816.65868 16.1896 0.0084
2817.77333 16.2011 0.0092
2818.66818 16.1911 0.0088
2819.76228 16.1933 0.0091
2821.66052 16.1904 0.0088
2826.65119 16.1823 0.0084
2830.78143 16.1869 0.0104
2835.47782 16.1933 0.0116
2837.49663 16.1994 0.0098
2838.72714 16.1876 0.0089
2840.49871 16.1973 0.0100
2842.53514 16.2007 0.0089
2844.61128 16.1891 0.0082
2848.54648 16.2163 0.0114
2851.53374 16.2041 0.0092
2853.53159 16.1938 0.0090
2854.75453 16.2016 0.0101
2857.71747 16.1955 0.0096
2862.49376 16.2079 0.0125
2864.50077 16.2114 0.0114
2867.65598 16.1935 0.0095
2867.69807 16.1807 0.0083
2867.71936 16.1998 0.0094
2867.72930 16.1768 0.0098
2867.73251 16.1977 0.0095
2867.73556 16.2030 0.0100
2867.73861 16.2034 0.0098
2868.51429 16.1998 0.0084
2869.56728 16.1769 0.0087
2869.58857 16.1845 0.0086
2870.65628 16.1915 0.0085
2871.47684 16.1975 0.0091
2871.51151 16.1953 0.0087
2871.52781 16.1968 0.0086
2871.54698 16.1946 0.0082
2871.55026 16.1916 0.0083
2871.55365 16.1866 0.0082
2871.55700 16.1872 0.0084
2871.56044 16.1839 0.0085
2871.56414 16.1926 0.0085
2871.56803 16.1832 0.0083
2871.57980 16.1847 0.0079
2871.58743 16.1904 0.0082
2871.59090 16.1928 0.0081
2871.59428 16.1916 0.0081
2871.59764 16.1927 0.0080
2871.60093 16.1951 0.0079
2871.60426 16.1988 0.0081
2871.60748 16.1804 0.0080
2871.61118 16.2052 0.0081
2871.61585 16.1896 0.0081
2871.63049 16.1938 0.0082
2871.71129 16.1987 0.0085
2872.50170 16.2009 0.0090
2872.67540 16.1854 0.0077
2872.70262 16.1901 0.0082
2874.57627 16.2090 0.0079
2875.53658 16.1883 0.0082
2875.61544 16.1939 0.0100
2875.69346 16.1895 0.0102
2876.49411 16.1907 0.0087
2876.65169 16.1852 0.0085
2877.52165 16.1813 0.0095
2877.65100 16.1960 0.0088
2878.49816 16.1923 0.0083
2878.56930 16.1878 0.0080
2879.55333 16.2043 0.0086
2880.70010 16.1923 0.0096
2881.65634 16.1988 0.0069
2882.50044 16.2149 0.0089
2883.58619 16.1945 0.0083
2884.47633 16.1917 0.0105
2892.51419 16.1939 0.0110
2896.58101 16.1843 0.0083
2899.60441 16.2161 0.0072
2905.54431 16.1972 0.0113
2909.51514 16.2034 0.0100
2912.53773 16.1892 0.0089
2921.59831 16.2121 0.0120
2926.56551 16.1985 0.0092
3040.88363 16.1620 0.0122
3044.85820 16.2047 0.0105
3046.86814 16.1890 0.0095
3047.85686 16.1811 0.0082
3055.87452 16.2079 0.0086
3058.89269 16.1955 0.0081
3064.81324 16.1897 0.0098
3067.88666 16.1729 0.0076
3070.84819 16.1843 0.0091
3070.89257 16.1896 0.0081
3071.87693 16.1821 0.0082
3073.80367 16.1744 0.0089
3075.84225 16.2068 0.0084
3079.88686 16.1776 0.0089
3082.86016 16.1873 0.0082
3084.89946 16.1963 0.0070
3086.83181 16.1896 0.0072
3088.78930 16.1775 0.0070
3089.89856 16.1939 0.0078
3091.81875 16.1895 0.0075
3096.85686 16.1919 0.0087
3098.83736 16.1889 0.0073
3100.79783 16.1865 0.0076
3101.90434 16.1833 0.0084
3103.76910 16.1846 0.0078
3104.88363 16.1830 0.0172
3108.76167 16.1884 0.0074
3109.79661 16.1968 0.0076
3110.82828 16.1895 0.0076
3112.77709 16.1770 0.0072
3113.86686 16.1858 0.0076
3114.77838 16.1892 0.0075
3115.86120 16.1842 0.0076
3116.91732 16.1895 0.0082
3122.90439 16.1967 0.0091
3125.86465 16.1875 0.0092
3126.89027 16.1790 0.0079
3127.79578 16.1785 0.0083
3128.81415 16.1876 0.0078
3130.69216 16.1934 0.0092
3137.93253 16.1970 0.0081
3138.69522 16.1969 0.0090
3139.86654 16.1790 0.0076
3140.87225 16.1918 0.0082
3140.90258 16.1915 0.0083
3142.76055 16.1959 0.0076
3144.78149 16.1963 0.0083
3146.78130 16.1906 0.0085
3151.74408 16.1945 0.0090
3151.89676 16.1868 0.0086
3152.74737 16.1827 0.0085
3153.75212 16.1987 0.0094
3154.81363 16.1881 0.0093
3156.83333 16.1851 0.0083
3158.90401 16.2081 0.0119
3162.80832 16.1874 0.0084
3163.62123 16.1873 0.0077
3163.64006 16.1808 0.0075
3164.72995 16.1878 0.0081
3165.75076 16.1831 0.0071
3166.89589 16.1870 0.0106
3167.74876 16.1877 0.0095
3168.74394 16.1836 0.0077
3169.71984 16.1720 0.0081
3170.79736 16.1852 0.0073
3171.82006 16.1719 0.0067
3172.74707 16.1920 0.0070
3174.70336 16.1892 0.0071
3175.71330 16.1835 0.0074
3177.75044 16.1946 0.0104
3178.77701 16.1950 0.0070
3179.78676 16.1890 0.0080
3180.71510 16.1939 0.0073
3182.76659 16.1975 0.0082
3183.73524 16.1879 0.0083
3184.69303 16.1905 0.0073
3185.74569 16.1712 0.0081
3185.76592 16.1834 0.0086
3185.79186 16.1813 0.0082
3185.82991 16.2023 0.0080
3185.85790 16.1877 0.0085
3185.87937 16.2145 0.0094
3190.63676 16.1913 0.0090
3191.77823 16.1986 0.0091
3193.53123 16.1868 0.0081
3194.58989 16.1827 0.0090
3195.63717 16.1831 0.0072
3195.79485 16.1815 0.0074
3196.54027 16.2031 0.0088
3196.55746 16.1810 0.0089
3197.50783 16.1890 0.0076
3199.61760 16.1919 0.0083
3201.50944 16.2004 0.0069
3202.47390 16.1862 0.0095
3202.52602 16.1907 0.0074
3202.56388 16.1921 0.0076
3202.63017 16.1857 0.0080
3202.75567 16.1868 0.0083
3202.79234 16.2040 0.0083
3202.82853 16.1942 0.0106
3203.46962 16.1953 0.0091
3203.65337 16.1894 0.0080
3204.64660 16.1930 0.0074
3205.75522 16.1792 0.0077
3206.71223 16.1927 0.0080
3207.66076 16.2000 0.0090
3209.70588 16.2128 0.0064
3210.53961 16.2039 0.0087
3211.57807 16.1909 0.0082
3217.47623 16.1780 0.0084
3218.64498 16.1921 0.0089
3219.59333 16.2113 0.0114
3223.64623 16.2169 0.0111
3224.69175 16.1869 0.0076
3226.60906 16.2310 0.0103
3228.59549 16.1860 0.0085
3229.62796 16.1833 0.0079
3230.66155 16.1830 0.0076
3231.56488 16.1946 0.0086
3238.61386 16.1861 0.0084
3239.69262 16.1838 0.0091
3240.67375 16.2007 0.0103
3245.54852 16.1749 0.0077
3246.65224 16.1991 0.0093
3247.61839 16.1761 0.0089
3249.52031 16.1923 0.0089
3250.65307 16.2212 0.0091
3251.49826 16.1980 0.0092
3251.59855 16.1853 0.0075
3251.64976 16.2035 0.0086
3253.51737 16.2090 0.0089
3256.63014 16.1822 0.0093
3259.61960 16.1882 0.0092
3264.52709 16.1890 0.0083
3267.52620 16.1832 0.0088
3272.58162 16.1976 0.0089
3275.56458 16.1813 0.0100
3278.59349 16.1921 0.0088
3281.60025 16.2270 0.0062
3288.54008 16.1729 0.0062
3293.51065 16.1903 0.0067
3295.52085 16.1946 0.0059
3299.52446 16.2080 0.0052
3305.54167 16.2097 0.0092
3306.54123 16.2118 0.0133
3307.54072 16.1819 0.0128
3309.51660 16.1749 0.0096
3310.52622 16.1810 0.0098
3314.51011 16.1669 0.0123
3408.88462 16.1935 0.0086
3410.88473 16.1744 0.0089
3413.88556 16.2035 0.0085
3421.89178 16.1883 0.0065
3422.86168 16.1958 0.0081
3426.85731 16.1860 0.0078
3429.83041 16.1953 0.0095
3432.88273 16.1853 0.0082
3442.88513 16.1922 0.0072
3445.79797 16.1769 0.0066
3447.84859 16.1866 0.0077
3449.86122 16.2003 0.0077
3452.88183 16.1858 0.0067
3455.81607 16.1875 0.0082
3457.84953 16.1923 0.0072
3459.84475 16.1845 0.0071
3469.78051 16.1742 0.0067
3470.79348 16.2041 0.0071
3472.75591 16.1869 0.0073
3473.77571 16.1888 0.0077
3474.77237 16.2005 0.0082
3475.79793 16.1879 0.0070
3477.75977 16.1778 0.0071
3479.75860 16.1834 0.0060
3480.71874 16.1925 0.0068
3481.73667 16.1983 0.0075
3482.67900 16.1931 0.0082
3496.71626 16.1937 0.0073
3497.78781 16.2020 0.0088
3498.91109 16.1862 0.0081
3499.85893 16.1910 0.0067
3500.72514 16.1764 0.0072
3501.82158 16.1916 0.0057
3502.71742 16.1898 0.0066
3503.68661 16.1906 0.0065
3504.70133 16.2136 0.0077
3506.74514 16.1968 0.0074
3508.74935 16.1938 0.0078
3509.72782 16.1766 0.0070
3510.79760 16.1834 0.0072
3511.83673 16.1876 0.0071
3512.70641 16.1826 0.0080
3517.68222 16.1793 0.0094
3520.75750 16.1889 0.0081
3521.71471 16.1915 0.0065
3522.74274 16.1651 0.0062
3522.93395 16.2072 0.0080
3523.74723 16.1847 0.0062
3524.89241 16.1780 0.0083
3525.74562 16.1880 0.0068
3526.74905 16.1966 0.0075
3528.66990 16.1867 0.0069
3529.69227 16.1795 0.0045
3530.60734 16.1802 0.0065
3537.73817 16.2039 0.0060
3538.55386 16.1734 0.0082
3538.60102 16.1879 0.0078
3538.63175 16.2014 0.0072
3538.68725 16.1818 0.0066
3538.73637 16.1857 0.0067
3538.78384 16.1856 0.0068
3538.81495 16.1855 0.0070
3538.84381 16.1900 0.0072
3538.87524 16.1750 0.0083
3538.90769 16.1730 0.0093
3539.51083 16.1920 0.0105
3539.53042 16.1765 0.0105
3539.56304 16.1910 0.0082
3539.59305 16.1904 0.0080
3539.61593 16.2060 0.0086
3539.68199 16.1707 0.0074
3539.73745 16.1868 0.0067
3539.80860 16.2067 0.0060
3540.51620 16.2060 0.0104
3540.61626 16.1895 0.0079
3540.73621 16.1983 0.0087
3540.83437 16.1903 0.0088
3541.63152 16.1976 0.0081
3541.78057 16.1781 0.0074
3542.56565 16.1943 0.0088
3542.83831 16.1748 0.0131
3544.61196 16.1889 0.0096
3544.72499 16.1952 0.0080
3546.84410 16.1969 0.0111
3547.80836 16.1860 0.0094
3549.84020 16.1989 0.0078
3550.63202 16.1817 0.0074
3551.63161 16.1795 0.0057
3552.66733 16.1730 0.0067
3553.71738 16.1881 0.0085
3554.65271 16.1915 0.0083
3555.66479 16.1933 0.0075
3556.67254 16.1856 0.0073
3558.52735 16.2051 0.0081
3558.82609 16.2008 0.0081
3559.69603 16.1895 0.0074
3560.59735 16.1744 0.0069
3561.54511 16.1752 0.0072
3562.58579 16.1920 0.0087
3563.63648 16.1849 0.0065
3564.57425 16.2095 0.0085
3569.55961 16.1816 0.0093
3572.81507 16.1972 0.0113
3573.64605 16.1875 0.0085
3574.68595 16.1769 0.0073
3575.53344 16.1798 0.0068
3575.77005 16.1931 0.0076
3576.68735 16.1940 0.0086
3577.58745 16.1960 0.0084
3578.67206 16.1983 0.0071
3579.61750 16.1823 0.0069
3580.65072 16.1913 0.0074
3581.67061 16.1715 0.0065
3582.64244 16.1964 0.0073
3583.63288 16.1873 0.0069
3583.75281 16.2015 0.0079
3584.64156 16.1812 0.0065
3584.75615 16.1998 0.0080
3585.63187 16.1914 0.0067
3585.77460 16.1748 0.0072
3586.46947 16.1889 0.0082
3586.56846 16.1684 0.0063
3586.67493 16.1958 0.0065
3586.71697 16.1765 0.0063
3587.59338 16.2092 0.0097
3587.64873 16.1964 0.0085
3587.71438 16.2130 0.0085
3588.55798 16.1712 0.0060
3589.49306 16.1861 0.0068
3589.54506 16.1867 0.0066
3589.67054 16.1792 0.0064
3589.69740 16.1872 0.0068
3590.65448 16.1829 0.0067
3591.49752 16.1728 0.0071
3591.54072 16.1792 0.0064
3591.64564 16.1766 0.0065
3591.67802 16.1824 0.0064
3591.75825 16.1735 0.0070
3592.75423 16.1843 0.0075
3593.74495 16.2088 0.0079
3594.70716 16.2065 0.0086
3601.65572 16.1809 0.0073
3601.72213 16.2027 0.0082
3602.61631 16.1636 0.0073
3603.63634 16.1870 0.0079
3607.63470 16.1867 0.0073
3608.65006 16.1790 0.0078
3609.63060 16.1759 0.0072
3615.57781 16.1949 0.0075
3618.57944 16.1746 0.0078
3620.54264 16.1844 0.0066
3622.52050 16.1990 0.0081
3628.59671 16.2038 0.0092
3630.53603 16.1611 0.0095
3632.58615 16.1713 0.0083
3634.48675 16.1950 0.0087
3639.54561 16.1905 0.0066
3641.54407 16.1915 0.0089
3644.50440 16.2046 0.0087
3648.53623 16.1901 0.0085
3650.57858 16.2147 0.0065
3654.54028 16.1691 0.0096
3656.52150 16.1902 0.0083
3658.55330 16.1736 0.0104
3660.52593 16.2070 0.0096
3664.50273 16.1957 0.0080
3675.50804 16.1641 0.0101
3675.52524 16.1688 0.0090
3676.49774 16.1935 0.0115
3776.86666 16.1748 0.0083
3782.85138 16.1806 0.0086
3784.87670 16.1852 0.0071
3786.89626 16.1828 0.0091
3788.84686 16.1952 0.0087
3790.88929 16.1785 0.0077
3793.85656 16.1804 0.0069
3795.84399 16.1755 0.0078
3798.80720 16.1907 0.0078
3799.83136 16.1829 0.0083
3800.82630 16.1754 0.0091
3801.88578 16.1802 0.0078
3802.85137 16.1805 0.0074
3803.88664 16.1792 0.0071
3805.80308 16.1837 0.0076
3806.76939 16.1876 0.0081
3807.78847 16.1871 0.0092
3808.79614 16.1951 0.0079
3809.88126 16.1732 0.0074
3810.84788 16.1703 0.0071
3811.83947 16.1752 0.0076
3812.83558 16.1785 0.0084
3813.82552 16.1821 0.0070
3814.82739 16.1769 0.0074
3817.85892 16.1895 0.0074
3818.88802 16.1764 0.0069
3819.80573 16.1683 0.0063
3820.77237 16.1843 0.0069
3821.77549 16.1899 0.0072
3822.81491 16.1773 0.0074
3822.86280 16.1781 0.0070
3822.88373 16.1641 0.0068
3822.91798 16.1742 0.0075
3823.74126 16.1764 0.0079
3823.79522 16.1884 0.0071
3823.83900 16.1815 0.0065
3823.88712 16.1811 0.0069
3823.92038 16.1840 0.0080
3824.74127 16.1923 0.0083
3824.82034 16.1685 0.0092
3824.86053 16.1966 0.0079
3824.89538 16.1925 0.0081
3825.80613 16.1893 0.0083
3825.84993 16.1767 0.0074
3825.88261 16.1925 0.0079
3825.91910 16.1940 0.0086
3826.73466 16.2186 0.0073
3826.77342 16.1846 0.0073
3826.82792 16.1706 0.0075
3826.90004 16.1771 0.0075
3827.76609 16.1949 0.0076
3827.80246 16.1761 0.0068
3827.85050 16.1791 0.0066
3827.92210 16.1787 0.0071
3828.75189 16.1839 0.0091
3828.79947 16.1853 0.0087
3828.86375 16.1834 0.0074
3828.91913 16.1832 0.0079
3829.73331 16.2009 0.0076
3829.77952 16.1863 0.0079
3829.84867 16.1797 0.0071
3829.89464 16.1610 0.0066
3829.92346 16.1788 0.0076
3830.69453 16.1886 0.0084
3830.70868 16.1912 0.0077
3830.73142 16.1786 0.0071
3830.74754 16.1814 0.0069
3830.76319 16.1866 0.0070
3830.77736 16.1761 0.0068
3830.79213 16.1803 0.0073
3830.80630 16.1848 0.0071
3830.82027 16.1816 0.0068
3830.83216 16.1753 0.0072
3830.84383 16.1747 0.0066
3830.85761 16.1799 0.0072
3830.86987 16.1799 0.0069
3830.88120 16.1754 0.0070
3830.89251 16.1699 0.0065
3830.90230 16.1802 0.0069
3830.91349 16.1759 0.0069
3830.92325 16.1848 0.0075
3830.92650 16.1810 0.0084
3831.69282 16.1794 0.0075
3831.70232 16.1606 0.0071
3831.71506 16.1942 0.0069
3831.72433 16.1737 0.0065
3831.72722 16.1951 0.0067
3831.73049 16.1925 0.0066
3831.73328 16.1668 0.0067
3831.73606 16.1898 0.0067
3831.73915 16.1796 0.0065
3831.74194 16.1883 0.0065
3831.74473 16.1808 0.0066
3831.74789 16.1604 0.0065
3831.75069 16.1758 0.0067
3831.75349 16.1761 0.0068
3831.75671 16.1769 0.0065
3831.75945 16.1692 0.0065
3831.76225 16.1662 0.0065
3831.76573 16.1869 0.0064
3831.76901 16.1516 0.0062
3831.77236 16.1578 0.0062
3831.77516 16.1796 0.0065
3831.77794 16.1664 0.0063
3831.78134 16.4502 0.0072
3831.78451 16.1564 0.0063
3831.78811 16.1702 0.0063
3831.79135 16.1842 0.0066
3831.79413 16.1769 0.0065
3831.79693 16.1757 0.0065
3831.80037 16.1868 0.0067
3831.80352 16.1638 0.0065
3831.80663 16.1843 0.0067
3831.80942 16.1697 0.0065
3831.81220 16.1810 0.0066
3831.81540 16.1762 0.0070
3831.81820 16.1904 0.0072
3831.82100 16.1547 0.0067
3831.82421 16.1783 0.0068
3831.82701 16.1703 0.0071
3831.82981 16.1765 0.0071
3831.83338 16.1740 0.0070
3831.83682 16.1706 0.0068
3831.83960 16.1791 0.0068
3831.84239 16.1757 0.0070
3831.84590 16.1734 0.0069
3831.84895 16.2068 0.0071
3831.85173 16.1810 0.0073
3831.85453 16.1823 0.0070
3831.85733 16.1788 0.0070
3831.86047 16.1793 0.0073
3831.86326 16.1799 0.0072
3831.86606 16.1720 0.0073
3831.87571 16.1756 0.0069
3831.88127 16.1779 0.0070
3831.88685 16.1795 0.0069
3831.89242 16.1810 0.0071
3831.90378 16.1551 0.0067
3831.91135 16.1736 0.0067
3831.91778 16.1794 0.0067
3831.92417 16.1703 0.0072
3831.92728 16.1727 0.0078
3831.93025 16.1826 0.0104
3832.69746 16.1859 0.0089
3832.70964 16.1925 0.0082
3832.73347 16.1880 0.0073
3832.77960 16.1890 0.0071
3832.82546 16.1743 0.0071
3832.86883 16.1943 0.0072
3832.91484 16.1871 0.0078
3833.69203 16.1755 0.0083
3833.71386 16.1817 0.0071
3833.73818 16.1789 0.0068
3833.78086 16.1824 0.0066
3833.82362 16.1760 0.0064
3833.84562 16.1755 0.0066
3833.87403 16.1561 0.0068
3833.90449 16.1847 0.0073
3833.92084 16.1781 0.0074
3834.69807 16.1895 0.0087
3834.71733 16.2031 0.0085
3834.74118 16.1841 0.0078
3834.79019 16.1735 0.0067
3834.87001 16.1829 0.0070
3834.91248 16.1874 0.0080
3835.70754 16.1954 0.0079
3835.77773 16.1808 0.0072
3835.85155 16.1867 0.0065
3835.88133 16.1981 0.0065
3835.92110 16.1964 0.0072
3836.70365 16.1898 0.0103
3836.76522 16.2020 0.0084
3836.80968 16.1810 0.0075
3836.84025 16.1771 0.0071
3836.89700 16.1935 0.0071
3837.70232 16.1954 0.0102
3837.73259 16.1868 0.0081
3837.90433 16.1763 0.0068
3838.74437 16.1912 0.0095
3838.91167 16.1875 0.0094
3839.74014 16.1852 0.0102
3839.81869 16.1895 0.0079
3839.86286 16.1704 0.0094
3839.92328 16.1739 0.0080
3840.70612 16.1686 0.0088
3840.78725 16.1804 0.0074
3840.91107 16.1750 0.0077
3841.74464 16.1746 0.0079
3841.83337 16.1708 0.0075
3841.89524 16.1877 0.0077
3842.84722 16.1816 0.0074
3845.72015 16.2090 0.0123
3845.90886 16.1919 0.0100
3846.73085 16.1851 0.0069
3846.91520 16.1817 0.0073
3847.79698 16.1774 0.0091
3848.75195 16.2016 0.0085
3849.75102 16.1852 0.0072
3849.92157 16.1839 0.0074
3850.69508 16.1955 0.0071
3850.86679 16.1806 0.0072
3851.71023 16.1914 0.0081
3851.87509 16.1860 0.0078
3851.92125 16.1952 0.0081
3852.69879 16.1973 0.0092
3852.87008 16.1809 0.0076
3853.68722 16.1895 0.0068
3853.85556 16.1839 0.0067
3853.92630 16.1827 0.0066
3856.67728 16.1998 0.0072
3856.84401 16.1672 0.0069
3857.91495 16.1727 0.0071
3858.76365 16.1757 0.0063
3859.80186 16.1947 0.0070
3860.67032 16.1811 0.0084
3860.91020 16.1829 0.0080
3861.66778 16.1857 0.0079
3861.77301 16.1793 0.0069
3861.93627 16.1813 0.0081
3862.70115 16.1813 0.0071
3862.86513 16.1864 0.0070
3863.63658 16.1841 0.0081
3863.85422 16.1814 0.0066
3863.93351 16.1773 0.0075
3864.67711 16.1843 0.0080
3864.86713 16.1638 0.0067
3865.68793 16.1719 0.0076
3865.82339 16.1904 0.0071
3865.90139 16.1760 0.0071
3866.68633 16.1756 0.0072
3866.82582 16.1778 0.0072
3866.90472 16.1665 0.0068
3867.62923 16.1784 0.0095
3867.81489 16.1703 0.0079
3867.88795 16.1888 0.0073
3868.71231 16.1822 0.0086
3868.86399 16.1554 0.0089
3869.69210 16.1820 0.0075
3869.87310 16.1772 0.0086
3872.88947 16.1749 0.0075
3873.64441 16.1897 0.0075
3873.78712 16.1817 0.0072
3873.85985 16.1857 0.0078
3873.92942 16.1879 0.0081
3874.74408 16.1864 0.0081
3875.65777 16.1841 0.0063
3875.80525 16.1858 0.0066
3875.90419 16.1854 0.0070
3876.63502 16.1786 0.0067
3877.63314 16.1956 0.0068
3877.78382 16.1871 0.0066
3877.85836 16.1801 0.0070
3879.66460 16.1759 0.0053
3880.83400 16.1925 0.0080
3880.91278 16.1808 0.0075
3881.66319 16.1889 0.0069
3881.87469 16.1800 0.0068
3881.92144 16.1726 0.0069
3882.75148 16.1705 0.0072
3882.82572 16.1818 0.0074
3882.89458 16.1884 0.0069
3883.64089 16.1847 0.0081
3883.83854 16.1803 0.0068
3886.60296 16.1842 0.0076
3886.79572 16.1777 0.0070
3886.86759 16.1839 0.0081
3887.57628 16.1705 0.0077
3887.77883 16.1962 0.0068
3887.87851 16.1813 0.0071
3888.59233 16.2007 0.0060
3889.65877 16.1986 0.0072
3889.93701 16.1816 0.0076
3890.63801 16.1790 0.0069
3891.66836 16.1923 0.0071
3891.79664 16.1878 0.0080
3891.87862 16.1877 0.0076
3892.56996 16.1997 0.0084
3892.93307 16.1888 0.0092
3893.61937 16.1814 0.0079
3893.86123 16.1895 0.0088
3894.67263 16.1985 0.0088
3896.61021 16.1900 0.0097
3900.53154 16.1782 0.0103
3900.71721 16.1762 0.0101
3900.79651 16.1655 0.0076
3900.86518 16.1821 0.0077
3901.54164 16.2037 0.0078
3901.72296 16.1744 0.0077
3901.80026 16.1686 0.0084
3901.86919 16.2012 0.0078
3902.56432 16.1813 0.0067
3902.74384 16.1899 0.0071
3902.86280 16.1901 0.0085
3903.65200 16.1849 0.0076
3903.89770 16.1966 0.0088
3904.55258 16.1805 0.0068
3904.71569 16.1831 0.0069
3904.78472 16.1785 0.0070
3904.88687 16.1937 0.0077
3905.54940 16.1845 0.0071
3905.72600 16.1716 0.0065
3905.79609 16.1841 0.0064
3905.86464 16.1654 0.0069
3906.56391 16.1879 0.0081
3906.70373 16.1723 0.0072
3906.77686 16.1913 0.0073
3906.85606 16.1747 0.0075
3907.59466 16.1811 0.0077
3907.77690 16.1843 0.0091
3907.86146 16.1909 0.0100
3908.53081 16.1884 0.0079
3908.71642 16.1673 0.0075
3908.79650 16.1864 0.0071
3908.87610 16.1936 0.0077
3909.53255 16.1805 0.0082
3909.71536 16.1864 0.0063
3909.80585 16.1715 0.0068
3909.88209 16.1844 0.0079
3910.56201 16.1741 0.0078
3912.53181 16.1826 0.0062
3912.71911 16.1889 0.0062
3912.81298 16.1768 0.0066
3913.52327 16.1817 0.0065
3913.72868 16.1877 0.0072
3913.81763 16.1755 0.0065
3914.54703 16.1828 0.0081
3915.52479 16.1836 0.0078
3915.72677 16.1807 0.0071
3915.82500 16.1767 0.0069
3916.56350 16.1867 0.0087
3916.80737 16.1869 0.0079
3917.55117 16.1863 0.0069
3917.81791 16.1875 0.0085
3918.59191 16.1802 0.0063
3918.81566 16.1926 0.0086
3919.54241 16.2029 0.0078
3919.75241 16.1924 0.0060
3920.51012 16.1828 0.0075
3920.70621 16.1695 0.0076
3920.79156 16.1773 0.0069
3921.50629 16.1819 0.0078
3921.70554 16.1765 0.0100
3921.72000 16.1897 0.0099
3922.70997 16.1983 0.0091
3930.53762 16.1775 0.0065
3930.78501 16.2111 0.0094
3931.49555 16.1914 0.0090
3931.82270 16.1815 0.0088
3932.52644 16.1843 0.0074
3932.79819 16.1864 0.0083
3933.51288 16.2024 0.0072
3933.69729 16.1855 0.0060
3933.76931 16.1703 0.0071
3934.48675 16.1932 0.0076
3934.65679 16.1827 0.0066
3934.72662 16.1748 0.0065
3935.53665 16.1821 0.0074
3935.70795 16.1961 0.0089
3935.80551 16.1845 0.0080
3936.49004 16.1931 0.0086
3936.65553 16.1702 0.0071
3936.73190 16.1988 0.0080
3937.55431 16.2012 0.0099
3938.49782 16.1884 0.0087
3938.68874 16.1745 0.0065
3938.79796 16.2026 0.0086
3940.57805 16.1680 0.0062
3941.69904 16.1947 0.0091
3944.55038 16.1852 0.0072
3944.75072 16.1833 0.0060
3945.51209 16.1987 0.0080
3945.77859 16.1847 0.0078
3946.50948 16.1995 0.0080
3946.70167 16.1899 0.0075
3950.51836 16.1870 0.0071
3950.73340 16.1941 0.0076
3951.51106 16.1969 0.0080
3951.74233 16.2046 0.0102
3956.56358 16.2046 0.0097
3957.50269 16.1669 0.0090
3958.57350 16.1936 0.0076
3959.50625 16.1777 0.0078
3959.68067 16.1863 0.0074
3960.49552 16.1814 0.0071
3960.67458 16.1851 0.0065
3961.56682 16.1996 0.0085
3963.52813 16.1794 0.0074
3963.70552 16.2007 0.0083
3964.52323 16.1672 0.0068
3964.72811 16.1862 0.0076
3965.50767 16.1857 0.0067
3965.69897 16.1733 0.0067
3966.48285 16.1790 0.0080
3966.68461 16.1901 0.0077
3967.51722 16.1980 0.0091
3967.71002 16.1838 0.0074
3968.49534 16.1855 0.0084
3968.57205 16.1972 0.0078
3968.66525 16.1952 0.0077
3969.47697 16.1868 0.0083
3969.67764 16.1990 0.0087
3970.50608 16.2022 0.0090
3970.68464 16.1741 0.0073
3971.54996 16.1826 0.0088
3973.56806 16.1926 0.0087
3974.50540 16.2008 0.0083
3974.68840 16.2049 0.0087
3975.50832 16.1793 0.0074
3975.68018 16.1836 0.0083
3976.50288 16.1727 0.0067
3976.67889 16.1790 0.0089
3979.50514 16.1971 0.0129
3982.56575 16.1736 0.0076
3983.51944 16.1776 0.0106
3986.58020 16.2050 0.0087
3987.50256 16.1949 0.0080
3988.50840 16.1903 0.0070
3989.52606 16.1574 0.0077
3989.59339 16.1845 0.0087
3989.65912 16.2162 0.0099
3990.54287 16.1818 0.0087
3990.60769 16.1772 0.0084
3990.63502 16.1790 0.0081
3990.66921 16.1940 0.0085
3991.49865 16.1789 0.0090
3991.64194 16.1938 0.0087
3993.55037 16.2042 0.0082
3994.56103 16.1902 0.0085
3995.56860 16.1897 0.0072
3999.58387 16.1842 0.0076
4002.49208 16.1929 0.0076
4003.48958 16.1827 0.0071
4004.52370 16.1708 0.0068
4006.51665 16.1797 0.0075
4012.49654 16.1881 0.0098
4016.51218 16.1855 0.0087
4018.54847 16.1717 0.0086
4020.53521 16.1909 0.0078
4023.53555 16.1842 0.0087
4025.55494 16.1905 0.0084
4028.49433 16.1954 0.0091
4031.49442 16.1777 0.0097
4038.49978 16.1926 0.0109
4040.51413 16.1778 0.0101
4041.49634 16.1908 0.0129
4043.50658 16.1868 0.0099
4141.87425 16.1809 0.0090
4143.89158 16.1732 0.0120
4150.88943 16.1949 0.0091
4153.87732 16.1902 0.0088
4156.85575 16.1945 0.0099
4158.87533 16.1840 0.0090
4161.84330 16.2003 0.0101
4163.80945 16.1817 0.0087
4163.82618 16.1926 0.0088
4165.80755 16.1825 0.0111
4168.80086 16.1836 0.0090
4170.79671 16.1776 0.0127
4175.78733 16.1828 0.0094
4176.89869 16.1776 0.0079
4178.80243 16.1870 0.0084
4179.84679 16.1868 0.0081
4181.78315 16.1952 0.0088
4182.82815 16.1688 0.0078
4183.86427 16.1878 0.0087
4184.90489 16.1746 0.0075
4189.83630 16.2177 0.0105
4191.80518 16.1950 0.0103
4193.73955 16.1697 0.0113
4194.78508 16.1865 0.0089
4196.77521 16.1953 0.0098
4202.75669 16.1814 0.0081
4203.74471 16.1813 0.0075
4204.73698 16.1782 0.0084
4204.91930 16.1864 0.0080
4205.73353 16.1890 0.0085
4207.72299 16.1667 0.0085
4208.74507 16.1833 0.0085
4211.78923 16.1833 0.0094
4212.86641 16.2043 0.0107
4213.70960 16.1862 0.0097
4213.91318 16.1851 0.0079
4215.74231 16.1972 0.0090
4216.70010 16.1905 0.0090
4216.92447 16.1851 0.0091
4217.70755 16.1818 0.0079
4217.91117 16.1775 0.0075
4218.75716 16.1854 0.0095
4219.75533 16.1885 0.0088
4220.70006 16.1923 0.0097
4222.66603 16.1823 0.0107
4222.91352 16.1940 0.0089
4224.78224 16.1714 0.0086
4228.67769 16.1873 0.0085
4228.91127 16.1761 0.0095
4229.67133 16.1804 0.0092
4229.86831 16.1813 0.0087
4229.93550 16.1834 0.0092
4230.68107 16.1823 0.0084
4230.86911 16.1961 0.0090
4230.93399 16.1862 0.0114
4231.62340 16.1914 0.0089
4231.76761 16.1958 0.0075
4231.89179 16.1853 0.0092
4231.93490 16.1850 0.0098
4232.67545 16.1775 0.0096
4232.83648 16.1868 0.0111
4233.80725 16.1752 0.0094
4234.70891 16.1940 0.0084
4235.63696 16.1840 0.0088
4235.79816 16.1806 0.0080
4235.89058 16.1819 0.0085
4238.62283 16.1852 0.0118
4238.87527 16.1729 0.0089
4239.62372 16.1939 0.0093
4240.67695 16.1842 0.0081
4240.81133 16.1818 0.0087
4243.64276 16.1900 0.0092
4243.73547 16.2000 0.0099
4243.82923 16.1830 0.0095
4244.61516 16.1945 0.0110
4244.71136 16.1892 0.0082
4244.80419 16.1856 0.0091
4244.91602 16.2001 0.0091
4245.60820 16.1983 0.0085
4245.70212 16.1851 0.0077
4245.79797 16.1758 0.0078
4246.66654 16.2018 0.0088
4246.75941 16.1874 0.0094
4246.85272 16.1929 0.0089
4247.68174 16.1685 0.0082
4247.82259 16.1832 0.0083
4250.72988 16.1860 0.0090
4251.80147 16.1983 0.0134
4256.61760 16.1921 0.0095
4256.76362 16.1895 0.0101
4256.86143 16.2132 0.0127
4257.64927 16.1876 0.0099
4258.63292 16.1914 0.0103
4258.75541 16.1948 0.0089
4258.84951 16.1837 0.0097
4267.59350 16.1974 0.0094
4268.55670 16.2070 0.0082
4268.83957 16.1859 0.0089
4269.57593 16.1794 0.0088
4269.69646 16.1862 0.0081
4269.78570 16.1948 0.0069
4270.56946 16.1859 0.0081
4272.59781 16.1767 0.0079
4272.74695 16.1866 0.0081
4272.80620 16.1915 0.0069
4272.87774 16.1868 0.0103
4273.61494 16.1898 0.0105
4273.79560 16.1810 0.0099
4273.85674 16.1902 0.0103
4274.54757 16.1815 0.0095
4274.69991 16.1794 0.0091
4274.76248 16.1793 0.0092
4274.82088 16.1748 0.0086
4275.60002 16.1820 0.0083
4275.77537 16.1816 0.0094
4275.83384 16.1725 0.0102
4276.58481 16.1970 0.0093
4277.52860 16.1845 0.0106
4277.70549 16.1832 0.0087
4277.76419 16.1804 0.0098
4277.82283 16.1918 0.0112
4278.57236 16.1918 0.0111
4278.74964 16.1842 0.0101
4278.82870 16.1995 0.0115
4283.50801 16.1873 0.0100
4283.72834 16.1879 0.0103
4284.50297 16.1847 0.0097
4284.69312 16.1840 0.0091
4284.75590 16.1869 0.0089
4284.81484 16.1829 0.0097
4285.50605 16.1780 0.0109
4285.69418 16.1824 0.0095
4285.76062 16.1749 0.0084
4285.82594 16.1745 0.0095
4286.50575 16.1961 0.0099
4286.80293 16.1594 0.0088
4289.51356 16.1935 0.0104
4289.73212 16.1867 0.0093
4289.79724 16.1896 0.0090
4290.55988 16.2054 0.0102
4291.62250 16.1847 0.0082
4291.78520 16.1909 0.0106
4292.48816 16.1869 0.0083
4292.66732 16.1932 0.0087
4292.72593 16.1865 0.0079
4292.78445 16.1882 0.0079
4293.48847 16.1770 0.0086
4293.71307 16.1801 0.0084
4294.48765 16.1818 0.0085
4295.49476 16.1946 0.0088
4295.69278 16.1790 0.0077
4295.75137 16.1791 0.0077
4296.49173 16.1842 0.0088
4296.68443 16.1840 0.0081
4296.81270 16.1847 0.0097
4297.51134 16.1856 0.0092
4297.71294 16.1812 0.0075
4298.54621 16.1859 0.0098
4298.65195 16.1890 0.0090
4298.75155 16.1886 0.0099
4299.52924 16.1845 0.0081
4299.62223 16.1707 0.0079
4299.71442 16.1821 0.0083
4299.80517 16.1765 0.0098
4300.52491 16.1858 0.0087
4300.64499 16.1829 0.0081
4300.74051 16.1889 0.0084
4301.51578 16.1801 0.0081
4301.61155 16.1814 0.0075
4301.71129 16.1811 0.0081
4301.80251 16.1771 0.0079
4302.58876 16.1772 0.0086
4302.68896 16.1851 0.0092
4303.67480 16.1983 0.0101
4304.54890 16.1920 0.0098
4304.65959 16.1996 0.0124
4306.63285 16.1834 0.0091
4306.68565 16.1838 0.0096
4310.61207 16.1893 0.0098
4311.76074 16.1777 0.0120
4312.54435 16.1959 0.0099
4312.74280 16.1814 0.0084
4315.63534 16.1733 0.0101
4316.70852 16.1829 0.0092
4317.55659 16.1846 0.0081
4319.51385 16.1693 0.0093
4319.76870 16.1717 0.0091
4320.54067 16.1835 0.0085
4320.59554 16.1823 0.0089
4320.77207 16.1631 0.0104
4326.50790 16.1941 0.0089
4326.70510 16.1821 0.0098
4327.58629 16.1713 0.0106
4327.72759 16.1870 0.0109
4328.51309 16.1812 0.0097
4328.69113 16.1733 0.0095
4329.52309 16.1874 0.0092
4329.67097 16.1789 0.0095
4330.49401 16.1952 0.0089
4330.68727 16.1866 0.0086
4331.47409 16.1842 0.0111
4331.68295 16.1815 0.0102
4332.50388 16.1668 0.0081
4333.52495 16.1762 0.0093
4333.68609 16.1757 0.0091
4334.49833 16.2171 0.0179
4334.62657 16.2066 0.0171
4338.49820 16.1810 0.0094
4339.47556 16.1732 0.0105
4339.69197 16.1819 0.0109
4340.59585 16.1864 0.0093
4341.49886 16.1919 0.0108
4342.52808 16.1887 0.0092
4343.50688 16.1898 0.0079
4344.53510 16.1944 0.0105
4345.49997 16.1870 0.0080
4346.51297 16.1844 0.0091
4347.52770 16.1983 0.0094
4349.48892 16.1944 0.0101
4350.53598 16.1948 0.0087
4351.50187 16.1792 0.0085
4352.55243 16.1883 0.0105
4353.50579 16.1754 0.0084
4354.53451 16.1792 0.0082
4355.53613 16.2069 0.0084
4356.50250 16.1838 0.0090
4357.53158 16.1735 0.0101
4358.49461 16.1900 0.0107
4359.53217 16.1798 0.0090
4360.51960 16.1805 0.0103
4361.56492 16.1926 0.0118
4362.50666 16.1835 0.0096
4365.55748 16.1911 0.0117
4367.48358 16.1645 0.0088
4368.52723 16.2047 0.0107
4369.60659 16.1967 0.0123
4370.48450 16.1821 0.0102
4371.52966 16.1882 0.0086
4372.51542 16.1846 0.0079
4373.48991 16.1742 0.0104
4376.56630 16.1902 0.0106
4377.60358 16.1849 0.0101
4378.51410 16.1848 0.0090
4379.52915 16.1692 0.0106
4380.54064 16.1782 0.0087
4381.51930 16.2067 0.0113
4382.56131 16.1895 0.0097
4383.55241 16.2015 0.0102
4384.52658 16.1809 0.0098
4387.58054 16.1833 0.0094
4393.52643 16.1793 0.0090
4394.54178 16.1799 0.0092
4395.51318 16.1960 0.0102
4396.50517 16.1816 0.0111
4397.52950 16.1719 0.0093
4398.53441 16.1841 0.0098
4399.52707 16.1716 0.0108
4400.52917 16.1746 0.0117
4402.54558 16.1931 0.0115
4403.54462 16.1919 0.0112
4407.52056 16.1788 0.0110
4507.85096 16.1876 0.0097
4510.85622 16.1823 0.0093
4513.85736 16.1700 0.0068
4517.85647 16.1946 0.0124
4519.87741 16.1726 0.0081
4522.87132 16.1653 0.0092
4524.80722 16.1684 0.0087
4530.81482 16.1771 0.0072
4533.84845 16.1735 0.0083
4535.80187 16.1764 0.0095
4536.89110 16.1860 0.0077
4537.87675 16.1768 0.0074
4538.81187 16.1644 0.0085
4539.84992 16.1736 0.0081
4540.79607 16.1583 0.0073
4541.78880 16.1782 0.0073
4542.78349 16.1801 0.0094
4543.77903 16.1780 0.0080
4544.77593 16.1802 0.0088
4545.78221 16.1773 0.0081
4546.78936 16.1897 0.0085
4547.78333 16.1634 0.0080
4548.79431 16.1834 0.0097
4550.73734 16.1637 0.0099
4551.76054 16.1593 0.0081
4552.75644 16.1661 0.0126
4556.75256 16.1803 0.0075
4557.76982 16.1767 0.0081
4558.74677 16.1527 0.0072
4558.91653 16.1583 0.0075
4559.74466 16.1712 0.0074
4560.74477 16.1712 0.0080
4561.73482 16.1678 0.0078
4561.92101 16.1611 0.0079
4564.72502 16.1673 0.0075
4564.92553 16.1741 0.0086
4565.72309 16.1654 0.0070
4565.91395 16.1568 0.0066
4566.72257 16.1529 0.0076
4566.91943 16.1620 0.0069
4567.71554 16.1530 0.0082
4567.92144 16.1763 0.0077
4568.72145 16.1534 0.0083
4569.73047 16.1761 0.0093
4570.72389 16.1666 0.0088
4571.71852 16.1624 0.0102
4571.90711 16.1614 0.0075
4572.74601 16.1588 0.0078
4573.73441 16.1652 0.0078
4573.90077 16.1481 0.0070
4574.73680 16.1691 0.0091
4575.74229 16.1656 0.0078
4576.75240 16.1458 0.0076
4577.83408 16.1602 0.0079
4578.78513 16.1686 0.0111
4579.86203 16.1732 0.0106
4583.72884 16.1593 0.0090
4583.91498 16.1585 0.0079
4585.75258 16.1647 0.0091
4586.77776 16.1591 0.0084
4587.76544 16.1580 0.0084
4587.92403 16.1656 0.0100
4588.68795 16.1608 0.0087
4588.91884 16.1503 0.0075
4589.67089 16.1478 0.0081
4589.82630 16.1415 0.0078
4589.88829 16.1407 0.0082
4590.69049 16.1543 0.0085
4590.89615 16.1540 0.0076
4591.70215 16.1531 0.0085
4591.82705 16.1571 0.0077
4591.89416 16.1511 0.0081
4592.66075 16.1304 0.0081
4592.85004 16.1567 0.0089
4592.92836 16.1466 0.0087
4593.64992 16.1558 0.0086
4593.85961 16.1461 0.0076
4593.94178 16.1340 0.0117
4594.67097 16.1497 0.0087
4594.86596 16.1618 0.0080
4594.93148 16.1561 0.0083
4595.66048 16.1506 0.0080
4595.85485 16.1460 0.0078
4595.91674 16.1501 0.0082
4596.65567 16.1462 0.0081
4597.68013 16.1450 0.0079
4597.87164 16.1502 0.0079
4598.65642 16.1320 0.0068
4598.92509 16.1483 0.0077
4599.62885 16.1402 0.0094
4599.91943 16.1489 0.0089
4600.63812 16.1350 0.0070
4600.84684 16.1349 0.0071
4601.64370 16.1360 0.0073
4601.85993 16.1477 0.0070
4601.92178 16.1606 0.0082
4602.63634 16.1303 0.0071
4602.84575 16.1392 0.0068
4603.76378 16.1460 0.0083
4606.63762 16.1446 0.0083
4606.88897 16.1366 0.0080
4610.73377 16.1300 0.0073
4610.94100 16.1342 0.0092
4611.62311 16.1350 0.0091
4611.81395 16.1271 0.0073
4612.64448 16.1405 0.0093
4615.78621 16.1260 0.0085
4616.59523 16.1281 0.0093
4616.81174 16.1223 0.0077
4616.88170 16.1231 0.0082
4617.66147 16.1205 0.0077
4618.60696 16.1234 0.0083
4621.73592 16.1213 0.0051
4622.80539 16.1156 0.0079
4622.90685 16.1273 0.0098
4623.64076 16.1073 0.0102
4623.86454 16.1058 0.0095
4624.58447 16.1077 0.0084
4624.80866 16.1118 0.0086
4624.87501 16.1055 0.0079
4625.59857 16.1017 0.0090
4625.78893 16.1048 0.0086
4625.90369 16.1037 0.0103
4626.59709 16.0929 0.0087
4626.85240 16.1091 0.0097
4627.55754 16.1007 0.0078
4627.82975 16.0905 0.0069
4627.91410 16.0909 0.0071
4628.54325 16.0841 0.0079
4628.75111 16.1038 0.0078
4628.81654 16.1103 0.0083
4628.88643 16.1076 0.0081
4629.62222 16.1007 0.0074
4629.82486 16.0929 0.0077
4629.90286 16.1033 0.0082
4630.55817 16.0913 0.0083
4630.76401 16.0943 0.0071
4630.84735 16.1100 0.0075
4630.91014 16.0841 0.0090
4631.55957 16.0734 0.0068
4631.77533 16.0772 0.0069
4631.86199 16.0829 0.0077
4632.56335 16.0722 0.0075
4632.85009 16.0870 0.0078
4633.56332 16.0959 0.0077
4633.67486 16.0825 0.0075
4633.79060 16.0909 0.0079
4638.74837 16.0784 0.0081
4638.85859 16.0671 0.0084
4639.57093 16.0714 0.0085
4639.66871 16.0517 0.0074
4640.59044 16.0591 0.0074
4640.72261 16.0605 0.0073
4640.82762 16.0590 0.0086
4641.66443 16.0574 0.0072
4641.77439 16.0653 0.0078
4642.58832 16.0506 0.0077
4642.75085 16.0617 0.0082
4642.82592 16.0580 0.0084
4643.54611 16.0345 0.0083
4644.59349 16.0506 0.0085
4644.84970 16.0469 0.0072
4645.51655 16.0570 0.0084
4645.76503 16.0365 0.0078
4645.83977 16.0477 0.0084
4646.51461 16.0347 0.0073
4646.84700 16.0381 0.0079
4647.51098 16.0287 0.0082
4647.73402 16.0208 0.0082
4647.84504 16.0170 0.0085
4648.49412 16.0260 0.0082
4648.70775 16.0279 0.0075
4648.81164 16.0328 0.0081
4649.52021 16.0270 0.0084
4649.72891 16.0115 0.0068
4649.85532 16.0305 0.0083
4650.50620 16.0128 0.0080
4650.77012 16.0127 0.0075
4650.86381 16.0199 0.0086
4651.50953 16.0102 0.0090
4651.80468 16.0039 0.0079
4652.50059 16.0144 0.0081
4652.71373 16.0183 0.0071
4652.78861 15.9970 0.0073
4652.83834 16.0055 0.0085
4653.49694 16.0253 0.0095
4653.71612 15.9929 0.0076
4653.78129 15.9981 0.0085
4654.53574 16.0046 0.0083
4654.74719 15.9911 0.0073
4654.81232 15.9931 0.0093
4655.49681 15.9908 0.0084
4655.72130 15.9897 0.0065
4655.78309 15.9788 0.0071
4656.49875 15.9806 0.0065
4656.68849 15.9718 0.0071
4656.80777 15.9769 0.0081
4657.72310 15.9616 0.0077
4658.65708 15.9671 0.0077
4659.59119 15.9639 0.0090
4660.60952 15.9515 0.0074
4661.48681 15.9433 0.0076
4661.68750 15.9420 0.0076
4661.74898 15.9376 0.0077
4661.81617 15.9442 0.0080
4665.65426 15.9146 0.0081
4666.55968 15.8909 0.0073
4666.70276 15.9064 0.0071
4666.74491 15.9011 0.0076
4667.57123 15.8835 0.0086
4670.64440 15.8629 0.0073
4671.57992 15.8368 0.0065
4672.50540 15.8288 0.0058
4672.69790 15.8196 0.0062
4672.72018 15.8219 0.0062
4674.50853 15.8077 0.0072
4674.70164 15.8057 0.0064
4674.74093 15.8098 0.0073
4675.67582 15.7796 0.0061
4677.48511 15.7618 0.0060
4677.63144 15.7584 0.0066
4677.77402 15.7579 0.0065
4678.68853 15.7499 0.0057
4679.49073 15.7410 0.0075
4681.52651 15.6944 0.0060
4681.62653 15.6786 0.0060
4681.75875 15.6892 0.0060
4682.49752 15.6711 0.0058
4682.65485 15.6730 0.0058
4682.75007 15.6521 0.0058
4683.51604 15.6520 0.0068
4683.70294 15.6465 0.0059
4684.50859 15.6442 0.0057
4684.72229 15.6303 0.0056
4685.49352 15.6252 0.0068
4685.51327 15.6189 0.0065
4685.57035 15.6112 0.0058
4685.60439 15.6018 0.0054
4685.65929 15.5997 0.0054
4685.72849 15.6065 0.0058
4686.49730 15.5914 0.0058
4686.70129 15.5800 0.0062
4687.48106 15.5778 0.0058
4687.73655 15.5595 0.0056
4688.49398 15.5499 0.0059
4688.68381 15.5498 0.0053
4688.74562 15.5437 0.0059
4693.54156 15.4100 0.0046
4694.53679 15.3951 0.0061
4697.49745 15.2995 0.0047
4698.50297 15.2735 0.0046
4699.49911 15.2309 0.0046
4700.50538 15.2001 0.0043
4701.50066 15.1600 0.0045
4702.49919 15.1274 0.0041
4703.56967 15.0780 0.0040
4704.63945 15.0336 0.0039
4705.50288 15.0076 0.0039
4708.53608 14.8849 0.0039
4709.51218 14.8479 0.0042
4710.54181 14.8030 0.0027
4711.52116 14.7877 0.0027
4715.58116 14.6955 0.0035
4716.58355 14.6745 0.0036
4720.55070 14.6969 0.0034
4721.48225 14.7231 0.0040
4722.51479 14.7417 0.0034
4724.50459 14.8066 0.0038
4725.48288 14.8338 0.0041
4726.54431 14.8781 0.0044
4728.58944 14.9594 0.0045
4729.54492 14.9870 0.0044
4730.56128 15.0251 0.0039
4731.56818 15.0680 0.0043
4733.51988 15.1425 0.0044
4734.54926 15.1719 0.0046
4737.54014 15.2783 0.0047
4740.55065 15.3665 0.0054
4741.55834 15.3977 0.0051
4743.53330 15.4515 0.0054
4753.54423 15.6685 0.0070
4756.52306 15.7240 0.0070
4758.50588 15.7462 0.0072
4868.87629 16.1725 0.0077
4869.86015 16.1601 0.0082
4873.84898 16.1666 0.0081
4877.84329 16.1605 0.0077
4883.84530 16.1845 0.0083
4884.85080 16.1728 0.0075
4886.89395 16.1682 0.0084
4890.87887 16.1638 0.0070
4896.86713 16.1772 0.0077
4899.83804 16.1849 0.0079
4900.87949 16.1780 0.0079
4901.87787 16.1773 0.0074
4902.87659 16.1765 0.0072
4904.80068 16.1742 0.0077
4905.90466 16.1737 0.0084
4910.82642 16.1848 0.0076
4911.77719 16.1690 0.0067
4912.77411 16.1707 0.0065
4914.79119 16.1734 0.0081
4917.75222 16.1765 0.0071
4920.73252 16.1744 0.0070
4924.77358 16.1768 0.0073
4925.81352 16.1735 0.0070
4925.90056 16.1620 0.0065
4927.70715 16.1877 0.0103
4927.86768 16.1680 0.0084
4928.72968 16.1588 0.0084
4929.78595 16.1816 0.0073
4930.70045 16.1760 0.0084
4930.81938 16.1795 0.0079
4931.71528 16.1823 0.0087
4931.86095 16.1823 0.0078
4932.71834 16.1734 0.0079
4932.78452 16.1560 0.0073
4932.81901 16.1798 0.0071
4933.76667 16.1849 0.0090
4934.76507 16.1653 0.0128
4934.83033 16.1598 0.0093
4938.67566 16.1770 0.0085
4938.88031 16.1617 0.0080
4939.69457 16.1693 0.0087
4940.69457 16.1792 0.0080
4941.67332 16.1843 0.0087
4941.77132 16.1755 0.0079
4942.71109 16.1639 0.0076
4943.66516 16.1637 0.0077
4943.80465 16.1765 0.0074
4944.66197 16.1775 0.0075
4944.81741 16.1760 0.0070
4945.71042 16.1645 0.0073
4945.76687 16.1697 0.0067
4946.66009 16.1797 0.0082
4947.65375 16.1616 0.0070
4947.85169 16.1752 0.0068
4948.83430 16.1867 0.0067
4949.78240 16.1597 0.0073
4951.64246 16.1545 0.0084
4952.64068 16.1732 0.0083
4953.63432 16.1700 0.0082
4953.80888 16.1704 0.0076
4954.63584 16.1735 0.0087
4954.82871 16.1794 0.0073
4955.76991 16.1703 0.0082
