2452127.55168 20.6217  0.3237 4.90  908.0  223.91   61.90
2452130.57614 20.3701  0.2132 4.15  757.0  223.91   61.90
2452133.58626 20.4456  0.2410 4.65  763.0  223.91   61.90
2452141.69792 21.3014  0.8365 6.22 1009.0  223.91   61.90
2452169.60172 20.5970  0.3774 5.91  829.0  223.91   61.90
2452189.57093 20.4013  0.4176 6.66 1040.0  223.91   61.90
2452190.49262 20.4429  0.2689 4.90  894.0  223.91   61.90
2452215.50520 21.5638  1.4260 6.27 1561.0  223.91   61.90
2452337.88444 20.4045  0.2024 3.26 1078.0  223.91   61.90
2452353.83663 20.0571  0.1959 4.52  978.0  223.91   61.90
2452363.81441 20.3804  0.3291 5.62 1136.0  223.91   61.90
2452373.85028 20.2652  0.2140 5.04  739.0  223.91   61.90
2452464.81206 20.5872  0.2604 3.83  940.0  223.91   61.90
2452816.70800 20.5790  0.2315 4.30  629.0  223.91   61.90
2452852.66314 20.4508  0.3031 5.20  875.0  223.91   61.90
2453059.89151 20.3735  0.2309 3.67 1088.0  223.91   61.90
2453064.90269 20.6852  0.3443 3.97 1298.0  223.91   61.90
2453068.85586 20.6498  0.2760 4.20  766.0  223.91   61.90
2453071.90841 20.2672  0.2546 4.05 1354.0  223.91   61.90
2453075.90696 20.4314  0.2708 4.33 1078.0  223.91   61.90
2453077.82773 20.0408  0.3993 5.00 3399.0  223.91   61.90
2453081.80988 20.2208  0.1871 3.96  853.0  223.91   61.90
2453084.78775 20.2891  0.1932 4.80  665.0  223.91   61.90
2453086.84911 20.2259  0.1587 4.11  687.0  223.91   61.90
2453088.83851 20.2509  0.1613 4.07  651.0  223.91   61.90
2453090.75121 20.4504  0.2137 3.98  744.0  223.91   61.90
2453091.90174 20.3797  0.1945 4.26  745.0  223.91   61.90
2453097.84989 20.4959  0.2262 4.46  686.0  223.91   61.90
2453099.82009 20.3761  0.2675 5.11  896.0  223.91   61.90
2453101.84903 20.7427  0.3918 5.18  911.0  223.91   61.90
2453102.91629 20.1591  0.1930 4.22  934.0  223.91   61.90
2453104.80070 20.6116  0.7178 3.76 6487.0  223.91   61.90
2453107.80399 20.2815  0.2216 4.21  955.0  223.91   61.90
2453108.85376 20.3712  0.1923 3.96  752.0  223.91   61.90
2453112.90345 20.5730  0.2471 4.93  639.0  223.91   61.90
2453114.88999 20.5658  0.2560 4.28  792.0  223.91   61.90
2453115.90188 20.2500  0.1766 4.20  751.0  223.91   61.90
2453116.80823 20.3958  0.2549 5.31  780.0  223.91   61.90
2453124.78380 20.4976  0.3990 7.11  825.0  223.91   61.90
2453126.71355 20.7581  0.2714 3.73  802.0  223.91   61.90
2453127.91477 20.6076  0.2557 4.01  790.0  223.91   61.90
2453128.90403 20.5240  0.2951 4.19 1047.0  223.91   61.90
2453130.78178 20.4807  0.3134 4.27 1274.0  223.91   61.90
2453131.72534 20.1779  0.2645 4.58 1294.0  223.91   61.90
2453135.73766 20.2316  0.1770 3.94  781.0  223.91   61.90
2453138.73919 19.9359  0.1476 4.29  721.0  223.91   61.90
2453140.71461 20.4390  0.2178 4.34  678.0  223.91   61.90
2453141.77638 20.1686  0.1457 3.97  577.0  223.91   61.90
2453142.85051 20.4941  0.2434 4.42  829.0  223.91   61.90
2453144.86850 20.4687  0.2522 4.67  800.0  223.91   61.90
2453146.94244 20.5328  0.3888 5.32 1215.0  223.91   61.90
2453151.84400 19.9743  0.1547 5.26  625.0  223.91   61.90
2453152.84196 20.3896  0.2403 4.76  755.0  223.91   61.90
2453153.84514 20.5775  0.3472 5.35  936.0  223.91   61.90
2453156.89794 20.4551  0.2671 4.31  959.0  223.91   61.90
2453162.61168 20.3208  0.2746 4.67 1107.0  223.91   61.90
2453163.84428 20.2143  0.1934 3.63 1065.0  223.91   61.90
2453164.83003 20.2330  0.2076 4.50  794.0  223.91   61.90
2453165.61206 20.6124  0.2611 4.74  656.0  223.91   61.90
2453167.69336 20.0594  0.1872 5.79  636.0  223.91   61.90
2453168.76632 20.3682  0.1994 4.72  696.0  223.91   61.90
2453169.86974 20.2662  0.2392 4.77  876.0  223.91   61.90
2453170.90134 20.1765  0.2029 4.56  849.0  223.91   61.90
2453171.74325 20.4469  0.1948 3.63  730.0  223.91   61.90
2453171.92036 20.2469  0.2320 4.79 1041.0  223.91   61.90
2453173.78066 20.5123  0.2589 4.88  694.0  223.91   61.90
2453174.79377 20.3104  0.2010 3.64 1017.0  223.91   61.90
2453175.90297 20.9099  0.4607 4.88 1093.0  223.91   61.90
2453178.56844 20.2830  0.2799 5.99  820.0  223.91   61.90
2453179.80754 20.5688  0.2541 4.22  752.0  223.91   61.90
2453180.81468 20.2449  0.1498 3.84  579.0  223.91   61.90
2453182.87191 20.7019  0.3184 4.43  876.0  223.91   61.90
2453183.84270 20.4537  0.2776 4.94  842.0  223.91   61.90
2453184.78631 20.5159  0.2695 4.52  802.0  223.91   61.90
2453185.58237 20.0635  0.1598 4.15  847.0  223.91   61.90
2453193.63984 20.6182  0.2469 3.97  730.0  223.91   61.90
2453194.48602 20.1417  0.3126 5.98 1337.0  223.91   61.90
2453194.82674 20.5666  0.2765 4.27  903.0  223.91   61.90
2453195.76002 20.2377  0.1695 3.70  803.0  223.91   61.90
2453195.83524 19.9222  0.1582 4.54  833.0  223.91   61.90
2453196.56388 20.1060  0.1970 5.03  769.0  223.91   61.90
2453197.81441 19.9379  0.2196 5.92  971.0  223.91   61.90
2453201.55456 20.2700  0.2014 5.06  712.0  223.91   61.90
2453202.79566 20.1613  0.1858 4.51  753.0  223.91   61.90
2453203.80493 20.5275  0.2338 4.32  735.0  223.91   61.90
2453204.80536 20.3523  0.2702 5.18  880.0  223.91   61.90
2453206.68353 20.4844  0.2193 4.98  555.0  223.91   61.90
2453210.73699 20.7660  0.3603 5.46  707.0  223.91   61.90
2453211.76337 20.1148  0.2147 6.36  646.0  223.91   61.90
2453217.74274 20.3991  0.3005 4.55 1295.0  223.91   61.90
2453218.75031 20.2820  0.3817 6.36 1343.0  223.91   61.90
2453219.58233 20.2932  0.3359 6.51  901.0  223.91   61.90
2453224.50556 20.2968  0.2017 3.98  863.0  223.91   61.90
2453226.73574 20.2650  0.2562 6.23  630.0  223.91   61.90
2453228.74794 21.1473  0.7599 6.95  822.0  223.91   61.90
2453229.69002 20.2533  0.1840 5.01  565.0  223.91   61.90
2453231.68230 20.2494  0.2514 5.41  818.0  223.91   61.90
2453239.48711 20.4033  0.2022 4.03  795.0  223.91   61.90
2453240.55343 20.2945  0.2829 6.29  741.0  223.91   61.90
2453245.66521 20.5703  0.3751 5.84  945.0  223.91   61.90
2453247.52722 20.1919  0.1719 3.83  860.0  223.91   61.90
2453249.64717 20.6845  0.3565 4.97  898.0  223.91   61.90
2453251.54238 20.3084  0.2341 5.14  691.0  223.91   61.90
2453254.62623 20.3683  0.3186 6.93  630.0  223.91   61.90
2453257.56620 20.2686  0.1644 4.19  612.0  223.91   61.90
2453265.56051 20.4396  0.2552 5.03  728.0  223.91   61.90
2453267.61813 21.0810  0.4200 4.34  791.0  223.91   61.90
2453273.52215 20.4645  0.4087 5.89 1138.0  223.91   61.90
2453277.48257 20.4015  0.3319 5.00 1276.0  223.91   61.90
2453280.48152 20.9678  0.5592 5.25 1135.0  223.91   61.90
2453283.48986 20.4031  0.2677 5.12  709.0  223.91   61.90
2453289.54349 19.7764  0.1490 5.42  598.0  223.91   61.90
2453294.53832 20.5962  0.2880 5.88  461.0  223.91   61.90
2453296.48664 20.3639  0.4836 5.70 2083.0  223.91   61.90
2453305.53173 21.0205  0.5880 5.13 1186.0  223.91   61.90
2453307.52153 21.2358  1.1126 6.91 1475.0  223.91   61.90
2453309.52352 20.5684  0.4018 5.36 1213.0  223.91   61.90
2453311.50428 21.1250  0.6990 6.28  994.0  223.91   61.90
2453419.85187 20.5000  0.2288 4.34  716.0  223.91   61.90
2453424.86045 20.3083  0.2224 4.14 1012.0  223.91   61.90
2453427.87961 20.1049  0.1791 4.47  786.0  223.91   61.90
2453430.84564 20.2961  0.1939 4.20  785.0  223.91   61.90
2453436.89036 20.5801  0.2813 5.35  607.0  223.91   61.90
2453443.86252 20.3239  0.1572 3.28  710.0  223.91   61.90
2453445.89001 20.2913  0.1424 3.44  590.0  223.91   61.90
2453448.79666 20.3002  0.2152 4.86  721.0  223.91   61.90
2453450.81416 20.1923  0.1480 4.29  545.0  223.91   61.90
2453453.85747 20.4798  0.2320 3.91  857.0  223.91   61.90
2453457.90243 20.8305  0.3173 4.23  740.0  223.91   61.90
2453458.89251 20.0606  0.1714 4.22  916.0  223.91   61.90
2453468.89117 20.6236  0.2353 3.98  690.0  223.91   61.90
2453469.91788 20.2694  0.1561 3.68  651.0  223.91   61.90
2453472.88384 20.5933  0.2224 4.14  593.0  223.91   61.90
2453474.81246 20.1872  0.1570 4.37  555.0  223.91   61.90
2453476.90924 20.0340  0.1312 3.73  664.0  223.91   61.90
2453479.83602 20.2557  0.1298 3.40  515.0  223.91   61.90
2453481.81291 20.7105  0.2270 3.58  661.0  223.91   61.90
2453484.76214 20.7396  0.4074 3.38 1913.0  223.91   61.90
2453500.93186 20.0976  0.1770 4.23  816.0  223.91   61.90
2453508.92608 20.9328  0.5329 6.07  876.0  223.91   61.90
2453509.94188 20.4831  0.2554 3.39 1315.0  223.91   61.90
2453520.68592 20.3869  0.2664 5.19  759.0  223.91   61.90
2453521.92749 20.2311  0.2002 3.93  909.0  223.91   61.90
2453522.83269 20.3579  0.2501 4.90  743.0  223.91   61.90
2453523.85960 20.3079  0.2217 4.68  725.0  223.91   61.90
2453526.90419 20.5464  0.3275 5.61  746.0  223.91   61.90
2453528.85528 20.3181  0.2529 5.28  760.0  223.91   61.90
2453530.91297 21.0960  0.3542 3.86  700.0  223.91   61.90
2453538.87839 20.1101  0.2174 5.34  847.0  223.91   61.90
2453544.84821 21.0486  0.5528 4.46 1315.0  223.91   61.90
2453546.89013 20.6673  0.4806 6.22 1105.0  223.91   61.90
2453547.86853 21.0585  0.5704 5.64  927.0  223.91   61.90
2453550.85152 20.2276  0.1895 4.15  825.0  223.91   61.90
2453551.85739 19.8433  0.1697 5.56  759.0  223.91   61.90
2453552.85279 21.3433  0.8975 6.86  881.0  223.91   61.90
2453553.81651 20.1834  0.3060 6.46  970.0  223.91   61.90
2453554.86799 20.7118  0.3829 5.41  894.0  223.91   61.90
2453556.77690 20.9862  0.4615 5.99  598.0  223.91   61.90
2453558.74997 20.0799  0.1637 5.04  548.0  223.91   61.90
2453560.66872 20.2493  0.1473 3.90  520.0  223.91   61.90
2453561.80419 20.1882  0.1441 3.64  586.0  223.91   61.90
2453562.68416 20.4101  0.1873 3.91  568.0  223.91   61.90
2453563.75223 20.0165  0.1617 4.87  652.0  223.91   61.90
2453574.77534 20.4016  0.3229 5.46  928.0  223.91   61.90
2453575.71759 20.8683  0.3085 4.02  695.0  223.91   61.90
2453578.75885 20.7209  0.3901 5.63  721.0  223.91   61.90
2453578.77719 102.6990  9.9990 5.36  834.0  223.91   61.90
2453579.70700 20.1929  0.1447 4.24  476.0  223.91   61.90
2453581.77152 20.7251  0.3055 5.06  638.0  223.91   61.90
2453582.70572 20.1336  0.1533 4.34  560.0  223.91   61.90
2453583.72357 19.7146  0.1291 5.01  658.0  223.91   61.90
2453584.72761 20.4678  0.2170 4.76  553.0  223.91   61.90
2453585.73610 21.0156  0.3204 4.44  484.0  223.91   61.90
2453618.67739 20.2043  0.2009 4.82  724.0  223.91   61.90
2453619.51759 20.2158  0.1799 4.08  793.0  223.91   61.90
2453621.67296 20.2520  0.2492 6.30  672.0  223.91   61.90
2453631.58668 20.1173  0.2453 4.83 1134.0  223.91   61.90
2453635.56439 20.3242  0.1823 3.95  693.0  223.91   61.90
2453641.61392 19.8013  0.2271 7.23  792.0  223.91   61.90
2453652.56947 20.1518  0.3173 5.67 1462.0  223.91   61.90
2453778.85901 20.3841  0.2789 4.06 1286.0  223.91   61.90
2453783.89789 20.0684  0.2461 3.42 2678.0  223.91   61.90
2453786.88216 20.3959  0.2348 4.09  955.0  223.91   61.90
2453792.90000 20.2906  0.2220 3.40 1433.0  223.91   61.90
2453794.89913 20.2418  0.1979 4.01  941.0  223.91   61.90
2453796.89092 20.4514  0.2298 4.72  648.0  223.91   61.90
2453797.89056 20.5430  0.2255 3.92  801.0  223.91   61.90
2453800.87162 20.3609  0.2212 4.99  650.0  223.91   61.90
2453802.81848 20.7436  0.2820 3.84  771.0  223.91   61.90
2453803.85112 20.0708  0.1497 3.60  874.0  223.91   61.90
2453804.89830 20.1790  0.1978 5.20  637.0  223.91   61.90
2453806.91077 20.4153  0.2633 4.11 1250.0  223.91   61.90
2453808.89580 21.0242  0.3965 4.32  823.0  223.91   61.90
2453810.81183 20.7425  0.3513 4.38 1012.0  223.91   61.90
2453812.79800 20.4875  0.3183 5.41  913.0  223.91   61.90
2453814.78890 20.1032  0.1688 3.68  988.0  223.91   61.90
2453818.85374 19.9071  0.1422 3.97  878.0  223.91   61.90
2453819.91319 20.3190  0.1588 3.50  753.0  223.91   61.90
2453820.90546 20.3593  0.1903 4.06  695.0  223.91   61.90
2453821.91678 20.1554  0.1826 3.61 1141.0  223.91   61.90
2453823.91381 20.6474  0.2303 3.63  770.0  223.91   61.90
2453825.91576 20.1448  0.1889 4.31  896.0  223.91   61.90
2453826.91486 20.0274  0.1586 4.47  734.0  223.91   61.90
2453827.91495 20.9597  0.3859 4.62  680.0  223.91   61.90
2453829.92683 21.0452  0.6122 3.43 2340.0  223.91   61.90
2453830.89513 20.2411  0.1511 3.81  656.0  223.91   61.90
2453832.92377 21.0424  0.5548 4.66 1207.0  223.91   61.90
2453833.91376 20.1506  0.1651 3.85  758.0  223.91   61.90
2453834.83071 20.2745  0.1583 3.80  631.0  223.91   61.90
2453835.89004 20.3217  0.1580 3.79  611.0  223.91   61.90
2453836.90022 20.2807  0.1713 3.82  710.0  223.91   61.90
2453837.87141 20.1557  0.1446 3.42  774.0  223.91   61.90
2453838.87554 20.2794  0.2020 4.24  807.0  223.91   61.90
2453839.89455 20.7372  0.4159 5.17 1032.0  223.91   61.90
2453840.87854 20.2729  0.1841 3.78  865.0  223.91   61.90
2453841.86190 20.5425  0.2478 3.71 1034.0  223.91   61.90
2453842.77579 20.5812  0.3115 3.82 1310.0  223.91   61.90
2453845.86936 20.3236  0.6216 6.09 3164.0  223.91   61.90
2453846.87022 20.4370  0.1780 3.33  744.0  223.91   61.90
2453847.91672 20.8534  0.5511 6.39  839.0  223.91   61.90
2453848.88613 20.2957  0.2314 5.00  727.0  223.91   61.90
2453849.91503 20.4346  0.2163 3.89  733.0  223.91   61.90
2453850.83509 20.3870  0.2009 3.67  731.0  223.91   61.90
2453851.84157 20.8113  0.3908 5.44  681.0  223.91   61.90
2453852.83356 20.1532  0.1762 4.59  685.0  223.91   61.90
2453853.82276 20.4043  0.1510 3.39  589.0  223.91   61.90
2453856.81142 20.3575  0.2034 3.80  759.0  223.91   61.90
2453860.86685 20.1554  0.2336 5.39  814.0  223.91   61.90
2453861.88213 20.7387  0.2534 3.78  703.0  223.91   61.90
2453862.82572 20.2720  0.1794 4.05  725.0  223.91   61.90
2453863.80352 19.9766  0.1307 3.99  655.0  223.91   61.90
2453864.64208 20.4463  0.2756 4.75  863.0  223.91   61.90
2453864.69730 20.2662  0.1837 3.73  763.0  223.91   61.90
2453864.72913 20.4174  0.1937 3.67  706.0  223.91   61.90
2453864.76526 20.2768  0.1460 3.32  653.0  223.91   61.90
2453864.82739 20.3002  0.1561 3.57  650.0  223.91   61.90
2453864.91018 20.2392  0.1442 3.41  650.0  223.91   61.90
2453865.63127 20.2331  0.2059 4.08  971.0  223.91   61.90
2453865.78982 20.4368  0.2288 4.45  728.0  223.91   61.90
2453866.62857 20.3059  0.2467 4.45 1079.0  223.91   61.90
2453866.75544 20.2066  0.1630 3.63  694.0  223.91   61.90
2453866.92568 20.5506  0.2031 3.41  707.0  223.91   61.90
2453867.64917 20.0848  0.1805 3.82 1080.0  223.91   61.90
2453867.76632 20.2860  0.2033 3.79  899.0  223.91   61.90
2453867.80773 20.4929  0.2479 3.90  932.0  223.91   61.90
2453867.93118 20.3648  0.2294 3.64 1090.0  223.91   61.90
2453868.75763 20.2649  0.2287 3.96 1085.0  223.91   61.90
2453868.79651 20.7028  0.3494 4.18 1027.0  223.91   61.90
2453869.74075 20.0715  0.1908 3.87 1180.0  223.91   61.90
2453873.74280 19.9432  0.1315 3.85  726.0  223.91   61.90
2453874.78965 20.4596  0.2615 5.01  680.0  223.91   61.90
2453875.77298 20.0595  0.1217 3.38  652.0  223.91   61.90
2453877.73468 20.4449  0.1827 3.97  593.0  223.91   61.90
2453880.79861 20.3666  0.1805 3.87  681.0  223.91   61.90
2453881.80654 20.5273  0.1970 3.42  737.0  223.91   61.90
2453882.74153 20.2747  0.2026 4.72  624.0  223.91   61.90
2453883.79349 20.6086  0.2305 4.16  617.0  223.91   61.90
2453886.75679 20.5240  0.2117 4.34  593.0  223.91   61.90
2453887.73667 20.4984  0.2209 4.43  603.0  223.91   61.90
2453889.89837 20.5331  0.2256 3.50  883.0  223.91   61.90
2453891.62997 20.0879  0.1800 5.21  664.0  223.91   61.90
2453892.76566 20.6321  0.2568 4.28  699.0  223.91   61.90
2453893.80561 20.1765  0.2190 5.37  711.0  223.91   61.90
2453894.62607 20.0941  0.2152 5.94  641.0  223.91   61.90
2453894.66350 20.5139  0.2922 5.62  624.0  223.91   61.90
2453894.83345 20.6641  0.4062 6.47  714.0  223.91   61.90
2453896.78694 20.8492  0.5999 6.45 1105.0  223.91   61.90
2453900.68067 19.6868  0.1653 3.92 1930.0  223.91   61.90
2453901.68618 20.2772  0.1874 3.99  816.0  223.91   61.90
2453902.70377 20.4526  0.2114 3.97  730.0  223.91   61.90
2453903.85541 20.7037  0.3071 4.61  734.0  223.91   61.90
2453904.68348 20.2143  0.1259 3.14  636.0  223.91   61.90
2453905.69427 20.5384  0.2107 3.64  655.0  223.91   61.90
2453906.67213 21.7167  0.6976 3.95  717.0  223.91   61.90
2453907.73810 20.8513  0.4355 5.77  679.0  223.91   61.90
2453908.67804 20.5465  0.1908 3.26  664.0  223.91   61.90
2453909.67613 20.1218  0.1110 3.29  521.0  223.91   61.90
2453912.68017 20.3819  0.1274 3.08  530.0  223.91   61.90
2453913.48830 20.0576  0.1487 3.63  825.0  223.91   61.90
2453913.54983 20.4833  0.1692 3.16  660.0  223.91   61.90
2453913.68044 20.4746  0.1902 3.86  577.0  223.91   61.90
2453913.72276 20.4031  0.2129 4.40  641.0  223.91   61.90
2453913.78564 20.6708  0.2373 3.80  687.0  223.91   61.90
2453913.84188 20.4096  0.1755 3.63  643.0  223.91   61.90
2453913.87153 20.3731  0.2341 4.86  717.0  223.91   61.90
2453914.51430 20.3199  0.2928 5.84  894.0  223.91   61.90
2453914.73987 20.3047  0.1878 4.60  591.0  223.91   61.90
2453915.49000 20.4080  0.3205 5.75  969.0  223.91   61.90
2453915.67728 20.4462  0.1734 3.86  556.0  223.91   61.90
2453915.78634 20.1949  0.1545 4.50  532.0  223.91   61.90
2453916.75905 19.9868  0.2013 5.98  703.0  223.91   61.90
2453917.77624 21.0133  0.5463 6.26  723.0  223.91   61.90
2453918.77652 20.4180  0.2287 4.55  643.0  223.91   61.90
2453919.70667 20.5332  0.1972 3.75  603.0  223.91   61.90
2453920.66031 20.2482  0.1795 4.55  580.0  223.91   61.90
2453921.66884 20.1986  0.2321 5.46  704.0  223.91   61.90
2453930.73051 20.3896  0.2573 5.71  689.0  223.91   61.90
2453931.64666 20.1987  0.2197 5.14  716.0  223.91   61.90
2453932.61047 20.1649  0.1263 3.26  644.0  223.91   61.90
2453933.65798 20.3907  0.1717 3.87  561.0  223.91   61.90
2453934.62437 20.0044  0.1235 3.62  626.0  223.91   61.90
2453935.60543 20.1418  0.1421 4.05  577.0  223.91   61.90
2453936.59052 20.2790  0.2216 5.16  648.0  223.91   61.90
2453937.66925 20.5892  0.2365 4.02  661.0  223.91   61.90
2453938.63546 20.2943  0.2237 5.33  601.0  223.91   61.90
2453940.77951 19.8850  0.1242 4.56  577.0  223.91   61.90
2453944.72780 21.1144  0.4347 5.16  542.0  223.91   61.90
2453945.67184 20.4591  0.2268 4.53  641.0  223.91   61.90
2453946.66265 20.1406  0.1434 4.12  571.0  223.91   61.90
2453950.67790 20.4257  0.1813 4.04  563.0  223.91   61.90
2453951.70031 20.5547  0.2732 4.43  814.0  223.91   61.90
2453959.64963 20.3394  0.1977 4.21  707.0  223.91   61.90
2453960.64066 20.2839  0.1624 3.89  631.0  223.91   61.90
2453963.64603 20.0975  0.1488 4.12  653.0  223.91   61.90
2453964.68924 19.9674  0.1336 4.51  571.0  223.91   61.90
2453965.65698 20.2220  0.1408 3.72  576.0  223.91   61.90
2453966.65143 20.3766  0.2054 4.49  624.0  223.91   61.90
2453967.67493 20.4659  0.2109 4.40  532.0  223.91   61.90
2453968.63447 20.1207  0.1715 4.85  588.0  223.91   61.90
2453969.64491 21.4391  0.6665 5.59  588.0  223.91   61.90
2453970.65167 20.6788  0.2657 4.48  558.0  223.91   61.90
2453971.68295 20.8134  0.3187 4.99  585.0  223.91   61.90
2453974.64874 20.4147  0.2506 5.58  593.0  223.91   61.90
2453975.64129 20.3993  0.2112 4.50  653.0  223.91   61.90
2453976.63525 20.2346  0.1999 4.86  696.0  223.91   61.90
2453987.63257 20.2824  0.2123 4.95  819.0  223.91   61.90
2453989.58285 20.0184  0.1739 4.88  693.0  223.91   61.90
2453991.58429 20.1007  0.1961 5.52  677.0  223.91   61.90
2453995.53207 20.8493  0.3022 4.29  662.0  223.91   61.90
2454001.60240 20.3496  0.2448 5.13  748.0  223.91   61.90
2454003.59243 20.7089  0.3260 4.82  744.0  223.91   61.90
2454011.57579 19.9104  0.1875 5.31  899.0  223.91   61.90
2454016.54562 21.0000  0.5281 5.35  914.0  223.91   61.90
2454017.58447 22.3090  1.6914 4.22 1301.0  223.91   61.90
2454019.58660 20.1422  0.2996 6.38 1018.0  223.91   61.90
2454023.56940 20.8901  0.4926 5.14 1124.0  223.91   61.90
2454025.52393 20.2835  0.2267 4.52  902.0  223.91   61.90
2454027.52866 20.2201  0.2477 5.43  868.0  223.91   61.90
2454030.52073 20.7409  0.4791 6.39  797.0  223.91   61.90
2454153.84055 20.3885  0.2728 4.97  979.0  223.91   61.90
2454155.87534 20.6636  0.3146 4.82  817.0  223.91   61.90
2454158.83705 19.9499  0.1940 5.32  964.0  223.91   61.90
2454161.80491 20.2213  0.3406 5.88 1412.0  223.91   61.90
2454162.88781 20.1161  0.2082 4.48 1069.0  223.91   61.90
2454165.87213 20.2224  0.3320 5.30 1561.0  223.91   61.90
2454167.86510 20.1271  0.2298 5.06 1051.0  223.91   61.90
2454169.87946 20.3402  0.2019 3.81  927.0  223.91   61.90
2454174.88146 20.1542  0.1695 4.17  817.0  223.91   61.90
2454176.85881 20.0152  0.1700 4.31  881.0  223.91   61.90
2454178.78511 20.1260  0.1952 4.96  780.0  223.91   61.90
2454179.80999 20.1319  0.1749 4.29  825.0  223.91   61.90
2454180.87855 20.3060  0.2227 4.96  757.0  223.91   61.90
2454182.79096 20.0525  0.1419 4.02  683.0  223.91   61.90
2454183.82385 20.4071  0.2377 5.00  710.0  223.91   61.90
2454185.79967 20.1146  0.1750 4.73  709.0  223.91   61.90
2454190.90253 20.1296  0.1790 4.62  730.0  223.91   61.90
2454192.90184 20.1610  0.1788 4.43  813.0  223.91   61.90
2454193.91287 20.0846  0.1730 4.26  901.0  223.91   61.90
2454196.89252 20.1289  0.1596 3.69  907.0  223.91   61.90
2454202.90412 20.2427  0.2054 4.88  727.0  223.91   61.90
2454203.89229 20.2120  0.1584 3.58  843.0  223.91   61.90
2454204.89911 19.9868  0.1352 3.91  761.0  223.91   61.90
2454205.88860 20.0801  0.1737 4.61  778.0  223.91   61.90
2454207.91564 20.1067  0.1670 4.13  785.0  223.91   61.90
2454208.92130 20.1610  0.1728 4.05  824.0  223.91   61.90
2454213.89281 20.1672  0.1519 3.67  757.0  223.91   61.90
2454216.85145 20.0747  0.1464 4.40  635.0  223.91   61.90
2454217.87437 19.9906  0.1107 3.13  696.0  223.91   61.90
2454218.91807 20.2577  0.1978 4.39  785.0  223.91   61.90
2454220.90493 20.1111  0.2520 5.91  888.0  223.91   61.90
2454222.86496 20.3030  0.2166 3.80 1031.0  223.91   61.90
2454228.86589 20.2696  0.2447 4.87 1014.0  223.91   61.90
2454229.83180 19.9224  0.1301 3.51  898.0  223.91   61.90
2454230.81248 19.9423  0.1383 4.32  741.0  223.91   61.90
2454231.85482 19.8257  0.1397 4.45  808.0  223.91   61.90
2454232.87571 19.9002  0.2011 5.68  903.0  223.91   61.90
2454234.81385 20.2320  0.1840 4.16  793.0  223.91   61.90
2454234.82795 20.0741  0.1491 3.71  846.0  223.91   61.90
2454234.85063 19.9378  0.1375 3.92  826.0  223.91   61.90
2454234.93434 19.9058  0.2312 5.63 1217.0  223.91   61.90
2454235.62786 19.8371  0.1736 5.11 1027.0  223.91   61.90
2454235.83434 19.9090  0.1316 3.90  765.0  223.91   61.90
2454237.65114 20.0701  0.2322 6.32  783.0  223.91   61.90
2454238.83878 19.9973  0.1602 4.10  898.0  223.91   61.90
2454240.63686 19.8687  0.1745 5.55  853.0  223.91   61.90
2454240.65104 19.7860  0.1477 4.94  825.0  223.91   61.90
2454240.71683 19.8974  0.1619 5.04  793.0  223.91   61.90
2454240.72563 19.9134  0.1289 4.05  790.0  223.91   61.90
2454240.73462 20.1349  0.1538 3.94  793.0  223.91   61.90
2454240.74365 19.9124  0.1154 3.56  759.0  223.91   61.90
2454240.75225 19.9285  0.1343 4.11  763.0  223.91   61.90
2454240.75807 19.9739  0.1387 4.06  767.0  223.91   61.90
2454240.76400 20.1455  0.1687 4.30  739.0  223.91   61.90
2454240.76997 19.8659  0.1239 3.96  728.0  223.91   61.90
2454240.77919 19.9056  0.1332 4.15  730.0  223.91   61.90
2454240.79385 19.8895  0.1402 4.15  772.0  223.91   61.90
2454240.80236 19.7128  0.1243 4.49  764.0  223.91   61.90
2454240.81402 19.9034  0.1457 4.45  767.0  223.91   61.90
2454240.82243 19.7532  0.1340 4.80  768.0  223.91   61.90
2454240.83090 19.9435  0.1570 4.38  820.0  223.91   61.90
2454240.83924 19.9085  0.1471 4.27  838.0  223.91   61.90
2454240.85043 19.8918  0.1448 4.38  799.0  223.91   61.90
2454240.85874 19.7781  0.1413 4.52  831.0  223.91   61.90
2454240.86721 19.8310  0.1548 4.69  886.0  223.91   61.90
2454240.88529 19.9257  0.1553 4.26  920.0  223.91   61.90
2454240.89915 19.6992  0.1471 5.07  908.0  223.91   61.90
2454240.91319 19.7172  0.1394 4.69  883.0  223.91   61.90
2454240.92800 19.9132  0.1741 5.06  888.0  223.91   61.90
2454243.88512 20.0290  0.1713 4.50  873.0  223.91   61.90
2454244.89582 20.0120  0.1807 4.49  951.0  223.91   61.90
2454245.93490 19.8644  0.1637 4.75  920.0  223.91   61.90
2454246.93923 19.9517  0.1912 4.63 1093.0  223.91   61.90
2454247.59761 19.5869  0.1189 5.37  649.0  223.91   61.90
2454250.92551 19.8745  0.2149 5.27 1221.0  223.91   61.90
2454256.82390 20.0536  0.2792 6.40 1039.0  223.91   61.90
2454257.70778 20.0412  0.2005 5.55  779.0  223.91   61.90
2454258.81000 20.1526  0.2370 5.46  873.0  223.91   61.90
2454268.59101 19.9141  0.1933 5.75  851.0  223.91   61.90
2454269.73142 19.6786  0.1096 4.53  628.0  223.91   61.90
2454272.65266 19.8803  0.1251 4.02  763.0  223.91   61.90
2454273.70008 19.5757  0.1153 4.42  836.0  223.91   61.90
2454274.68394 19.6116  0.1160 4.39  878.0  223.91   61.90
2454275.74077 19.5961  0.1250 4.53  938.0  223.91   61.90
2454277.58158 19.6327  0.1320 4.70  942.0  223.91   61.90
2454278.71494 19.6856  0.1716 6.09  903.0  223.91   61.90
2454283.66187 19.4970  0.1038 3.58 1189.0  223.91   61.90
2454284.64319 19.3562  0.1017 4.21  989.0  223.91   61.90
2454285.65015 19.6142  0.1596 4.91 1100.0  223.91   61.90
2454286.74386 19.5616  0.1456 4.66 1359.0  223.91   61.90
2454289.69366 19.4735  0.1290 5.48  872.0  223.91   61.90
2454291.58804 19.3861  0.1177 5.90  781.0  223.91   61.90
2454292.62853 19.3663  0.0764 3.79  767.0  223.91   61.90
2454293.65693 19.4373  0.0792 3.64  688.0  223.91   61.90
2454294.69752 19.5522  0.1059 5.08  607.0  223.91   61.90
2454295.65816 19.4147  0.0709 3.86  553.0  223.91   61.90
2454296.64101 19.3170  0.0629 3.70  566.0  223.91   61.90
2454297.56821 19.3568  0.0758 3.91  646.0  223.91   61.90
2454298.80038 19.2373  0.1073 5.86  858.0  223.91   61.90
2454299.76992 19.2803  0.0738 4.46  613.0  223.91   61.90
2454300.70604 19.3174  0.0782 4.78  577.0  223.91   61.90
2454301.56916 19.2214  0.0741 4.35  796.0  223.91   61.90
2454302.80313 19.3271  0.1143 6.10  690.0  223.91   61.90
2454306.56018 19.1710  0.1083 5.98  932.0  223.91   61.90
2454311.60339 19.0553  0.1116 5.63 1302.0  223.91   61.90
2454312.66995 19.0385  0.0685 3.87  968.0  223.91   61.90
2454317.65706 18.8561  0.0607 4.99  685.0  223.91   61.90
2454319.66605 18.8700  0.0702 5.57  739.0  223.91   61.90
2454326.67515 18.6264  0.0471 4.95  615.0  223.91   61.90
2454327.71108 18.5277  0.0564 5.90  808.0  223.91   61.90
2454328.64584 18.4787  0.0407 4.41  639.0  223.91   61.90
2454329.63634 18.3856  0.0475 5.91  722.0  223.91   61.90
2454330.65046 18.2854  0.0322 4.13  661.0  223.91   61.90
2454331.64589 18.2636  0.0345 4.85  622.0  223.91   61.90
2454332.70052 18.1894  0.0389 5.03  910.0  223.91   61.90
2454333.64968 18.0846  0.0357 5.24  785.0  223.91   61.90
2454334.66315 18.2581  0.0838 6.63 2176.0  223.91   61.90
2454338.68277 17.7238  0.0389 6.36 1424.0  223.91   61.90
2454339.65270 17.6025  0.0285 5.45 1138.0  223.91   61.90
2454340.71590 17.5059  0.0299 4.99 1844.0  223.91   61.90
2454341.69733 17.3743  0.0313 6.43 1385.0  223.91   61.90
2454342.69381 17.1786  0.0223 6.67  983.0  223.91   61.90
2454343.66362 16.9845  0.0149 5.00  891.0  223.91   61.90
2454345.47465 16.5306  0.0125 4.50 1732.0  223.91   61.90
2454345.52386 16.5000  0.0091 3.62  855.0  223.91   61.90
2454345.58229 16.4907  0.0090 3.60  793.0  223.91   61.90
2454345.66348 16.4522  0.0123 6.05 1092.0  223.91   61.90
2454346.47987 16.1225  0.0096 6.16 1082.0  223.91   61.90
2454346.53354 16.0868  0.0089 6.16  870.0  223.91   61.90
2454346.61830 16.0479  0.0075 4.73  797.0  223.91   61.90
2454346.66865 16.0275  0.0077 5.14  831.0  223.91   61.90
2454347.49815 15.4694  0.0057 5.97  767.0  223.91   61.90
2454347.54772 15.4375  0.0051 4.54  751.0  223.91   61.90
2454347.63215 15.3543  0.0049 5.28  718.0  223.91   61.90
2454347.68278 15.3008  0.0049 5.77  796.0  223.91   61.90
2454348.47559 13.9091  0.0024 5.50 1486.0  223.91   61.90
2454348.48733 13.9207  0.0023 5.04  805.0  223.91   61.90
2454348.49863 13.9386  0.0018 4.35  514.0  223.91   61.90
2454348.50464 13.9527  0.0019 4.49  518.0  223.91   61.90
2454348.51060 13.9735  0.0016 4.60  395.0  223.91   61.90
2454348.51680 13.9802  0.0019 4.97  524.0  223.91   61.90
2454348.51955 13.9958  0.0019 5.11  520.0  223.91   61.90
2454348.52333 13.9993  0.0019 4.87  524.0  223.91   61.90
2454348.52595 14.0170  0.0019 4.54  518.0  223.91   61.90
2454348.52917 14.0222  0.0024 4.59  783.0  223.91   61.90
2454348.53220 14.0288  0.0024 4.52  785.0  223.91   61.90
2454348.53518 14.0467  0.0023 4.17  764.0  223.91   61.90
2454348.53814 14.0644  0.0019 3.94  496.0  223.91   61.90
2454348.54437 14.0730  0.0019 4.12  511.0  223.91   61.90
2454348.54710 14.0954  0.0024 3.95  767.0  223.91   61.90
2454348.55003 14.1100  0.0024 3.89  745.0  223.91   61.90
2454348.55320 14.1189  0.0024 3.84  732.0  223.91   61.90
2454348.55611 14.1352  0.0024 3.63  756.0  223.91   61.90
2454348.55910 14.1460  0.0024 3.49  771.0  223.91   61.90
2454348.56207 14.1455  0.0024 3.83  776.0  223.91   61.90
2454348.56506 14.1546  0.0024 3.96  761.0  223.91   61.90
2454348.56796 14.1589  0.0025 3.96  753.0  223.91   61.90
2454348.57090 14.1686  0.0025 3.96  728.0  223.91   61.90
2454348.57381 14.1787  0.0025 3.87  717.0  223.91   61.90
2454348.57661 14.1805  0.0025 3.91  722.0  223.91   61.90
2454348.57955 14.1892  0.0024 3.56  718.0  223.91   61.90
2454348.58245 14.1928  0.0025 3.99  728.0  223.91   61.90
2454348.58532 14.1991  0.0025 3.76  709.0  223.91   61.90
2454348.58820 14.1934  0.0025 3.99  710.0  223.91   61.90
2454348.59116 14.1995  0.0025 3.88  712.0  223.91   61.90
2454348.59404 14.1984  0.0025 4.02  726.0  223.91   61.90
2454348.59695 14.1956  0.0025 4.10  727.0  223.91   61.90
2454348.59975 14.1982  0.0025 4.15  731.0  223.91   61.90
2454348.60255 14.1947  0.0025 4.06  735.0  223.91   61.90
2454348.60551 14.1898  0.0025 4.22  742.0  223.91   61.90
2454348.60839 14.1891  0.0025 4.49  735.0  223.91   61.90
2454348.61129 14.1918  0.0026 4.89  733.0  223.91   61.90
2454348.61409 14.1877  0.0026 5.36  735.0  223.91   61.90
2454348.61691 14.1840  0.0025 4.58  735.0  223.91   61.90
2454348.62343 14.1848  0.0025 4.64  737.0  223.91   61.90
2454348.63037 14.1765  0.0026 5.09  741.0  223.91   61.90
2454348.63658 14.1628  0.0025 4.98  757.0  223.91   61.90
2454348.64281 14.1603  0.0025 4.92  778.0  223.91   61.90
2454348.64603 14.1628  0.0025 4.97  783.0  223.91   61.90
2454348.64894 14.1609  0.0026 5.30  779.0  223.91   61.90
2454348.65544 14.1532  0.0026 5.35  759.0  223.91   61.90
2454348.65827 14.1530  0.0026 5.38  758.0  223.91   61.90
2454348.66122 14.1443  0.0025 5.08  776.0  223.91   61.90
2454348.66427 14.1442  0.0025 5.10  797.0  223.91   61.90
2454348.67087 14.1316  0.0025 5.30  804.0  223.91   61.90
2454348.67387 14.1372  0.0025 5.11  796.0  223.91   61.90
2454348.67667 14.1274  0.0025 5.34  817.0  223.91   61.90
2454348.67960 14.1254  0.0026 5.75  837.0  223.91   61.90
2454348.68247 14.1236  0.0026 5.85  870.0  223.91   61.90
2454348.68534 14.1201  0.0025 5.47  874.0  223.91   61.90
2454348.68820 14.1197  0.0026 5.79  868.0  223.91   61.90
2454348.69107 14.1153  0.0026 6.04  873.0  223.91   61.90
2454348.69387 14.1190  0.0026 6.07  880.0  223.91   61.90
2454348.69677 14.1196  0.0026 6.22  884.0  223.91   61.90
2454349.47299 14.9504  0.0049 5.24 2263.0  223.91   61.90
2454349.47632 14.9484  0.0044 5.61 1267.0  223.91   61.90
2454349.47995 14.9682  0.0042 5.30  956.0  223.91   61.90
2454349.50945 15.0007  0.0040 4.72  746.0  223.91   61.90
2454349.53630 15.0368  0.0039 3.93  657.0  223.91   61.90
2454349.57020 15.0813  0.0040 4.21  637.0  223.91   61.90
2454349.60405 15.1159  0.0041 4.63  612.0  223.91   61.90
2454349.63812 15.1609  0.0043 4.94  632.0  223.91   61.90
2454349.65783 15.1772  0.0045 5.46  725.0  223.91   61.90
2454350.47440 15.8683  0.0096 5.96 1719.0  223.91   61.90
2454350.52275 15.8837  0.0065 3.95  822.0  223.91   61.90
2454350.56310 15.9235  0.0063 3.74  752.0  223.91   61.90
2454350.62794 15.9383  0.0068 4.92  726.0  223.91   61.90
2454350.68246 15.9754  0.0077 6.19  783.0  223.91   61.90
2454351.49627 16.3633  0.0088 4.27  770.0  223.91   61.90
2454351.65326 16.4062  0.0095 5.27  726.0  223.91   61.90
2454352.54377 16.7102  0.0131 5.69  821.0  223.91   61.90
2454353.47675 16.9218  0.0152 4.27 1397.0  223.91   61.90
2454353.52897 16.9457  0.0129 4.05  874.0  223.91   61.90
2454353.59212 16.9523  0.0145 4.70  976.0  223.91   61.90
2454353.62590 16.9819  0.0184 6.07 1059.0  223.91   61.90
2454354.50306 17.1375  0.0143 4.10  895.0  223.91   61.90
2454354.55459 17.1512  0.0166 5.05  804.0  223.91   61.90
2454354.61165 17.1893  0.0175 5.58  731.0  223.91   61.90
2454354.66203 17.1697  0.0176 5.78  768.0  223.91   61.90
2454355.49667 17.2891  0.0171 4.30  980.0  223.91   61.90
2454355.56467 17.3388  0.0195 5.16  865.0  223.91   61.90
2454355.59383 17.3732  0.0205 5.33  864.0  223.91   61.90
2454355.65861 17.3406  0.0239 6.52  895.0  223.91   61.90
2454356.47743 17.4905  0.0233 4.33 1337.0  223.91   61.90
2454356.52263 17.5083  0.0225 5.14  777.0  223.91   61.90
2454356.57629 17.4951  0.0207 4.87  764.0  223.91   61.90
2454357.48706 17.6200  0.0277 6.13  834.0  223.91   61.90
2454357.60004 17.6156  0.0271 5.97  802.0  223.91   61.90
2454357.64829 17.6404  0.0246 5.32  804.0  223.91   61.90
2454358.51469 17.7058  0.0312 6.30  850.0  223.91   61.90
2454358.56165 17.7036  0.0244 4.80  778.0  223.91   61.90
2454358.63290 17.7303  0.0307 6.44  772.0  223.91   61.90
2454359.48887 17.7888  0.0272 4.71  927.0  223.91   61.90
2454359.57353 17.8330  0.0262 4.77  743.0  223.91   61.90
2454359.64957 17.8330  0.0345 6.25  907.0  223.91   61.90
2454360.54704 17.9816  0.0347 5.48  804.0  223.91   61.90
2454361.51295 18.0263  0.0505 6.74 1085.0  223.91   61.90
2454361.58506 18.0258  0.0408 5.82  942.0  223.91   61.90
2454361.64430 18.0334  0.0465 6.36 1071.0  223.91   61.90
2454362.49777 18.1620  0.0740 4.19 4707.0  223.91   61.90
2454362.53669 18.2097  0.0968 4.66 5702.0  223.91   61.90
2454365.51917 18.3732  0.0560 5.59 1095.0  223.91   61.90
2454365.62164 18.4053  0.0715 6.22 1461.0  223.91   61.90
2454367.49278 18.4098  0.0412 3.73 1140.0  223.91   61.90
2454367.55175 18.4516  0.0497 4.33 1150.0  223.91   61.90
2454367.61864 18.4534  0.0728 6.23 1346.0  223.91   61.90
2454368.50175 18.5164  0.0575 4.96 1055.0  223.91   61.90
2454368.56656 18.4546  0.0606 5.65 1079.0  223.91   61.90
2454369.48844 18.6193  0.0804 6.07 1230.0  223.91   61.90
2454369.58096 18.5532  0.0755 6.09 1283.0  223.91   61.90
2454370.49050 18.6372  0.0620 4.82 1040.0  223.91   61.90
2454370.55367 18.6157  0.0459 3.38 1103.0  223.91   61.90
2454370.61734 18.5581  0.0556 3.98 1413.0  223.91   61.90
2454371.48767 18.6201  0.0500 4.26  882.0  223.91   61.90
2454371.55082 18.6036  0.0460 3.62 1027.0  223.91   61.90
2454371.62034 18.6196  0.0822 6.28 1256.0  223.91   61.90
2454372.48950 18.6405  0.0486 4.05  898.0  223.91   61.90
2454372.55534 18.6260  0.0420 3.49  850.0  223.91   61.90
2454372.60646 18.7845  0.0624 4.19 1069.0  223.91   61.90
2454373.49831 18.7650  0.0740 5.45  941.0  223.91   61.90
2454373.55423 18.7584  0.0697 5.02 1011.0  223.91   61.90
2454375.48998 18.7290  0.0826 6.09 1137.0  223.91   61.90
2454376.55710 18.8766  0.0921 6.32  923.0  223.91   61.90
2454377.48992 18.8432  0.0538 3.60  935.0  223.91   61.90
2454377.56715 18.7477  0.0713 5.72  934.0  223.91   61.90
2454377.62361 18.9300  0.1059 7.04  996.0  223.91   61.90
2454378.48830 18.9320  0.0693 4.36  953.0  223.91   61.90
2454378.55390 18.9123  0.0769 5.19  827.0  223.91   61.90
2454379.50367 19.0549  0.1149 6.66  945.0  223.91   61.90
2454379.54914 18.9654  0.0976 6.28  876.0  223.91   61.90
2454380.48380 18.8882  0.0995 5.30 1463.0  223.91   61.90
2454380.56517 19.0347  0.0657 3.89  851.0  223.91   61.90
2454381.49008 18.9745  0.1020 5.79 1109.0  223.91   61.90
2454381.55905 19.0909  0.0920 4.56 1095.0  223.91   61.90
2454382.49412 19.1252  0.1053 5.63 1076.0  223.91   61.90
2454383.50204 19.2069  0.0960 5.02  915.0  223.91   61.90
2454383.57649 19.0225  0.0956 5.40 1126.0  223.91   61.90
2454384.50111 19.3098  0.1303 6.29  862.0  223.91   61.90
2454391.49749 19.2676  0.1031 4.34 1112.0  223.91   61.90
2454392.50279 19.2540  0.1605 4.57 2752.0  223.91   61.90
2454393.49138 19.2850  0.1007 4.00 1308.0  223.91   61.90
2454394.49026 19.2623  0.1089 3.66 1815.0  223.91   61.90
2454395.50124 19.5340  0.1423 4.23 1241.0  223.91   61.90
2454396.49576 19.6325  0.2196 5.66 1614.0  223.91   61.90
2454397.49727 19.6189  0.1634 4.36 1511.0  223.91   61.90
2454398.50518 19.4918  0.1440 4.26 1291.0  223.91   61.90
2454399.49815 19.3983  0.1528 5.10 1537.0  223.91   61.90
2454400.50039 19.5461  0.1558 4.80 1428.0  223.91   61.90
2454402.51514 20.0227  0.2770 5.78 1218.0  223.91   61.90
2454403.49667 19.5856  0.2626 6.33 1989.0  223.91   61.90
2454407.51094 19.6875  0.1922 5.87 1072.0  223.91   61.90
2454408.53051 19.5407  0.1888 6.27 1185.0  223.91   61.90
2454409.50553 19.5489  0.2177 5.93 1666.0  223.91   61.90
2454411.52355 19.5733  0.1916 5.76 1325.0  223.91   61.90
2454518.89801 20.9725  0.6050 5.03 1538.0  223.91   61.90
2454520.88452 20.1942  0.2690 5.93  934.0  223.91   61.90
2454523.87329 20.2512  0.2744 5.59  973.0  223.91   61.90
2454525.86801 21.0949  0.7336 3.95 2502.0  223.91   61.90
2454530.80856 20.7547  0.2940 3.89  907.0  223.91   61.90
2454531.83177 20.1503  0.1973 4.69  903.0  223.91   61.90
2454532.87952 20.6172  0.3032 5.05  769.0  223.91   61.90
2454533.84227 19.9795  0.1963 5.71  790.0  223.91   61.90
2454534.89787 20.1216  0.2216 6.06  678.0  223.91   61.90
2454535.85839 20.7175  0.3837 5.81  787.0  223.91   61.90
2454536.85330 20.1036  0.1809 4.77  798.0  223.91   61.90
2454537.80829 20.1337  0.1816 4.81  728.0  223.91   61.90
2454538.86299 20.0767  0.1893 4.72  810.0  223.91   61.90
2454539.81308 20.3496  0.2267 4.53  784.0  223.91   61.90
2454540.85719 20.5283  0.2447 4.12  773.0  223.91   61.90
2454541.84501 20.4441  0.1995 4.06  704.0  223.91   61.90
2454543.83471 20.4282  0.2072 4.42  645.0  223.91   61.90
2454544.83153 20.3500  0.2415 4.86  865.0  223.91   61.90
2454545.84916 20.3387  0.2094 4.02  884.0  223.91   61.90
2454547.82293 20.1408  0.1856 4.10  994.0  223.91   61.90
2454550.82190 20.0618  0.1978 4.95  873.0  223.91   61.90
2454552.81203 20.2043  0.2496 4.99 1005.0  223.91   61.90
2454556.90377 20.1601  0.1972 4.30  953.0  223.91   61.90
2454558.89884 20.2577  0.1715 3.91  727.0  223.91   61.90
2454559.89385 20.3196  0.1872 3.94  688.0  223.91   61.90
2454560.89401 20.1938  0.1507 3.86  629.0  223.91   61.90
2454561.88306 20.1483  0.1415 3.82  655.0  223.91   61.90
2454564.88721 20.2419  0.1638 4.17  620.0  223.91   61.90
2454565.87682 20.1493  0.1245 3.28  670.0  223.91   61.90
2454566.87805 20.2901  0.1593 3.82  681.0  223.91   61.90
2454567.88363 20.3230  0.1801 4.14  689.0  223.91   61.90
2454568.91584 19.9386  0.1454 4.05  841.0  223.91   61.90
2454569.90189 20.3430  0.2195 4.67  715.0  223.91   61.90
2454570.90750 20.6534  0.2917 4.37  802.0  223.91   61.90
2454571.86907 20.1916  0.1522 3.84  664.0  223.91   61.90
2454572.90769 20.4475  0.2518 4.75  803.0  223.91   61.90
2454573.88347 20.4399  0.1870 4.12  622.0  223.91   61.90
2454574.89125 20.1207  0.1863 4.20  864.0  223.91   61.90
2454575.90248 20.1677  0.1768 3.91  959.0  223.91   61.90
2454583.87272 19.9253  0.1776 4.32 1160.0  223.91   61.90
2454585.85645 20.3448  0.1983 4.07  811.0  223.91   61.90
2454586.87523 20.3485  0.2365 4.77  821.0  223.91   61.90
2454587.88708 20.6238  0.3556 5.53  836.0  223.91   61.90
2454588.77736 20.1870  0.1721 4.34  732.0  223.91   61.90
2454589.74669 20.2611  0.2309 5.22  738.0  223.91   61.90
2454590.82634 20.1379  0.1654 4.13  755.0  223.91   61.90
2454591.73920 20.1690  0.1891 4.41  874.0  223.91   61.90
2454592.81268 20.2852  0.2359 4.17 1025.0  223.91   61.90
2454593.79818 20.5401  0.2511 4.27  772.0  223.91   61.90
2454594.82881 19.9699  0.1453 4.24  761.0  223.91   61.90
2454595.81729 20.3169  0.1888 4.15  693.0  223.91   61.90
2454596.77295 19.9960  0.1240 4.06  617.0  223.91   61.90
2454597.83482 20.6300  0.3071 4.65  819.0  223.91   61.90
2454598.80430 20.3589  0.1510 3.65  581.0  223.91   61.90
2454599.78353 20.4830  0.2022 4.07  669.0  223.91   61.90
2454599.83355 20.4871  0.2061 4.20  646.0  223.91   61.90
2454600.80594 20.0616  0.1157 3.44  615.0  223.91   61.90
2454601.79452 20.3799  0.1765 3.89  665.0  223.91   61.90
2454602.79817 20.1875  0.1375 3.30  771.0  223.91   61.90
2454611.77560 20.6897  0.5670 4.43 2620.0  223.91   61.90
2454616.77165 20.4482  0.1839 3.92  600.0  223.91   61.90
2454618.67214 20.6153  0.2999 5.10  742.0  223.91   61.90
2454622.75160 20.4648  0.2556 4.73  728.0  223.91   61.90
2454623.82394 20.7153  0.3269 4.78  844.0  223.91   61.90
2454624.76272 20.3855  0.2705 5.19  808.0  223.91   61.90
2454625.74629 20.6345  0.3361 5.23  748.0  223.91   61.90
2454626.80776 20.6578  0.2848 5.04  638.0  223.91   61.90
2454627.78528 20.2011  0.1541 4.43  586.0  223.91   61.90
2454628.71395 20.4783  0.2071 4.03  685.0  223.91   61.90
2454629.78332 20.1719  0.1855 4.76  746.0  223.91   61.90
2454630.72250 20.1835  0.1655 4.10  709.0  223.91   61.90
2454630.83220 20.2477  0.0781 4.99   99.0  223.91   61.90
2454631.73837 20.1532  0.1386 3.89  632.0  223.91   61.90
2454632.77216 20.5029  0.2283 4.17  783.0  223.91   61.90
2454633.90761 20.0345  0.2542 5.35 1320.0  223.91   61.90
2454639.86034 19.8982  0.3558 6.23 2205.0  223.91   61.90
2454641.90243 20.7891  0.6105 5.97 1451.0  223.91   61.90
2454642.54816 20.3224  0.2548 4.81  989.0  223.91   61.90
2454643.70523 20.2643  0.2002 4.82  627.0  223.91   61.90
2454644.79473 20.6208  0.2807 4.59  716.0  223.91   61.90
2454645.70736 20.4169  0.2988 6.19  671.0  223.91   61.90
2454646.67430 20.1616  0.1455 3.94  630.0  223.91   61.90
2454647.69630 20.3660  0.2365 4.48  791.0  223.91   61.90
2454649.68088 20.0404  0.1439 4.06  668.0  223.91   61.90
2454650.71887 20.5368  0.2885 5.15  707.0  223.91   61.90
2454651.71945 19.9707  0.1768 5.10  741.0  223.91   61.90
2454652.65201 20.4560  0.2463 4.81  729.0  223.91   61.90
2454653.67946 20.5922  0.2672 4.39  788.0  223.91   61.90
2454654.68429 20.2914  0.2309 5.06  730.0  223.91   61.90
2454655.68492 20.4463  0.1864 3.91  642.0  223.91   61.90
2454656.65133 20.2400  0.2352 4.96  858.0  223.91   61.90
2454658.80860 20.4861  0.4353 6.85 1007.0  223.91   61.90
2454661.64166 19.9994  0.2658 3.88 2842.0  223.91   61.90
2454666.51221 20.3027  0.3189 5.06 1408.0  223.91   61.90
2454671.69728 20.7111  0.2915 4.80  671.0  223.91   61.90
2454672.65710 20.5832  0.3165 5.48  727.0  223.91   61.90
2454674.68506 20.2558  0.2011 4.75  684.0  223.91   61.90
2454677.72918 20.5671  0.3087 5.57  678.0  223.91   61.90
2454681.71311 20.2458  0.2736 6.52  718.0  223.91   61.90
2454682.71073 20.4469  0.2151 4.29  629.0  223.91   61.90
2454683.66678 20.5952  0.3236 5.68  694.0  223.91   61.90
2454684.68555 20.2365  0.2128 5.31  703.0  223.91   61.90
2454684.77870 20.0806  0.2741 6.29 1031.0  223.91   61.90
2454685.71133 20.4208  0.2315 4.43  780.0  223.91   61.90
2454687.69958 20.3338  0.2722 5.20  872.0  223.91   61.90
2454688.64552 20.5056  0.2406 4.20  732.0  223.91   61.90
2454694.73344 21.1052  0.8986 6.97 1280.0  223.91   61.90
2454697.65436 20.0226  0.2286 6.37  808.0  223.91   61.90
2454698.67250 20.6304  0.3809 6.33  775.0  223.91   61.90
2454700.66771 20.1875  0.2100 5.37  689.0  223.91   61.90
2454701.65102 20.9015  0.4258 6.19  624.0  223.91   61.90
2454702.66548 20.6419  0.3737 6.85  613.0  223.91   61.90
2454708.68708 20.1775  0.2060 4.90  779.0  223.91   61.90
2454715.64817 20.5891  0.3957 6.35  825.0  223.91   61.90
2454720.65386 20.0395  0.3032 5.64 1538.0  223.91   61.90
2454721.66164 20.4212  0.4217 6.38 1199.0  223.91   61.90
2454722.48153 21.6865  1.3499 6.66 1074.0  223.91   61.90
2454722.50907 20.5121  0.3432 5.84  927.0  223.91   61.90
2454722.59794 20.4442  0.2812 4.59  995.0  223.91   61.90
2454722.65188 19.9687  0.2160 5.12 1122.0  223.91   61.90
2454724.58055 20.0269  0.2141 4.70 1107.0  223.91   61.90
2454725.62478 20.6288  0.4268 4.89 1244.0  223.91   61.90
2454726.63360 20.3718  0.3198 5.82  906.0  223.91   61.90
2454733.61405 20.3827  0.2657 5.53  738.0  223.91   61.90
2454739.50678 20.3868  0.3037 5.90  832.0  223.91   61.90
2454750.55611 19.6834  0.1835 5.48 1126.0  223.91   61.90
2454757.56299 20.6879  0.3268 4.27  950.0  223.91   61.90
2454763.53932 20.1536  0.2461 5.33  957.0  223.91   61.90
2454877.87942 19.9754  0.1461 3.93  820.0  223.91   61.90
2454883.89330 20.3319  0.2797 5.15  925.0  223.91   61.90
2454886.86001 20.2654  0.2274 4.87  803.0  223.91   61.90
2454890.83250 20.5247  0.3399 5.99  764.0  223.91   61.90
2454894.88352 20.4220  0.3494 6.86  751.0  223.91   61.90
2454898.90114 20.4698  0.2643 4.79  833.0  223.91   61.90
2454900.86225 20.3553  0.2138 3.79  906.0  223.91   61.90
2454902.83946 20.6010  0.2539 3.63  893.0  223.91   61.90
2454903.90218 20.3176  0.2135 4.40  902.0  223.91   61.90
2454904.86767 20.7612  0.3155 4.40  803.0  223.91   61.90
2454911.90286 20.5457  0.2159 4.44  650.0  223.91   61.90
2454913.91631 20.1692  0.2041 5.11  858.0  223.91   61.90
2454924.91060 20.5476  0.2449 4.94  673.0  223.91   61.90
2454926.77198 20.3942  0.2411 4.62  901.0  223.91   61.90
2454928.81736 21.0736  0.4884 5.07  802.0  223.91   61.90
2454930.75283 20.1054  0.2061 4.16 1115.0  223.91   61.90
2454931.91280 20.4533  0.2958 4.92  969.0  223.91   61.90
2454932.80280 20.2572  0.1893 4.19  894.0  223.91   61.90
2454933.75042 20.5291  0.3615 5.30 1084.0  223.91   61.90
2454934.84870 20.0865  0.1786 4.05  970.0  223.91   61.90
2454938.85717 20.8310  0.4768 5.56 1279.0  223.91   61.90
2454940.82993 20.0667  0.1900 4.76  740.0  223.91   61.90
2454941.85368 20.3131  0.2254 6.06  673.0  223.91   61.90
2454942.87974 20.3881  0.2098 5.19  685.0  223.91   61.90
2454943.73634 19.8610  0.1196 4.01  637.0  223.91   61.90
2454944.80119 20.1313  0.1699 5.40  670.0  223.91   61.90
2454949.81568 20.1431  0.1511 4.25  683.0  223.91   61.90
2454951.84066 20.0670  0.1886 5.44  848.0  223.91   61.90
2454953.74517 20.3638  0.2296 4.69  707.0  223.91   61.90
