2452125.61979 18.8041  0.0930 4.75 2029.0   88.22  258.02
2452129.69452 18.7176  0.0517 4.04  959.0   88.22  258.02
2452132.63609 18.7406  0.0528 3.78  955.0   88.22  258.02
2452136.54015 18.6141  0.0645 5.43  938.0   88.22  258.02
2452141.55189 18.6902  0.0571 4.42  952.0   88.22  258.02
2452144.64178 18.6675  0.0574 4.50  901.0   88.22  258.02
2452160.60957 18.5796  0.0859 6.61 1127.0   88.22  258.02
2452175.64762 18.7973  0.1058 6.01 1574.0   88.22  258.02
2452211.50426 18.8553  0.1219 6.70 1565.0   88.22  258.02
2452347.83597 18.7074  0.0547 4.05  950.0   88.22  258.02
2452357.86350 18.6849  0.0554 4.37  970.0   88.22  258.02
2452383.82325 18.7561  0.0548 4.08  951.0   88.22  258.02
2452388.79393 18.7825  0.0725 5.01 1101.0   88.22  258.02
2452397.70101 18.6684  0.0538 4.18 1213.0   88.22  258.02
2452403.90965 18.7478  0.0581 4.45 1112.0   88.22  258.02
2452411.73732 18.7652  0.0494 4.46  703.0   88.22  258.02
2452414.90207 18.7559  0.0722 5.45 1059.0   88.22  258.02
2452416.85436 18.7689  0.0683 4.93 1097.0   88.22  258.02
2452424.82173 18.8018  0.0723 4.73 1187.0   88.22  258.02
2452428.85034 18.7151  0.0677 5.10 1039.0   88.22  258.02
2452436.79738 18.6512  0.0552 4.14 1060.0   88.22  258.02
2452445.64198 18.7041  0.0657 4.15  958.0   88.22  258.02
2452455.70000 18.6581  0.0625 3.83 1709.0   88.22  258.02
2452459.62002 18.7332  0.0522 4.27  790.0   88.22  258.02
2452463.55132 18.6933  0.0625 4.70 1040.0   88.22  258.02
2452466.65047 18.7194  0.0677 5.63  897.0   88.22  258.02
2452468.68070 18.6917  0.0480 4.04  841.0   88.22  258.02
2452470.66313 18.7026  0.0514 4.03  865.0   88.22  258.02
2452472.68832 18.6807  0.0512 4.34  891.0   88.22  258.02
2452481.56771 18.7826  0.0888 6.10 1139.0   88.22  258.02
2452484.63026 18.6411  0.0659 5.17  959.0   88.22  258.02
2452486.72225 18.8118  0.0989 6.99 1029.0   88.22  258.02
2452490.69045 18.7508  0.0660 5.11  934.0   88.22  258.02
2452493.65197 18.7022  0.0675 5.12 1081.0   88.22  258.02
2452495.75392 18.7096  0.0735 5.23 1264.0   88.22  258.02
2452498.51746 18.6749  0.0423 3.19  926.0   88.22  258.02
2452500.56195 18.6898  0.0510 3.57 1015.0   88.22  258.02
2452502.57318 18.6833  0.0566 4.03 1116.0   88.22  258.02
2452508.67348 18.6411  0.0779 5.50 1379.0   88.22  258.02
2452512.61982 18.6320  0.0645 4.57 1173.0   88.22  258.02
2452517.57373 18.7044  0.0600 4.27 1031.0   88.22  258.02
2452520.58903 18.6848  0.0622 4.65 1002.0   88.22  258.02
2452528.49432 18.6134  0.0657 5.02 1115.0   88.22  258.02
2452538.50073 18.7173  0.0688 4.26 1273.0   88.22  258.02
2452542.52805 18.6549  0.0694 3.68 2264.0   88.22  258.02
2452552.50201 18.6795  0.0820 5.75 1215.0   88.22  258.02
2452556.58612 18.7999  0.0965 5.58 1447.0   88.22  258.02
2452563.50055 18.5994  0.0624 5.06 1275.0   88.22  258.02
2452575.52875 18.8269  0.0908 5.31 1339.0   88.22  258.02
2452707.86995 18.7072  0.0587 4.41  951.0   88.22  258.02
2452714.90923 18.7261  0.0522 3.35  988.0   88.22  258.02
2452729.84320 18.7071  0.0838 6.39 1082.0   88.22  258.02
2452733.92335 18.5745  0.0841 4.76 2008.0   88.22  258.02
2452744.92116 18.6311  0.0483 3.82 1109.0   88.22  258.02
2452753.89559 18.6967  0.0614 4.43 1156.0   88.22  258.02
2452757.80733 18.6834  0.0571 4.17 1170.0   88.22  258.02
2452761.82443 18.6922  0.0541 3.96 1090.0   88.22  258.02
2452767.79975 18.6612  0.0721 5.55 1168.0   88.22  258.02
2452775.72882 18.8473  0.1174 6.38 1639.0   88.22  258.02
2452783.83278 18.6382  0.0516 3.89 1057.0   88.22  258.02
2452785.75841 18.6257  0.0547 4.42 1069.0   88.22  258.02
2452787.60875 18.6057  0.0672 5.41 1196.0   88.22  258.02
2452789.76546 18.6434  0.0525 4.05 1048.0   88.22  258.02
2452791.72186 18.7191  0.0559 4.19  916.0   88.22  258.02
2452794.93652 18.6128  0.0677 4.83 1367.0   88.22  258.02
2452796.83556 18.7208  0.0489 3.35  916.0   88.22  258.02
2452797.89680 18.7108  0.0565 4.52 1019.0   88.22  258.02
2452809.72467 18.6545  0.0654 4.54 1115.0   88.22  258.02
2452811.64901 18.7332  0.0788 5.77 1075.0   88.22  258.02
2452812.72352 18.7131  0.0658 5.22 1046.0   88.22  258.02
2452813.83279 18.6584  0.0590 4.25 1124.0   88.22  258.02
2452814.75633 18.7877  0.0667 4.78 1023.0   88.22  258.02
2452816.62101 18.7038  0.0521 3.97  830.0   88.22  258.02
2452818.59229 18.7091  0.0528 4.00  926.0   88.22  258.02
2452820.79893 18.7038  0.0585 3.98 1158.0   88.22  258.02
2452826.76240 18.7558  0.0532 4.26  801.0   88.22  258.02
2452835.64653 18.6059  0.0791 5.58 1433.0   88.22  258.02
2452837.64332 18.6087  0.0905 4.83 2327.0   88.22  258.02
2452839.71578 18.6229  0.0643 5.28 1037.0   88.22  258.02
2452841.72507 18.6600  0.0544 3.82 1106.0   88.22  258.02
2452843.65161 18.6174  0.0626 5.30 1124.0   88.22  258.02
2452845.66224 18.7341  0.0682 5.18 1032.0   88.22  258.02
2452850.53023 18.6505  0.0501 3.36 1253.0   88.22  258.02
2452852.54263 18.6427  0.0774 5.87 1123.0   88.22  258.02
2452854.54637 18.6717  0.0584 4.40 1142.0   88.22  258.02
2452856.73671 18.5693  0.0810 6.50 1306.0   88.22  258.02
2452858.68936 18.8202  0.1023 4.22 2812.0   88.22  258.02
2452862.60203 18.7285  0.0816 5.09 1343.0   88.22  258.02
2452865.70560 18.7473  0.0759 4.12 1798.0   88.22  258.02
2452868.59182 18.6542  0.0470 3.59  944.0   88.22  258.02
2452876.58808 18.6068  0.0558 4.71  967.0   88.22  258.02
2452879.63836 18.6333  0.0570 4.68  941.0   88.22  258.02
2452884.66873 18.6011  0.0658 5.28 1139.0   88.22  258.02
2452892.65710 18.8240  0.1092 5.97 1702.0   88.22  258.02
2452895.63079 18.7034  0.0547 3.77 1197.0   88.22  258.02
2452900.55901 18.7003  0.0681 4.66 1146.0   88.22  258.02
2452906.51093 18.6421  0.0709 5.37 1187.0   88.22  258.02
2452911.53510 18.5505  0.0606 4.63 1134.0   88.22  258.02
2452918.55911 18.6142  0.0717 4.77 1421.0   88.22  258.02
2452930.58009 18.6646  0.0807 5.42 1499.0   88.22  258.02
2453051.88964 18.2574  0.0625 4.43 2814.0   88.22  258.02
2453064.82450 18.2768  0.0531 5.45 1310.0   88.22  258.02
2453067.89793 18.2032  0.0343 3.63 1037.0   88.22  258.02
2453070.85946 18.2528  0.0502 5.23 1243.0   88.22  258.02
2453073.81488 18.1285  0.0413 4.88 1225.0   88.22  258.02
2453075.85355 18.0482  0.0346 4.05 1240.0   88.22  258.02
2453079.89809 17.8615  0.0350 3.68 2141.0   88.22  258.02
2453082.86906 17.8727  0.0272 3.94  959.0   88.22  258.02
2453084.91151 17.7578  0.0231 3.31 1177.0   88.22  258.02
2453086.84305 17.6905  0.0202 3.34  879.0   88.22  258.02
2453088.80051 17.6520  0.0203 3.67  843.0   88.22  258.02
2453089.90977 17.5758  0.0210 3.77 1035.0   88.22  258.02
2453091.83799 17.5455  0.0215 4.55  908.0   88.22  258.02
2453096.87096 17.2340  0.0195 5.36  986.0   88.22  258.02
2453098.85999 17.1209  0.0135 3.32  922.0   88.22  258.02
2453100.80908 16.9701  0.0138 3.86 1076.0   88.22  258.02
2453101.92282 16.9086  0.0171 4.78 1603.0   88.22  258.02
2453103.78037 16.7847  0.0125 3.73 1286.0   88.22  258.02
2453104.90106 16.7033  0.0293 4.31 8011.0   88.22  258.02
2453108.77292 16.4785  0.0089 3.32 1033.0   88.22  258.02
2453109.80510 16.4533  0.0090 3.77  904.0   88.22  258.02
2453110.83951 16.4492  0.0092 3.95  986.0   88.22  258.02
2453112.79783 16.4930  0.0094 4.65  812.0   88.22  258.02
2453113.87878 16.5510  0.0095 4.14  850.0   88.22  258.02
2453114.78965 16.5906  0.0096 3.58  899.0   88.22  258.02
2453115.87313 16.7136  0.0118 4.41  954.0   88.22  258.02
2453122.91566 17.0977  0.0174 4.93 1066.0   88.22  258.02
2453125.87600 17.2692  0.0231 5.96 1066.0   88.22  258.02
2453126.90157 17.3294  0.0197 4.21 1115.0   88.22  258.02
2453127.81242 17.3602  0.0203 4.39 1159.0   88.22  258.02
2453128.82547 17.3839  0.0185 3.82 1146.0   88.22  258.02
2453130.70337 17.4769  0.0240 3.78 1564.0   88.22  258.02
2453134.82508 17.6411  0.0254 4.25 1105.0   88.22  258.02
2453135.90470 17.6838  0.0283 5.02 1072.0   88.22  258.02
2453138.70644 17.7777  0.0298 4.70 1033.0   88.22  258.02
2453139.88373 17.8154  0.0256 4.36  972.0   88.22  258.02
2453140.88350 17.8432  0.0265 4.46  907.0   88.22  258.02
2453142.77177 17.8846  0.0273 4.16  962.0   88.22  258.02
2453144.79272 17.9131  0.0288 4.52  890.0   88.22  258.02
2453146.81537 17.9457  0.0312 5.25  849.0   88.22  258.02
2453151.75537 18.0408  0.0364 5.26  900.0   88.22  258.02
2453151.90803 17.9902  0.0386 5.43 1070.0   88.22  258.02
2453152.75944 18.0795  0.0357 4.50  977.0   88.22  258.02
2453153.76335 18.0938  0.0425 5.63  976.0   88.22  258.02
2453154.82491 18.1615  0.0464 5.95 1002.0   88.22  258.02
2453156.84461 18.1485  0.0426 4.91 1200.0   88.22  258.02
2453158.91873 18.1561  0.0676 6.79 1722.0   88.22  258.02
2453162.81961 18.2113  0.0420 4.02 1269.0   88.22  258.02
2453163.63249 18.2028  0.0336 3.81  898.0   88.22  258.02
2453163.65425 18.2518  0.0328 3.87  873.0   88.22  258.02
2453164.74184 18.2833  0.0380 4.18  943.0   88.22  258.02
2453165.76199 18.1932  0.0291 3.52  871.0   88.22  258.02
2453166.90713 18.2106  0.0625 6.89 1225.0   88.22  258.02
2453167.76736 18.2295  0.0539 6.97  931.0   88.22  258.02
2453168.75519 18.3341  0.0403 4.44  926.0   88.22  258.02
2453169.73152 18.3353  0.0421 4.15  921.0   88.22  258.02
2453170.80857 18.2740  0.0330 3.58  873.0   88.22  258.02
2453171.83134 18.3352  0.0330 3.50  937.0   88.22  258.02
2453172.75829 18.3418  0.0368 3.84  816.0   88.22  258.02
2453174.71522 18.3990  0.0374 3.66  866.0   88.22  258.02
2453175.72457 18.3767  0.0391 3.93  957.0   88.22  258.02
2453177.76174 18.3808  0.0598 6.90 1011.0   88.22  258.02
2453178.78828 18.3855  0.0400 4.29  864.0   88.22  258.02
2453179.79797 18.3836  0.0433 4.39  955.0   88.22  258.02
2453180.72690 18.3511  0.0347 3.84  789.0   88.22  258.02
2453182.77789 18.4282  0.0446 4.58  856.0   88.22  258.02
2453183.74646 18.4129  0.0506 5.16  905.0   88.22  258.02
2453184.70427 18.4718  0.0397 3.73  881.0   88.22  258.02
2453185.75690 18.4440  0.0471 3.90 1055.0   88.22  258.02
2453193.54250 18.5437  0.0525 4.62  975.0   88.22  258.02
2453194.60108 18.4724  0.0514 4.29 1147.0   88.22  258.02
2453195.65305 18.4569  0.0354 3.37  835.0   88.22  258.02
2453195.80607 18.5022  0.0428 3.75  961.0   88.22  258.02
2453196.55154 18.4905  0.0558 4.95 1074.0   88.22  258.02
2453197.51903 18.4257  0.0408 3.71  967.0   88.22  258.02
2453199.62887 18.5160  0.0501 5.10  797.0   88.22  258.02
2453199.65432 18.5309  0.0442 4.71  744.0   88.22  258.02
2453199.69189 18.4584  0.0443 4.77  756.0   88.22  258.02
2453199.74855 18.3821  0.0532 6.01  898.0   88.22  258.02
2453201.46721 18.7191  0.0904 5.70 1483.0   88.22  258.02
2453201.52071 18.4807  0.0416 4.06  969.0   88.22  258.02
2453201.75110 18.4482  0.0326 3.83  706.0   88.22  258.02
2453201.81594 18.4142  0.0455 5.22  944.0   88.22  258.02
2453202.48400 18.5531  0.0526 4.91  980.0   88.22  258.02
2453202.57508 18.5228  0.0445 4.28  843.0   88.22  258.02
2453202.75877 18.4887  0.0490 4.97  890.0   88.22  258.02
2453203.47277 18.4809  0.0529 4.70 1001.0   88.22  258.02
2453203.66466 18.5571  0.0444 3.91  824.0   88.22  258.02
2453204.65896 18.4949  0.0413 4.02  763.0   88.22  258.02
2453205.47386 18.5098  0.0504 4.65  982.0   88.22  258.02
2453205.77261 18.5036  0.0418 4.42  731.0   88.22  258.02
2453206.52586 18.4252  0.0385 4.19  819.0   88.22  258.02
2453206.72343 18.5143  0.0532 5.89  822.0   88.22  258.02
2453209.55358 18.6471  0.0612 5.62  755.0   88.22  258.02
2453210.51728 18.5304  0.0531 4.64 1083.0   88.22  258.02
2453211.58924 18.5363  0.0535 5.26  844.0   88.22  258.02
2453217.65788 18.6967  0.0624 4.15 1305.0   88.22  258.02
2453218.65628 18.5491  0.0600 4.64 1381.0   88.22  258.02
2453219.61213 18.4704  0.0712 6.50 1102.0   88.22  258.02
2453223.65746 18.7043  0.0801 6.46  974.0   88.22  258.02
2453224.70295 18.6944  0.0552 3.95 1038.0   88.22  258.02
2453226.62651 18.6407  0.0688 6.51  761.0   88.22  258.02
2453228.60674 18.6885  0.0605 5.35  820.0   88.22  258.02
2453229.63921 18.5165  0.0537 5.26  858.0   88.22  258.02
2453230.67280 18.6913  0.0564 4.74  846.0   88.22  258.02
2453231.57620 18.6675  0.0543 4.50  921.0   88.22  258.02
2453232.60399 18.4160  0.0644 7.22  904.0   88.22  258.02
2453238.62516 18.6259  0.0612 5.51  926.0   88.22  258.02
2453239.70386 18.5237  0.0612 6.54  914.0   88.22  258.02
2453240.68499 18.5756  0.0721 6.56  991.0   88.22  258.02
2453241.65990 18.5596  0.0589 4.69 1175.0   88.22  258.02
2453245.55978 18.6148  0.0616 4.61 1293.0   88.22  258.02
2453246.66348 18.7153  0.0913 6.62 1196.0   88.22  258.02
2453247.62967 18.6159  0.0618 4.74 1126.0   88.22  258.02
2453249.53168 18.5714  0.0570 5.00  927.0   88.22  258.02
2453250.66435 18.6916  0.0693 4.83 1320.0   88.22  258.02
2453253.53211 18.6757  0.0589 5.61  804.0   88.22  258.02
2453256.64139 18.7784  0.0799 6.03  960.0   88.22  258.02
2453267.53745 18.5643  0.0556 4.59 1150.0   88.22  258.02
2453272.59287 18.6048  0.0648 5.06 1109.0   88.22  258.02
2453275.57584 18.5150  0.0668 5.67 1133.0   88.22  258.02
2453278.60474 18.5299  0.0593 4.65 1123.0   88.22  258.02
2453282.57874 18.8357  0.0476 3.82  543.0   88.22  258.02
2453288.55130 18.7699  0.0660 5.37  805.0   88.22  258.02
2453293.52192 18.5583  0.0454 5.36  534.0   88.22  258.02
2453295.53211 18.6765  0.0365 4.07  431.0   88.22  258.02
2453299.55638 18.3381  0.0298 4.77  406.0   88.22  258.02
2453305.55151 18.5984  0.0707 5.13 1543.0   88.22  258.02
2453306.53533 18.7196  0.1183 6.00 2284.0   88.22  258.02
2453308.52278 18.4199  0.0811 6.68 1396.0   88.22  258.02
2453309.50992 18.6829  0.0751 4.88 1379.0   88.22  258.02
2453310.52952 18.6483  0.0949 5.68 1709.0   88.22  258.02
2453311.50067 18.7967  0.1035 6.73 1355.0   88.22  258.02
2453314.49992 18.5847  0.1132 6.30 2386.0   88.22  258.02
2453409.88298 18.6122  0.0620 5.58 1030.0   88.22  258.02
2453414.87145 18.6794  0.0636 5.51  934.0   88.22  258.02
2453421.90301 18.6752  0.0580 3.62 1448.0   88.22  258.02
2453422.87736 18.7018  0.0614 5.98  704.0   88.22  258.02
2453426.86849 18.6711  0.0548 4.67 1029.0   88.22  258.02
2453429.85054 18.7636  0.0709 4.89 1234.0   88.22  258.02
2453432.89394 18.7176  0.0652 3.21 2376.0   88.22  258.02
2453442.89643 18.7419  0.0577 4.65  843.0   88.22  258.02
2453445.80917 18.6690  0.0458 4.17  771.0   88.22  258.02
2453447.85984 18.6344  0.0586 4.92  893.0   88.22  258.02
2453449.87244 18.6189  0.0424 3.72  782.0   88.22  258.02
2453452.89303 18.7375  0.0461 3.59  807.0   88.22  258.02
2453455.82728 18.7198  0.0751 5.44 1163.0   88.22  258.02
2453457.86081 18.6742  0.0474 3.60  929.0   88.22  258.02
2453459.85598 18.6105  0.0489 3.49 1131.0   88.22  258.02
2453467.88584 18.7345  0.0497 4.23  743.0   88.22  258.02
2453469.79180 18.7043  0.0459 3.82  801.0   88.22  258.02
2453470.80468 18.6192  0.0396 3.73  729.0   88.22  258.02
2453472.76715 18.5568  0.0461 4.42  838.0   88.22  258.02
2453473.78692 18.6175  0.0511 4.75  795.0   88.22  258.02
2453474.78359 18.5758  0.0664 6.41  783.0   88.22  258.02
2453475.80919 18.5881  0.0439 4.19  775.0   88.22  258.02
2453477.77097 18.5940  0.0470 3.99  831.0   88.22  258.02
2453478.71692 18.6547  0.0531 4.73  820.0   88.22  258.02
2453478.75179 18.7343  0.0535 4.47  749.0   88.22  258.02
2453478.80826 18.6864  0.0481 4.02  769.0   88.22  258.02
2453478.85760 18.7937  0.0512 3.83  744.0   88.22  258.02
2453478.88800 18.6928  0.0538 4.22  852.0   88.22  258.02
2453479.73613 18.6459  0.0592 4.35 1287.0   88.22  258.02
2453479.76980 18.6227  0.0400 3.84  721.0   88.22  258.02
2453479.88615 18.6163  0.0421 3.64  797.0   88.22  258.02
2453479.93074 18.7221  0.0525 3.86 1005.0   88.22  258.02
2453480.72995 18.6994  0.0456 4.19  742.0   88.22  258.02
2453480.90065 18.6050  0.0485 4.48  761.0   88.22  258.02
2453481.74789 18.5413  0.0431 4.06  843.0   88.22  258.02
2453482.72465 18.6248  0.0488 4.15  896.0   88.22  258.02
2453496.72745 18.7110  0.0559 4.24  912.0   88.22  258.02
2453497.79900 18.5920  0.0568 4.99  926.0   88.22  258.02
2453498.92327 18.7212  0.0624 5.02  908.0   88.22  258.02
2453499.87015 18.8045  0.0598 4.67  816.0   88.22  258.02
2453500.67928 19.3456  0.1027 5.45  661.0   88.22  258.02
2453500.69150 18.6908  0.0486 4.03  810.0   88.22  258.02
2453500.73635 18.7181  0.0535 4.33  851.0   88.22  258.02
2453500.80361 18.6630  0.0515 4.16  843.0   88.22  258.02
2453500.84459 18.6009  0.0444 3.83  858.0   88.22  258.02
2453500.87357 18.7096  0.0595 4.48  929.0   88.22  258.02
2453500.89815 18.7157  0.0633 4.87  941.0   88.22  258.02
2453500.92882 18.7922  0.0571 3.93  935.0   88.22  258.02
2453501.67097 18.6317  0.0557 5.09  975.0   88.22  258.02
2453501.80112 18.3338  0.0318 3.81  755.0   88.22  258.02
2453502.72586 18.7216  0.0459 3.46  882.0   88.22  258.02
2453503.69502 18.6613  0.0482 4.58  747.0   88.22  258.02
2453504.70975 18.5617  0.0474 4.59  701.0   88.22  258.02
2453506.75359 18.6636  0.0569 5.09  771.0   88.22  258.02
2453508.76315 18.7361  0.0638 5.32  841.0   88.22  258.02
2453509.73625 18.6564  0.0450 4.02  758.0   88.22  258.02
2453510.80601 18.6275  0.0461 3.83  833.0   88.22  258.02
2453511.84514 18.7262  0.0543 3.84 1068.0   88.22  258.02
2453512.71484 18.6451  0.0617 4.86 1098.0   88.22  258.02
2453517.69576 18.6287  0.0693 5.27 1187.0   88.22  258.02
2453520.76921 18.7642  0.0576 4.13  878.0   88.22  258.02
2453521.72598 18.6611  0.0408 3.15  919.0   88.22  258.02
2453522.75394 18.7197  0.0434 3.48  743.0   88.22  258.02
2453523.75914 18.7375  0.0421 3.27  779.0   88.22  258.02
2453524.90085 18.7242  0.0719 5.51 1001.0   88.22  258.02
2453525.75731 18.7234  0.0463 3.83  719.0   88.22  258.02
2453526.76027 18.6104  0.0457 4.06  815.0   88.22  258.02
2453528.68120 18.7289  0.0467 3.91  732.0   88.22  258.02
2453529.70347 18.7332  0.0390 3.51  549.0   88.22  258.02
2453530.61859 18.6446  0.0389 3.48  773.0   88.22  258.02
2453537.74378 18.7696  0.0512 4.19  719.0   88.22  258.02
2453538.61508 18.7025  0.0488 4.24  771.0   88.22  258.02
2453539.82538 18.6450  0.0365 3.25  749.0   88.22  258.02
2453540.65843 18.7337  0.0534 4.05  910.0   88.22  258.02
2453544.73061 18.5728  0.0585 3.92 1480.0   88.22  258.02
2453546.85251 18.6849  0.0887 6.52 1118.0   88.22  258.02
2453547.81678 18.6864  0.0788 5.85  964.0   88.22  258.02
2453550.64326 18.6327  0.0453 3.73  942.0   88.22  258.02
2453552.67916 18.6787  0.0524 4.62  762.0   88.22  258.02
2453553.72858 18.6421  0.0602 5.17  906.0   88.22  258.02
2453556.68154 18.7322  0.0499 4.06  760.0   88.22  258.02
2453558.53858 18.7564  0.0577 4.33  932.0   88.22  258.02
2453558.83726 18.7105  0.0653 5.50  839.0   88.22  258.02
2453571.76990 18.7592  0.1397 5.36 3428.0   88.22  258.02
2453587.72592 18.7664  0.0828 6.97  791.0   88.22  258.02
2453588.61080 18.5279  0.0415 4.37  695.0   88.22  258.02
2453589.68174 18.7315  0.0435 3.52  724.0   88.22  258.02
2453589.69107 18.6850  0.0442 3.70  741.0   88.22  258.02
2453590.46905 18.5245  0.0509 4.10 1225.0   88.22  258.02
2453591.63190 18.8210  0.0452 3.05  783.0   88.22  258.02
2453591.68927 18.6847  0.0402 3.11  776.0   88.22  258.02
2453592.48129 18.6725  0.0539 3.87 1019.0   88.22  258.02
2453593.47185 18.8400  0.0542 4.43  668.0   88.22  258.02
2453593.75621 18.6012  0.0569 5.04 1080.0   88.22  258.02
2453594.49554 18.8324  0.0700 5.04  885.0   88.22  258.02
2453594.57037 18.6468  0.0385 3.25  744.0   88.22  258.02
2453603.46679 18.5397  0.0996 5.59 2645.0   88.22  258.02
2453620.55383 18.6660  0.0482 4.06  741.0   88.22  258.02
2453628.61253 18.7013  0.0805 5.36 1352.0   88.22  258.02
2453630.54722 18.7012  0.0698 4.49 1139.0   88.22  258.02
2453632.59889 18.8684  0.1124 5.49 1266.0   88.22  258.02
2453634.49797 18.7277  0.0681 5.20  824.0   88.22  258.02
2453641.55525 18.5986  0.0724 6.03 1031.0   88.22  258.02
2453648.54874 18.5878  0.0701 6.36  909.0   88.22  258.02
2453650.59588 18.9158  0.0974 6.51 1071.0   88.22  258.02
2453658.56453 18.5951  0.0880 6.06 1526.0   88.22  258.02
2453659.55107 18.6854  0.0912 6.20 1411.0   88.22  258.02
2453661.51846 18.8490  0.1069 5.53 1499.0   88.22  258.02
2453661.56298 18.6727  0.1169 7.27 1638.0   88.22  258.02
2453662.49871 18.6013  0.0607 4.57 1196.0   88.22  258.02
2453662.52567 18.8948  0.1009 5.79 1276.0   88.22  258.02
2453663.52253 18.6427  0.0977 6.89 1238.0   88.22  258.02
2453663.52861 18.7410  0.1032 6.78 1256.0   88.22  258.02
2453663.53669 18.8518  0.1102 6.65 1273.0   88.22  258.02
2453664.53504 18.6789  0.0565 3.64 1246.0   88.22  258.02
2453665.50793 18.6337  0.0660 4.40 1238.0   88.22  258.02
2453665.54056 18.5927  0.0670 4.69 1319.0   88.22  258.02
2453666.49476 18.6895  0.0651 3.60 1632.0   88.22  258.02
2453668.49178 18.5955  0.0873 5.28 2029.0   88.22  258.02
2453669.51705 18.7430  0.0772 5.61 1076.0   88.22  258.02
2453670.50700 18.5518  0.0821 6.49 1213.0   88.22  258.02
2453672.51508 18.5731  0.0887 6.68 1300.0   88.22  258.02
2453675.51924 18.8255  0.0836 4.76 1379.0   88.22  258.02
2453782.86258 18.6740  0.0548 4.33 1029.0   88.22  258.02
2453793.86505 18.6334  0.0411 3.03 1010.0   88.22  258.02
2453798.81564 18.6637  0.0487 3.92  905.0   88.22  258.02
2453799.83983 18.5376  0.0496 4.16 1136.0   88.22  258.02
2453800.83475 18.8090  0.0837 4.92  950.0   88.22  258.02
2453802.85979 18.7205  0.0638 4.91  953.0   88.22  258.02
2453803.89509 18.7458  0.0510 3.47  951.0   88.22  258.02
2453805.81154 18.7671  0.0578 4.30  931.0   88.22  258.02
2453806.77781 18.6406  0.0587 4.43 1052.0   88.22  258.02
2453807.79692 18.7431  0.0715 5.13 1172.0   88.22  258.02
2453810.85632 18.7446  0.0525 3.58 1108.0   88.22  258.02
2453811.84791 18.7603  0.0591 4.17  957.0   88.22  258.02
2453817.86909 18.7566  0.0535 3.41 1159.0   88.22  258.02
2453823.78355 18.7491  0.0572 4.76  821.0   88.22  258.02
2453824.74974 18.7583  0.0703 5.54  929.0   88.22  258.02
2453826.74312 18.7116  0.0516 5.54  541.0   88.22  258.02
2453828.78553 18.7098  0.0811 5.28  910.0   88.22  258.02
2453829.76772 18.7230  0.0575 4.56  826.0   88.22  258.02
2453831.92105 18.6685  0.0474 3.61  945.0   88.22  258.02
2453832.75462 18.6707  0.0467 3.93  787.0   88.22  258.02
2453837.74101 18.6356  0.0713 5.59 1047.0   88.22  258.02
2453838.75280 18.8507  0.0923 5.95 1104.0   88.22  258.02
2453840.71457 18.7682  0.0680 4.63 1284.0   88.22  258.02
2453841.75309 18.6939  0.0611 4.29 1159.0   88.22  258.02
2453845.72861 18.7178  0.0988 4.80 2448.0   88.22  258.02
2453846.93200 18.6654  0.0693 3.75 1836.0   88.22  258.02
2453847.80540 18.8485  0.0875 5.55  948.0   88.22  258.02
2453848.76036 18.6367  0.0507 4.48  803.0   88.22  258.02
2453849.75951 18.7145  0.0614 3.97  850.0   88.22  258.02
2453850.70416 18.7287  0.0536 4.01  878.0   88.22  258.02
2453851.71879 18.6812  0.0528 4.70  823.0   88.22  258.02
2453851.88357 18.7302  0.0662 4.94  902.0   88.22  258.02
2453852.70727 18.6809  0.0573 4.74  871.0   88.22  258.02
2453853.69568 18.6647  0.0448 4.21  787.0   88.22  258.02
2453853.86397 18.6605  0.0456 3.69  804.0   88.22  258.02
2453853.93481 18.5561  0.0535 3.43 1746.0   88.22  258.02
2453856.68573 18.7309  0.0562 4.19 1013.0   88.22  258.02
2453856.85248 18.7624  0.0497 3.65  901.0   88.22  258.02
2453857.92338 18.7236  0.0597 4.42  988.0   88.22  258.02
2453858.77212 18.6240  0.0441 4.26  716.0   88.22  258.02
2453859.81028 18.7328  0.0519 4.09  786.0   88.22  258.02
2453860.67979 18.6855  0.0616 5.27  945.0   88.22  258.02
2453860.91864 18.6314  0.0685 5.62  974.0   88.22  258.02
2453861.67787 18.7824  0.0773 5.05  927.0   88.22  258.02
2453862.87361 18.5978  0.0494 3.84 1048.0   88.22  258.02
2453863.64860 18.6392  0.0545 4.56 1028.0   88.22  258.02
2453864.87561 18.6405  0.0430 3.59  816.0   88.22  258.02
2453864.93455 18.6009  0.0434 3.06 1216.0   88.22  258.02
2453865.83310 18.6915  0.0523 4.18  909.0   88.22  258.02
2453865.90983 18.6917  0.0499 4.07  862.0   88.22  258.02
2453866.69482 18.6915  0.0502 3.75  943.0   88.22  258.02
2453866.91323 18.6448  0.0407 3.21  873.0   88.22  258.02
2453867.63767 18.7560  0.0657 4.41 1305.0   88.22  258.02
2453872.90486 18.6659  0.0485 3.45 1168.0   88.22  258.02
2453873.65409 18.7403  0.0533 3.83  932.0   88.22  258.02
2453873.86828 18.6374  0.0545 4.16  941.0   88.22  258.02
2453873.93786 18.6278  0.0587 4.03 1266.0   88.22  258.02
2453874.75257 18.6517  0.0588 4.88  855.0   88.22  258.02
2453875.66624 18.6889  0.0398 3.45  734.0   88.22  258.02
2453875.91265 18.7018  0.0474 3.63  870.0   88.22  258.02
2453876.64345 18.8687  0.0470 3.96  659.0   88.22  258.02
2453877.64160 18.6305  0.0475 4.78  735.0   88.22  258.02
2453877.79290 18.7126  0.0438 3.60  771.0   88.22  258.02
2453877.86678 18.6021  0.0474 4.03  913.0   88.22  258.02
2453880.61464 18.4038  0.0360 5.28  540.0   88.22  258.02
2453880.84246 18.7107  0.0601 4.75  898.0   88.22  258.02
2453880.92127 18.6447  0.0546 4.67 1006.0   88.22  258.02
2453881.67167 18.7086  0.0539 4.19  910.0   88.22  258.02
2453882.58366 18.8990  0.0732 4.86 1004.0   88.22  258.02
2453882.75994 18.7833  0.0579 4.37  818.0   88.22  258.02
2453882.83419 18.7455  0.0578 4.41  921.0   88.22  258.02
2453882.90300 18.6581  0.0454 3.59  897.0   88.22  258.02
2453883.84987 18.6264  0.0410 3.50  810.0   88.22  258.02
2453886.61143 18.5871  0.0533 4.82  939.0   88.22  258.02
2453886.80422 18.6189  0.0435 3.90  768.0   88.22  258.02
2453886.87606 18.6739  0.0567 4.72  870.0   88.22  258.02
2453887.58474 18.6355  0.0553 5.08  925.0   88.22  258.02
2453888.60082 18.6841  0.0589 5.41  802.0   88.22  258.02
2453889.66721 18.5949  0.0412 3.67  759.0   88.22  258.02
2453889.94543 18.5801  0.0535 4.05 1273.0   88.22  258.02
2453890.65235 18.7046  0.0493 3.66  923.0   88.22  258.02
2453892.57843 18.7548  0.0916 6.20 1284.0   88.22  258.02
2453892.94721 18.7397  0.0730 4.83 1427.0   88.22  258.02
2453893.63066 18.7794  0.0589 4.38  909.0   88.22  258.02
2453900.53993 18.6908  0.0887 5.86 1555.0   88.22  258.02
2453900.72634 18.7040  0.0492 3.39 1038.0   88.22  258.02
2453900.87362 18.6585  0.0547 3.80 1336.0   88.22  258.02
2453901.55010 18.6674  0.0620 5.14  970.0   88.22  258.02
2453902.57431 18.6667  0.0486 4.37  827.0   88.22  258.02
2453903.66391 18.7847  0.0558 4.07  919.0   88.22  258.02
2453904.56110 18.7108  0.0440 3.78  842.0   88.22  258.02
2453904.72408 18.6418  0.0472 3.59  900.0   88.22  258.02
2453904.79317 18.6694  0.0491 3.87  864.0   88.22  258.02
2453904.89531 18.7796  0.0639 4.53 1057.0   88.22  258.02
2453905.55784 18.7330  0.0505 3.94  861.0   88.22  258.02
2453905.87311 18.5867  0.0471 3.74 1098.0   88.22  258.02
2453908.53925 18.6370  0.0563 4.13 1132.0   88.22  258.02
2453909.54110 18.8298  0.0651 4.63  987.0   88.22  258.02
2453912.54020 18.7057  0.0398 3.07  896.0   88.22  258.02
2453912.82149 18.6657  0.0439 3.78  740.0   88.22  258.02
2453914.55548 18.8199  0.0647 4.59  928.0   88.22  258.02
2453915.53320 18.7409  0.0579 4.34  967.0   88.22  258.02
2453915.83342 18.7894  0.0754 6.01  823.0   88.22  258.02
2453916.81583 18.6664  0.0518 4.34  811.0   88.22  258.02
2453917.82640 18.6060  0.0584 5.13  951.0   88.22  258.02
2453918.61399 18.7243  0.0713 5.45  875.0   88.22  258.02
2453918.82410 18.7296  0.0809 6.20  937.0   88.22  258.02
2453919.55226 18.6890  0.0776 5.87 1032.0   88.22  258.02
2453919.76088 18.5933  0.0380 3.60  729.0   88.22  258.02
2453920.71466 18.6405  0.0555 4.61  895.0   88.22  258.02
2453920.80007 18.7244  0.0445 3.29  846.0   88.22  258.02
2453921.72849 18.8815  0.1214 6.24  947.0   88.22  258.02
2453922.71843 18.5763  0.0667 6.14  884.0   88.22  258.02
2453930.79626 18.4485  0.0795 5.45 1883.0   88.22  258.02
2453932.80662 18.7918  0.0624 4.18 1072.0   88.22  258.02
2453933.70579 18.5744  0.0429 3.92  832.0   88.22  258.02
2453933.77776 18.6147  0.0473 3.88  912.0   88.22  258.02
2453935.71644 18.8194  0.0779 6.13  806.0   88.22  258.02
2453935.81397 18.6731  0.0611 4.99 1034.0   88.22  258.02
2453936.66399 18.5814  0.0474 3.82  845.0   88.22  258.02
2453936.74035 18.5209  0.0554 4.47 1025.0   88.22  258.02
2453938.70127 18.8640  0.0693 5.55  727.0   88.22  258.02
2453938.80641 18.5678  0.0680 6.52  851.0   88.22  258.02
2453941.70756 18.7981  0.0732 6.13  748.0   88.22  258.02
2453945.78710 18.8479  0.0836 5.71  934.0   88.22  258.02
2453946.51796 18.6567  0.0596 4.90  910.0   88.22  258.02
2453946.71017 18.6729  0.0640 5.91  746.0   88.22  258.02
2453951.51937 18.6905  0.0610 4.60  939.0   88.22  258.02
2453951.75068 18.6839  0.0840 5.62 1449.0   88.22  258.02
2453957.51100 18.7910  0.0714 4.64 1100.0   88.22  258.02
2453958.58179 18.6311  0.0528 4.09  914.0   88.22  258.02
2453959.51457 18.7090  0.0632 4.97  884.0   88.22  258.02
2453959.68900 18.8505  0.0881 5.59  955.0   88.22  258.02
2453960.50381 18.7105  0.0490 3.87  831.0   88.22  258.02
2453961.57514 18.5791  0.0642 5.16 1026.0   88.22  258.02
2453963.71382 18.7102  0.0598 5.24  805.0   88.22  258.02
2453965.51597 18.6546  0.0464 3.66  826.0   88.22  258.02
2453965.70725 18.8004  0.0514 4.08  786.0   88.22  258.02
2453966.49116 18.9226  0.0764 4.67  976.0   88.22  258.02
2453966.69286 18.8213  0.0579 4.46  791.0   88.22  258.02
2453968.50366 18.6692  0.0605 4.31 1032.0   88.22  258.02
2453969.48524 18.6694  0.0612 5.15  848.0   88.22  258.02
2453969.68594 18.6599  0.0543 4.87  789.0   88.22  258.02
2453970.51950 18.6856  0.0622 5.26  812.0   88.22  258.02
2453975.51662 18.6978  0.0513 4.28  814.0   88.22  258.02
2453975.69325 18.6524  0.0633 5.85  894.0   88.22  258.02
2453976.51116 18.8775  0.0569 3.93  810.0   88.22  258.02
2453976.68722 18.7469  0.0794 6.19  978.0   88.22  258.02
2453979.51342 18.7964  0.1271 6.18 2180.0   88.22  258.02
2453982.57406 18.7503  0.0598 3.72 1064.0   88.22  258.02
2453983.53170 18.7413  0.0907 4.94 1590.0   88.22  258.02
2453986.58852 18.7261  0.0713 5.03 1056.0   88.22  258.02
2453987.51087 18.7845  0.0680 4.90  921.0   88.22  258.02
2453988.52377 18.7602  0.0486 3.66  772.0   88.22  258.02
2453989.53438 18.7503  0.0624 4.95  868.0   88.22  258.02
2453990.55118 18.4945  0.0494 4.98  844.0   88.22  258.02
2453991.50697 18.4843  0.0600 6.18  843.0   88.22  258.02
2453993.55864 18.7096  0.0607 5.10  799.0   88.22  258.02
2453994.56934 18.6125  0.0607 5.30  888.0   88.22  258.02
2453995.57693 18.6266  0.0474 3.92  845.0   88.22  258.02
2453999.61428 18.6170  0.0531 4.53  957.0   88.22  258.02
2454003.49789 18.5589  0.0473 4.22  892.0   88.22  258.02
2454004.53199 18.6325  0.0493 3.98  917.0   88.22  258.02
2454012.50486 18.6379  0.0659 5.26 1001.0   88.22  258.02
2454016.52049 18.8253  0.0839 5.44 1084.0   88.22  258.02
2454023.54383 18.6863  0.0813 5.27 1332.0   88.22  258.02
2454025.56321 18.6376  0.0607 4.86 1107.0   88.22  258.02
2454028.50263 18.6001  0.0692 5.95 1011.0   88.22  258.02
2454031.50274 19.0221  0.1022 5.48 1069.0   88.22  258.02
2454038.50809 18.6317  0.0815 6.30 1094.0   88.22  258.02
2454041.50711 18.7117  0.0886 5.37 1484.0   88.22  258.02
2454043.51486 18.5697  0.0891 6.13 1650.0   88.22  258.02
2454141.88253 18.7015  0.0658 4.18 1369.0   88.22  258.02
2454151.86370 18.7156  0.0656 5.06 1006.0   88.22  258.02
2454153.88564 18.6260  0.0531 4.21 1052.0   88.22  258.02
2454156.86404 18.7046  0.0743 5.62 1049.0   88.22  258.02
2454158.88364 18.7146  0.0659 4.85 1146.0   88.22  258.02
2454161.85158 18.6493  0.0700 5.30 1314.0   88.22  258.02
2454163.83446 18.6445  0.0585 3.61 1572.0   88.22  258.02
2454165.81587 18.9299  0.1258 5.44 1694.0   88.22  258.02
2454175.79563 18.8452  0.0754 5.01 1050.0   88.22  258.02
2454176.90697 18.7756  0.0567 3.33 1099.0   88.22  258.02
2454178.81071 18.6036  0.0524 4.24  938.0   88.22  258.02
2454179.85501 18.6278  0.0477 3.26 1017.0   88.22  258.02
2454181.79144 18.6966  0.0652 5.32  967.0   88.22  258.02
2454182.83638 18.6640  0.0476 3.55  913.0   88.22  258.02
2454183.87253 18.7221  0.0598 4.56  985.0   88.22  258.02
2454184.91317 18.7365  0.0528 3.73 1012.0   88.22  258.02
2454191.81764 18.7746  0.0927 6.28 1188.0   88.22  258.02
2454193.74780 18.8216  0.1065 6.20 1502.0   88.22  258.02
2454194.79339 18.7695  0.0662 4.58 1124.0   88.22  258.02
2454196.78345 18.6652  0.0684 5.09 1247.0   88.22  258.02
2454202.76499 18.6741  0.0509 3.75 1065.0   88.22  258.02
2454203.75300 18.6501  0.0460 3.62  912.0   88.22  258.02
2454204.74526 18.7196  0.0605 4.36 1045.0   88.22  258.02
2454204.92756 18.6644  0.0631 3.86 1502.0   88.22  258.02
2454205.74180 18.7084  0.0527 4.13  860.0   88.22  258.02
2454207.73126 18.6962  0.0560 4.13 1033.0   88.22  258.02
2454208.75336 18.6205  0.0473 3.75  924.0   88.22  258.02
2454211.79753 18.6700  0.0672 5.44  945.0   88.22  258.02
2454212.87469 18.7142  0.0742 5.64  923.0   88.22  258.02
2454213.71789 18.6843  0.0594 4.82  951.0   88.22  258.02
2454213.92147 18.7717  0.0528 3.40 1060.0   88.22  258.02
2454215.75057 18.6610  0.0631 5.09  988.0   88.22  258.02
2454216.70836 18.6614  0.0612 4.85 1041.0   88.22  258.02
2454217.71581 18.6960  0.0483 3.53 1011.0   88.22  258.02
2454217.92528 18.6733  0.0496 3.34 1120.0   88.22  258.02
2454218.76543 18.9462  0.1004 6.14 1029.0   88.22  258.02
2454219.76636 18.7516  0.0861 6.41 1016.0   88.22  258.02
2454220.71108 18.6358  0.0597 4.79 1061.0   88.22  258.02
2454222.67982 18.7177  0.0804 5.30 1424.0   88.22  258.02
2454222.92458 18.7698  0.0648 3.80 1390.0   88.22  258.02
2454224.79053 18.6822  0.0566 3.45 1418.0   88.22  258.02
2454224.80204 18.6336  0.0544 3.42 1421.0   88.22  258.02
2454224.82484 18.6717  0.0742 4.67 1454.0   88.22  258.02
2454224.84518 18.6894  0.0828 3.71 2605.0   88.22  258.02
2454224.86690 18.6648  0.0792 4.94 1579.0   88.22  258.02
2454224.87624 18.6555  0.0688 4.24 1601.0   88.22  258.02
2454224.87907 18.7361  0.0738 4.28 1576.0   88.22  258.02
2454224.88199 18.6318  0.0661 4.08 1611.0   88.22  258.02
2454224.89350 18.7231  0.0666 3.87 1561.0   88.22  258.02
2454224.90463 18.6880  0.0813 4.90 1665.0   88.22  258.02
2454224.91573 18.5842  0.0709 4.55 1714.0   88.22  258.02
2454224.92582 18.7491  0.0781 4.30 1714.0   88.22  258.02
2454224.92877 18.6815  0.0765 4.39 1711.0   88.22  258.02
2454224.93165 18.6247  0.0807 4.88 1855.0   88.22  258.02
2454224.93464 18.6942  0.0909 5.09 1901.0   88.22  258.02
2454224.93731 18.5920  0.0896 4.91 2338.0   88.22  258.02
2454227.84608 18.5539  0.0515 4.08 1181.0   88.22  258.02
2454227.85365 18.7050  0.0660 4.15 1409.0   88.22  258.02
2454227.85748 18.7136  0.0716 4.23 1491.0   88.22  258.02
2454227.87452 18.6086  0.0619 4.43 1326.0   88.22  258.02
2454227.88697 18.7027  0.0750 4.46 1610.0   88.22  258.02
2454227.91069 18.6172  0.0626 4.29 1382.0   88.22  258.02
2454227.92031 18.7065  0.0728 4.50 1433.0   88.22  258.02
2454227.92898 18.6454  0.0773 4.83 1673.0   88.22  258.02
2454228.62646 18.8297  0.1164 6.60 1574.0   88.22  258.02
2454228.63472 18.6747  0.0866 5.88 1502.0   88.22  258.02
2454228.68594 18.7875  0.0700 4.49 1196.0   88.22  258.02
2454228.71727 18.7033  0.0544 3.59 1150.0   88.22  258.02
2454228.75741 18.7620  0.0678 4.27 1289.0   88.22  258.02
2454228.79369 18.6857  0.0589 4.12 1177.0   88.22  258.02
2454228.83544 18.7775  0.0862 4.56 1822.0   88.22  258.02
2454228.88015 18.7272  0.0802 5.60 1263.0   88.22  258.02
2454228.90557 18.6692  0.0840 5.92 1355.0   88.22  258.02
2454228.91952 18.7478  0.0937 6.07 1347.0   88.22  258.02
2454228.93093 18.7730  0.0861 5.42 1421.0   88.22  258.02
2454228.93383 18.8259  0.0886 5.19 1522.0   88.22  258.02
2454229.63499 18.6705  0.0759 6.01 1100.0   88.22  258.02
2454229.67962 18.7893  0.0783 5.39 1106.0   88.22  258.02
2454229.74178 18.7875  0.0639 4.44 1039.0   88.22  258.02
2454229.80924 18.6978  0.0565 3.89 1142.0   88.22  258.02
2454229.87657 18.7088  0.0654 4.66 1164.0   88.22  258.02
2454229.92715 18.7192  0.0601 4.12 1156.0   88.22  258.02
2454230.63240 18.8150  0.0920 6.27 1093.0   88.22  258.02
2454230.68932 18.7144  0.0559 3.90  926.0   88.22  258.02
2454230.76230 18.6816  0.0430 3.09  941.0   88.22  258.02
2454230.87737 18.7131  0.0732 5.10 1147.0   88.22  258.02
2454230.92849 18.6391  0.0814 5.80 1288.0   88.22  258.02
2454231.61575 18.6561  0.0646 4.96 1130.0   88.22  258.02
2454231.63166 18.6820  0.0559 4.37 1032.0   88.22  258.02
2454231.77588 18.7480  0.0585 4.02 1111.0   88.22  258.02
2454231.90008 18.7561  0.0785 5.29 1195.0   88.22  258.02
2454232.61690 18.6728  0.0800 5.81 1310.0   88.22  258.02
2454232.68374 18.6113  0.0784 6.07 1210.0   88.22  258.02
2454232.84474 18.8674  0.1061 6.36 1228.0   88.22  258.02
2454232.93389 18.7301  0.0874 5.54 1399.0   88.22  258.02
2454233.71743 18.8319  0.0897 6.22 1078.0   88.22  258.02
2454233.81901 18.7330  0.0733 5.17 1118.0   88.22  258.02
2454233.92541 18.5863  0.0775 5.85 1311.0   88.22  258.02
2454234.61098 18.8509  0.0925 5.83 1270.0   88.22  258.02
2454234.71719 18.7109  0.0612 4.53 1068.0   88.22  258.02
2454234.93152 18.7722  0.0793 4.93 1335.0   88.22  258.02
2454235.61953 18.7195  0.0740 5.52 1241.0   88.22  258.02
2454235.64519 18.7962  0.0633 4.07 1160.0   88.22  258.02
2454235.80644 18.7206  0.0510 3.58  954.0   88.22  258.02
2454235.89887 18.7083  0.0586 4.23 1042.0   88.22  258.02
2454237.61072 18.9523  0.1041 6.41 1125.0   88.22  258.02
2454238.61573 18.7487  0.0952 6.75 1231.0   88.22  258.02
2454238.63114 18.6471  0.0800 6.02 1238.0   88.22  258.02
2454238.68155 18.7001  0.0734 5.68 1076.0   88.22  258.02
2454238.81931 18.7305  0.0655 4.56 1091.0   88.22  258.02
2454238.88354 18.5954  0.0798 5.92 1318.0   88.22  258.02
2454239.63789 18.7336  0.0753 5.85  989.0   88.22  258.02
2454240.68525 18.7492  0.0693 5.13  983.0   88.22  258.02
2454240.82533 18.7920  0.0669 4.43 1029.0   88.22  258.02
2454243.65106 18.8121  0.0772 5.26 1059.0   88.22  258.02
2454243.74377 18.7414  0.0640 4.70 1011.0   88.22  258.02
2454243.83752 18.7517  0.0635 4.52 1033.0   88.22  258.02
2454244.62339 18.7553  0.0755 5.35 1139.0   88.22  258.02
2454244.71965 18.6541  0.0547 4.34 1011.0   88.22  258.02
2454244.81246 18.6650  0.0575 4.22 1076.0   88.22  258.02
2454245.61649 18.7234  0.0603 4.84  907.0   88.22  258.02
2454245.71041 18.6839  0.0535 4.22  898.0   88.22  258.02
2454245.80622 18.7616  0.0617 4.58  917.0   88.22  258.02
2454246.67478 18.8461  0.0643 4.36  988.0   88.22  258.02
2454246.86099 18.8107  0.0718 4.29 1166.0   88.22  258.02
2454247.69003 18.7060  0.0663 4.95 1062.0   88.22  258.02
2454250.73818 18.6291  0.0601 4.18 1263.0   88.22  258.02
2454251.80976 18.6935  0.1033 5.91 1831.0   88.22  258.02
2454256.62588 18.7217  0.0869 6.09 1210.0   88.22  258.02
2454256.77191 18.7786  0.0811 5.39 1198.0   88.22  258.02
2454257.65753 18.6833  0.0807 6.24 1116.0   88.22  258.02
2454258.64076 18.6688  0.0723 5.73 1018.0   88.22  258.02
2454258.76325 18.7316  0.0622 4.47 1043.0   88.22  258.02
2454258.85737 18.7868  0.0806 5.34 1223.0   88.22  258.02
2454267.60137 18.7579  0.0612 4.41 1045.0   88.22  258.02
2454268.56459 18.6583  0.0728 6.12  956.0   88.22  258.02
2454268.84745 18.6893  0.0653 4.60 1152.0   88.22  258.02
2454269.58377 18.6775  0.0548 4.12 1015.0   88.22  258.02
2454269.70432 18.7525  0.0603 4.56  885.0   88.22  258.02
2454269.81308 18.5600  0.0434 4.07  793.0   88.22  258.02
2454270.57732 18.7046  0.0773 5.56 1171.0   88.22  258.02
2454272.60568 18.7147  0.0507 3.42 1097.0   88.22  258.02
2454272.75483 18.7099  0.0566 4.32  977.0   88.22  258.02
2454272.81404 18.7323  0.0626 4.44 1007.0   88.22  258.02
2454272.88563 18.6013  0.0694 5.47 1171.0   88.22  258.02
2454273.62279 18.7260  0.0773 5.90 1065.0   88.22  258.02
2454273.80343 18.8399  0.0831 4.58 1368.0   88.22  258.02
2454273.86459 18.5312  0.0854 6.36 1448.0   88.22  258.02
2454274.55545 18.7680  0.0863 5.75 1312.0   88.22  258.02
2454274.70919 18.7378  0.0678 4.71 1120.0   88.22  258.02
2454274.77032 18.7145  0.0656 4.60 1142.0   88.22  258.02
2454274.82873 19.1044  0.1095 5.73 1062.0   88.22  258.02
2454275.60788 18.6796  0.0642 4.78 1126.0   88.22  258.02
2454275.78325 18.6962  0.0732 5.05 1238.0   88.22  258.02
2454276.59266 18.6405  0.0716 5.41 1173.0   88.22  258.02
2454277.53647 18.7361  0.0970 6.23 1408.0   88.22  258.02
2454277.71337 18.6489  0.0612 4.43 1122.0   88.22  258.02
2454277.77206 18.6969  0.0836 6.09 1160.0   88.22  258.02
2454277.83310 18.8421  0.1086 6.63 1312.0   88.22  258.02
2454278.58134 18.7340  0.0848 5.63 1306.0   88.22  258.02
2454278.75750 18.6646  0.0785 5.64 1234.0   88.22  258.02
2454283.51589 18.7529  0.0796 4.25 1627.0   88.22  258.02
2454283.73620 18.7196  0.0744 4.26 1505.0   88.22  258.02
2454284.51082 18.6385  0.0676 4.66 1303.0   88.22  258.02
2454284.70140 18.8137  0.0691 4.06 1221.0   88.22  258.02
2454284.76374 18.7179  0.0626 3.92 1288.0   88.22  258.02
2454285.51393 18.7581  0.0865 5.11 1380.0   88.22  258.02
2454285.70668 18.6958  0.0680 4.89 1100.0   88.22  258.02
2454285.76847 18.5532  0.0546 4.23 1083.0   88.22  258.02
2454286.51362 18.6807  0.0691 4.79 1301.0   88.22  258.02
2454286.81855 18.7804  0.1091 5.43 2248.0   88.22  258.02
2454289.52143 18.6467  0.0647 4.68 1179.0   88.22  258.02
2454289.73997 18.7030  0.0684 5.18 1049.0   88.22  258.02
2454289.80508 18.7261  0.0656 4.27 1151.0   88.22  258.02
2454290.56772 18.8291  0.0861 6.18  957.0   88.22  258.02
2454291.63034 18.6694  0.0502 3.66  995.0   88.22  258.02
2454292.49600 18.7445  0.0513 3.36 1101.0   88.22  258.02
2454292.67518 18.7113  0.0545 3.88 1021.0   88.22  258.02
2454292.73378 18.6051  0.0465 3.71  941.0   88.22  258.02
2454292.79229 18.6934  0.0590 4.15 1080.0   88.22  258.02
2454293.49631 18.6624  0.0598 4.40 1063.0   88.22  258.02
2454293.72094 18.7047  0.0534 4.04  906.0   88.22  258.02
2454293.77973 18.7825  0.0597 4.06  977.0   88.22  258.02
2454294.49549 18.6543  0.0568 4.30 1131.0   88.22  258.02
2454295.50260 18.6532  0.0607 5.02  982.0   88.22  258.02
2454295.70065 18.6341  0.0478 4.17  778.0   88.22  258.02
2454295.75924 18.7884  0.0567 4.31  823.0   88.22  258.02
2454296.49965 18.6448  0.0653 5.11 1056.0   88.22  258.02
2454296.69618 18.7389  0.0549 4.19  823.0   88.22  258.02
2454297.51920 18.7600  0.0694 5.12  980.0   88.22  258.02
2454297.72083 18.5638  0.0442 4.15  754.0   88.22  258.02
2454298.55408 18.6530  0.0583 4.75  899.0   88.22  258.02
2454298.65980 18.6884  0.0629 5.20  836.0   88.22  258.02
2454298.76568 18.7260  0.0759 6.00  954.0   88.22  258.02
2454300.65284 18.6292  0.0517 4.28  830.0   88.22  258.02
2454300.74837 18.6604  0.0548 4.30  913.0   88.22  258.02
2454301.52366 18.6506  0.0498 3.68 1081.0   88.22  258.02
2454301.61939 18.6772  0.0572 4.55  968.0   88.22  258.02
2454301.72092 18.6949  0.0523 3.85  895.0   88.22  258.02
2454303.68264 18.6567  0.0737 6.27  870.0   88.22  258.02
2454304.55675 18.7883  0.0860 5.41 1311.0   88.22  258.02
2454304.67489 18.6819  0.0852 6.07 1272.0   88.22  258.02
2454306.64074 18.7214  0.0769 5.56 1125.0   88.22  258.02
2454306.69645 18.6752  0.0700 5.48 1094.0   88.22  258.02
2454310.61994 18.6764  0.0804 4.72 1630.0   88.22  258.02
2454312.55219 18.7637  0.0790 4.35 1486.0   88.22  258.02
2454315.64319 18.6717  0.0794 6.23 1107.0   88.22  258.02
2454316.71636 18.9053  0.0839 5.36 1038.0   88.22  258.02
2454317.56446 18.7957  0.0672 3.98  902.0   88.22  258.02
2454319.52171 18.7734  0.0735 5.14 1043.0   88.22  258.02
2454320.54851 18.7979  0.0630 4.39  918.0   88.22  258.02
2454326.51577 18.6394  0.0509 3.99  963.0   88.22  258.02
2454326.71293 18.6219  0.0662 5.76  887.0   88.22  258.02
2454330.50224 18.7936  0.0665 4.69  991.0   88.22  258.02
2454331.48238 18.6867  0.0716 5.11 1120.0   88.22  258.02
2454333.53326 18.7819  0.0753 4.90 1125.0   88.22  258.02
2454333.69438 18.7663  0.0837 6.11 1029.0   88.22  258.02
2454334.50664 18.7735  0.1454 5.64 3364.0   88.22  258.02
2454338.50649 18.7796  0.0827 4.41 1563.0   88.22  258.02
2454339.48382 18.7676  0.0762 4.38 1498.0   88.22  258.02
2454340.60410 18.6717  0.0645 3.96 1290.0   88.22  258.02
2454352.56068 18.7242  0.0855 6.39 1054.0   88.22  258.02
2454354.54276 18.7339  0.0575 4.09 1013.0   88.22  258.02
2454355.54571 18.7812  0.0668 4.59 1058.0   88.22  258.02
2454357.53985 18.8115  0.0957 6.54 1106.0   88.22  258.02
2454358.50289 18.6967  0.0778 5.80 1107.0   88.22  258.02
2454359.54041 18.7422  0.0681 5.12 1016.0   88.22  258.02
2454360.56978 18.6830  0.0750 5.64 1031.0   88.22  258.02
2454361.57320 18.5485  0.0767 6.00 1241.0   88.22  258.02
2454362.51496 18.7973  0.0875 4.79 1697.0   88.22  258.02
2454367.49905 18.6980  0.0700 4.55 1339.0   88.22  258.02
2454368.53545 18.8496  0.0927 5.35 1303.0   88.22  258.02
2454370.49951 18.6398  0.0648 4.43 1257.0   88.22  258.02
2454373.50986 18.6082  0.0837 5.08 1161.0   88.22  258.02
2454376.57457 18.5646  0.0809 6.52 1170.0   88.22  258.02
2454378.52237 18.7521  0.0707 4.90 1010.0   88.22  258.02
2454379.53740 18.5733  0.0739 5.83 1106.0   88.22  258.02
2454381.52760 18.6033  0.0811 5.66 1304.0   88.22  258.02
2454382.57014 18.7670  0.0970 6.43 1239.0   88.22  258.02
2454384.53486 18.7447  0.0833 5.68 1102.0   88.22  258.02
2454388.49799 18.6087  0.0829 6.14 1225.0   88.22  258.02
2454393.53468 18.7043  0.0701 4.65 1337.0   88.22  258.02
2454396.51345 18.6068  0.0870 5.39 1635.0   88.22  258.02
2454397.53775 18.6814  0.0759 4.83 1645.0   88.22  258.02
2454400.53744 19.1695  0.2007 6.11 1837.0   88.22  258.02
2454408.54369 19.0167  0.1516 5.86 1452.0   88.22  258.02
2454507.86818 18.7220  0.0792 5.92 1130.0   88.22  258.02
2454510.86450 18.7475  0.0707 5.04 1107.0   88.22  258.02
2454513.86562 18.6165  0.0507 4.06 1029.0   88.22  258.02
2454517.86476 18.5750  0.0885 6.45 1460.0   88.22  258.02
2454519.88571 18.6064  0.0505 3.93 1067.0   88.22  258.02
2454522.87963 18.7563  0.0732 5.12 1152.0   88.22  258.02
2454524.81545 18.7214  0.0750 5.07 1333.0   88.22  258.02
2454530.82308 18.7531  0.0484 3.29 1016.0   88.22  258.02
2454533.85894 18.7975  0.0746 5.40  985.0   88.22  258.02
2454535.84171 18.8733  0.0862 5.93  992.0   88.22  258.02
2454536.89938 18.6893  0.0564 4.52  931.0   88.22  258.02
2454537.88501 18.6759  0.0446 3.63  809.0   88.22  258.02
2454538.82012 18.7432  0.0626 4.56 1029.0   88.22  258.02
2454539.85817 18.7773  0.0608 4.65  883.0   88.22  258.02
2454540.80438 18.7135  0.0540 3.76 1003.0   88.22  258.02
2454541.79709 18.6420  0.0458 3.61  901.0   88.22  258.02
2454542.79177 18.6497  0.0672 5.67  979.0   88.22  258.02
2454543.78731 18.6295  0.0537 4.42 1014.0   88.22  258.02
2454544.78420 18.7107  0.0728 5.21 1174.0   88.22  258.02
2454545.79051 18.7138  0.0618 4.15 1183.0   88.22  258.02
2454546.79763 18.7536  0.0629 3.82 1176.0   88.22  258.02
2454547.79160 18.5405  0.0490 3.63 1235.0   88.22  258.02
2454548.80256 18.7074  0.0711 4.93 1207.0   88.22  258.02
2454550.74561 18.7039  0.0713 5.23 1208.0   88.22  258.02
2454551.76880 18.6540  0.0566 3.79 1180.0   88.22  258.02
2454552.76478 18.5403  0.0988 4.45 3732.0   88.22  258.02
2454556.76088 18.7037  0.0558 4.66  878.0   88.22  258.02
2454557.77809 18.6683  0.0593 5.14  906.0   88.22  258.02
2454558.75503 18.7303  0.0514 4.00  882.0   88.22  258.02
2454559.75295 18.6941  0.0516 4.35  812.0   88.22  258.02
2454560.75308 18.7138  0.0515 4.26  790.0   88.22  258.02
2454561.74314 18.6861  0.0568 4.68  911.0   88.22  258.02
2454564.73329 18.7218  0.0559 4.66  821.0   88.22  258.02
2454565.73137 18.7038  0.0442 3.47  849.0   88.22  258.02
2454565.92227 18.6768  0.0432 3.34 1008.0   88.22  258.02
2454566.73085 18.7879  0.0558 4.15  856.0   88.22  258.02
2454567.72389 18.7105  0.0504 3.88  919.0   88.22  258.02
2454568.73243 18.7102  0.0572 4.17  957.0   88.22  258.02
2454569.74153 18.8566  0.0743 5.61  893.0   88.22  258.02
2454570.73215 18.7747  0.0683 5.19  967.0   88.22  258.02
2454571.72682 18.7133  0.0724 5.58 1016.0   88.22  258.02
2454571.91537 18.6244  0.0477 3.96  912.0   88.22  258.02
2454572.75431 18.6783  0.0494 3.83  974.0   88.22  258.02
2454573.74269 18.7256  0.0623 4.65 1066.0   88.22  258.02
2454573.90905 18.7444  0.0473 3.76  866.0   88.22  258.02
2454574.74508 18.7165  0.0618 4.32 1107.0   88.22  258.02
2454575.75416 18.7383  0.0578 3.56 1152.0   88.22  258.02
2454576.76067 18.6383  0.0515 3.51 1268.0   88.22  258.02
2454577.84238 18.7372  0.0722 4.66 1163.0   88.22  258.02
2454579.87033 18.8577  0.1206 4.24 2409.0   88.22  258.02
2454583.73713 18.6986  0.0591 4.29 1066.0   88.22  258.02
2454583.92992 18.7788  0.0670 4.25 1241.0   88.22  258.02
2454585.76085 18.7893  0.0868 6.18  963.0   88.22  258.02
2454586.78604 18.7731  0.0846 6.28  980.0   88.22  258.02
2454587.77378 18.7476  0.0695 5.39  963.0   88.22  258.02
2454587.93231 18.6820  0.0783 5.56 1292.0   88.22  258.02
2454588.69625 18.7425  0.0657 5.32 1002.0   88.22  258.02
2454588.92710 18.7533  0.0605 4.31 1073.0   88.22  258.02
2454589.67916 18.6801  0.0592 4.51  978.0   88.22  258.02
2454589.83455 18.7789  0.0658 4.65  932.0   88.22  258.02
2454589.89658 18.6568  0.0617 4.61  986.0   88.22  258.02
2454590.70193 18.5950  0.0510 4.11 1025.0   88.22  258.02
2454590.90659 18.6633  0.0555 4.00 1118.0   88.22  258.02
2454591.71043 18.6956  0.0551 3.82 1113.0   88.22  258.02
2454591.83587 18.6969  0.0566 4.29 1037.0   88.22  258.02
2454591.90243 18.7364  0.0591 3.84 1155.0   88.22  258.02
2454592.66906 18.7340  0.0681 4.58 1313.0   88.22  258.02
2454592.85831 18.7609  0.0679 4.18 1273.0   88.22  258.02
2454593.65819 18.8398  0.0689 4.67 1029.0   88.22  258.02
2454593.86790 18.6698  0.0510 3.70 1111.0   88.22  258.02
2454594.67921 18.7143  0.0636 4.85  969.0   88.22  258.02
2454594.87425 18.7339  0.0585 4.25 1060.0   88.22  258.02
2454595.66872 18.7390  0.0613 4.66  950.0   88.22  258.02
2454596.66395 18.7410  0.0670 5.21  965.0   88.22  258.02
2454597.68837 18.7273  0.0579 4.55  886.0   88.22  258.02
2454598.66466 18.6540  0.0411 3.43  792.0   88.22  258.02
2454599.63716 18.8173  0.0755 4.99 1052.0   88.22  258.02
2454600.64641 18.5932  0.0422 3.60  875.0   88.22  258.02
2454600.85513 18.7698  0.0526 3.57 1018.0   88.22  258.02
2454601.65198 18.6682  0.0500 3.63 1024.0   88.22  258.02
2454601.86823 18.7727  0.0585 3.46  863.0   88.22  258.02
2454602.64461 18.7290  0.0513 3.65  954.0   88.22  258.02
2454602.85403 18.7174  0.0484 3.55  964.0   88.22  258.02
2454603.88713 18.7629  0.0629 4.49  934.0   88.22  258.02
2454606.64588 18.6489  0.0559 3.76 1477.0   88.22  258.02
2454610.74205 18.7642  0.0611 3.83 1164.0   88.22  258.02
2454611.63136 18.7452  0.0704 4.68 1120.0   88.22  258.02
2454611.82221 18.6411  0.0493 3.57 1115.0   88.22  258.02
2454612.65274 18.7209  0.0591 3.89 1157.0   88.22  258.02
2454612.68400 18.6062  0.0536 3.58 1319.0   88.22  258.02
2454615.79448 18.6786  0.0610 4.84  994.0   88.22  258.02
2454616.60350 18.6704  0.0643 5.03 1022.0   88.22  258.02
2454616.82002 18.6706  0.0583 4.84  907.0   88.22  258.02
2454616.88998 18.6332  0.0618 4.79 1160.0   88.22  258.02
2454617.67523 18.7068  0.0555 4.25  909.0   88.22  258.02
2454618.61526 18.7462  0.0626 5.03  923.0   88.22  258.02
2454622.81368 18.6701  0.0584 4.76  977.0   88.22  258.02
2454623.64823 18.6711  0.0701 5.96  921.0   88.22  258.02
2454624.59278 18.7731  0.0817 5.79 1083.0   88.22  258.02
2454625.60687 18.6946  0.0766 6.27  962.0   88.22  258.02
2454626.60536 18.7503  0.0709 5.70  898.0   88.22  258.02
2454627.56583 18.6623  0.0611 4.71 1042.0   88.22  258.02
2454628.55309 18.6129  0.0571 4.71 1080.0   88.22  258.02
2454628.75937 18.6306  0.0549 5.07  898.0   88.22  258.02
2454629.63051 18.7397  0.0511 3.70  832.0   88.22  258.02
2454630.56646 18.6893  0.0618 4.54 1049.0   88.22  258.02
2454630.77227 18.6535  0.0473 3.65 1003.0   88.22  258.02
2454630.85565 18.7797  0.0666 4.78 1001.0   88.22  258.02
2454631.56784 18.6997  0.0461 3.25 1058.0   88.22  258.02
2454631.78357 18.7181  0.0479 3.73  922.0   88.22  258.02
2454631.87027 18.7229  0.0649 4.61 1183.0   88.22  258.02
2454632.57163 18.6085  0.0528 4.06 1154.0   88.22  258.02
2454632.85838 18.6597  0.0601 4.23 1289.0   88.22  258.02
2454633.57160 18.7715  0.0598 3.70 1211.0   88.22  258.02
2454633.60406 18.6787  0.0509 3.45 1131.0   88.22  258.02
2454633.68311 18.6438  0.0458 3.46 1031.0   88.22  258.02
2454638.70762 18.7044  0.0672 4.99 1087.0   88.22  258.02
2454638.75667 18.7183  0.0665 4.86 1093.0   88.22  258.02
2454639.53524 18.7752  0.0687 4.23 1353.0   88.22  258.02
2454639.57919 18.6770  0.0655 4.62 1249.0   88.22  258.02
2454639.67699 18.7106  0.0517 3.33 1210.0   88.22  258.02
2454640.59870 18.7372  0.0581 4.41  955.0   88.22  258.02
2454641.67270 18.6584  0.0528 4.14  965.0   88.22  258.02
2454642.59663 18.8040  0.0600 3.95 1031.0   88.22  258.02
2454643.55439 18.7089  0.0680 5.35  962.0   88.22  258.02
2454644.60177 18.8293  0.0798 5.69  949.0   88.22  258.02
2454645.52485 18.7128  0.0831 5.19 1404.0   88.22  258.02
2454646.52286 18.7311  0.0550 3.59 1108.0   88.22  258.02
2454647.51925 18.6116  0.0692 4.21 1466.0   88.22  258.02
2454647.74229 18.7631  0.0725 5.05 1059.0   88.22  258.02
2454648.50239 18.7490  0.0689 4.46 1204.0   88.22  258.02
2454648.71887 18.7804  0.0652 4.50  926.0   88.22  258.02
2454649.52851 18.6471  0.0669 4.99 1138.0   88.22  258.02
2454650.51447 18.6397  0.0683 5.04 1307.0   88.22  258.02
2454651.51784 18.6033  0.0835 6.33 1220.0   88.22  258.02
2454652.50887 18.7765  0.0679 4.32 1192.0   88.22  258.02
2454652.72200 18.6778  0.0507 3.98  915.0   88.22  258.02
2454653.50521 18.8418  0.0953 5.97 1218.0   88.22  258.02
2454654.54402 18.6636  0.0577 4.85  970.0   88.22  258.02
2454655.50509 18.5644  0.0662 5.06 1359.0   88.22  258.02
2454656.50700 18.6068  0.0453 3.34  948.0   88.22  258.02
2454658.66550 18.7737  0.0620 4.33  999.0   88.22  258.02
2454659.60482 18.8191  0.0927 6.27 1023.0   88.22  258.02
2454660.61782 18.8054  0.0734 5.04 1069.0   88.22  258.02
2454661.49505 18.7396  0.0784 4.79 1501.0   88.22  258.02
2454665.66253 18.6518  0.0752 4.60 1765.0   88.22  258.02
2454666.56798 18.6628  0.0577 3.71 1349.0   88.22  258.02
2454672.51369 18.6633  0.0437 3.38  944.0   88.22  258.02
2454675.68463 18.6654  0.0562 4.40 1006.0   88.22  258.02
2454684.51682 18.6738  0.0554 3.85 1125.0   88.22  258.02
2454687.48930 18.7474  0.0635 4.21 1028.0   88.22  258.02
2454687.74484 18.7487  0.0830 5.89 1104.0   88.22  258.02
2454693.55003 18.6210  0.0757 3.98 2358.0   88.22  258.02
2454710.55006 18.9994  0.0732 4.08  987.0   88.22  258.02
2454720.55897 18.6868  0.0633 4.19 1225.0   88.22  258.02
2454721.49143 18.5079  0.0730 5.87 1322.0   88.22  258.02
2454724.51288 18.7342  0.0867 4.48 1204.0   88.22  258.02
2454725.49167 18.8313  0.0848 5.08 1197.0   88.22  258.02
2454734.55751 18.5265  0.0604 5.11 1014.0   88.22  258.02
2454737.54843 18.7863  0.0704 5.35  899.0   88.22  258.02
2454740.55896 18.5675  0.0649 5.58 1020.0   88.22  258.02
2454868.88455 18.7500  0.0759 4.05 1626.0   88.22  258.02
2454873.85726 18.7886  0.0734 4.41 1259.0   88.22  258.02
2454874.85174 18.6537  0.0688 5.10 1268.0   88.22  258.02
2454877.85157 18.6753  0.0564 3.91 1050.0   88.22  258.02
2454884.85909 18.6567  0.0500 3.86 1074.0   88.22  258.02
2454887.83119 18.6916  0.0503 3.89  957.0   88.22  258.02
2454890.88716 18.6542  0.0463 3.87  841.0   88.22  258.02
2454896.87540 18.6816  0.0531 4.40  893.0   88.22  258.02
2454899.84634 18.7744  0.0583 3.73 1046.0   88.22  258.02
2454900.88774 18.6552  0.0470 3.41 1012.0   88.22  258.02
2454901.88614 18.6657  0.0464 3.22 1019.0   88.22  258.02
2454902.88483 18.6592  0.0450 3.21 1002.0   88.22  258.02
2454904.80896 18.6733  0.0551 3.95 1081.0   88.22  258.02
2454905.91295 18.8169  0.0883 4.36 1824.0   88.22  258.02
2454910.81490 18.6295  0.0556 3.34 1505.0   88.22  258.02
2454911.78546 18.6430  0.0409 3.40  771.0   88.22  258.02
2454912.78241 18.6362  0.0398 3.30  801.0   88.22  258.02
2454914.79944 18.6910  0.0524 4.48  775.0   88.22  258.02
2454917.76047 18.5937  0.0447 3.63  860.0   88.22  258.02
2454924.78141 18.7012  0.0501 3.74  905.0   88.22  258.02
2454925.82136 18.7074  0.0482 3.63  912.0   88.22  258.02
2454925.90842 18.6209  0.0380 3.36  874.0   88.22  258.02
2454925.91983 18.5509  0.0465 4.10 1137.0   88.22  258.02
2454927.72109 18.8710  0.0896 5.20 1145.0   88.22  258.02
2454927.87554 18.7155  0.0743 5.64  971.0   88.22  258.02
2454930.70831 18.7480  0.0688 4.25 1375.0   88.22  258.02
2454930.82726 18.7017  0.0648 4.62 1176.0   88.22  258.02
2454931.86880 18.8470  0.0670 4.25 1116.0   88.22  258.02
2454932.82688 18.6469  0.0424 3.13 1077.0   88.22  258.02
2454933.77452 18.6213  0.0691 5.40 1212.0   88.22  258.02
2454934.77294 18.5659  0.0815 4.69 2162.0   88.22  258.02
2454934.87774 18.8149  0.0871 5.54 1221.0   88.22  258.02
2454938.68351 18.7927  0.0702 4.11 1229.0   88.22  258.02
2454938.88815 18.7771  0.0622 4.73 1035.0   88.22  258.02
2454939.70243 18.7629  0.0736 5.45  966.0   88.22  258.02
2454940.70242 18.7502  0.0623 4.71  911.0   88.22  258.02
2454941.68119 18.7783  0.0594 4.32  980.0   88.22  258.02
2454941.77917 18.6686  0.0511 4.72  887.0   88.22  258.02
2454943.81250 18.6811  0.0491 4.16  855.0   88.22  258.02
2454944.70804 18.7265  0.0537 3.67  901.0   88.22  258.02
2454944.82528 18.6265  0.0482 4.12  846.0   88.22  258.02
2454945.71828 18.6374  0.0477 3.84  893.0   88.22  258.02
2454945.77474 18.6845  0.0432 3.45  849.0   88.22  258.02
2454946.66793 18.6460  0.0534 4.35  915.0   88.22  258.02
2454947.85986 18.8831  0.0617 4.28  969.0   88.22  258.02
2454948.84217 18.6475  0.0430 4.21  800.0   88.22  258.02
2454950.66985 18.7349  0.0546 4.38  861.0   88.22  258.02
2454951.65030 18.5934  0.0549 4.68 1032.0   88.22  258.02
2454952.64856 18.8112  0.0639 5.00  886.0   88.22  258.02
2454953.64219 18.6957  0.0587 4.50 1023.0   88.22  258.02
2454953.81674 18.7411  0.0529 3.77  957.0   88.22  258.02
2454954.64373 18.7595  0.0689 5.00  972.0   88.22  258.02
2454954.83660 18.7228  0.0528 4.64  842.0   88.22  258.02
2454955.64442 18.8249  0.0833 5.49 1108.0   88.22  258.02
2454955.77778 18.7742  0.0622 4.77  846.0   88.22  258.02
