2125.68449 15.1662 0.0045
2129.73667 15.1577 0.0035
2132.67964 15.1677 0.0037
2136.58305 15.1599 0.0040
2141.59817 15.1552 0.0037
2144.68095 15.1572 0.0037
2160.63761 15.1508 0.0042
2170.57853 15.1782 0.0040
2178.58931 15.1718 0.0069
2188.53843 15.1341 0.0046
2211.54196 15.1546 0.0050
2333.87889 15.1649 0.0040
2344.84020 15.1543 0.0036
2355.89104 15.1607 0.0036
2364.88358 15.1648 0.0045
2372.89444 15.1617 0.0038
2391.92455 15.1772 0.0043
2405.83181 15.1608 0.0039
2414.88032 15.1637 0.0041
2416.89296 15.1612 0.0044
2424.75161 15.1675 0.0044
2428.73682 15.1625 0.0037
2432.88836 15.1433 0.0053
2434.77636 15.1618 0.0038
2436.82434 15.1593 0.0038
2438.79800 15.1606 0.0038
2441.76032 15.1614 0.0035
2445.67687 15.1583 0.0036
2448.70017 15.1651 0.0051
2459.68889 15.1609 0.0028
2460.70689 15.1548 0.0042
2463.58818 15.1457 0.0036
2466.61097 15.1502 0.0037
2468.73717 15.1460 0.0035
2470.72098 15.1461 0.0036
2472.74842 15.1495 0.0040
2481.60483 15.1374 0.0046
2484.66815 15.1501 0.0041
2486.53034 15.1464 0.0048
2486.76087 15.1327 0.0052
2490.74403 15.1560 0.0046
2493.68873 15.1531 0.0032
2496.53477 15.1535 0.0034
2498.55539 15.1467 0.0035
2500.59886 15.1565 0.0036
2502.61247 15.1599 0.0038
2508.71070 15.1626 0.0044
2517.56158 15.1456 0.0042
2520.62906 15.1559 0.0038
2529.49492 15.1696 0.0041
2538.54658 15.1611 0.0042
2542.57436 15.1599 0.0038
2548.50286 15.1405 0.0047
2552.53917 15.1549 0.0047
2557.50433 15.1530 0.0040
2564.52576 15.1636 0.0043
2708.85304 15.1484 0.0035
2719.85874 15.1483 0.0040
2729.88069 15.1572 0.0041
2734.81967 15.1474 0.0036
2747.74400 15.1712 0.0053
2753.92904 15.1636 0.0045
2757.85613 15.1631 0.0041
2761.90425 15.1618 0.0038
2767.85120 15.1621 0.0043
2775.76807 15.1694 0.0045
2782.68942 15.1725 0.0045
2784.61208 15.1686 0.0039
2786.83544 15.1624 0.0041
2788.64203 15.1684 0.0040
2790.74647 15.1618 0.0038
2793.65967 15.2207 0.0026
2795.63403 15.1747 0.0031
2797.64598 15.1611 0.0035
2802.73837 15.1563 0.0044
2809.76098 15.1534 0.0041
2811.68810 15.1594 0.0043
2812.81738 15.1674 0.0044
2813.86118 15.1418 0.0043
2815.84185 15.1595 0.0039
2816.86281 15.1598 0.0041
2818.63254 15.1615 0.0038
2819.80904 15.1517 0.0041
2821.69489 15.1531 0.0041
2826.81225 15.1646 0.0044
2835.68035 15.1584 0.0042
2837.68806 15.1595 0.0046
2838.82383 15.1418 0.0049
2840.74115 15.1599 0.0044
2843.69244 15.1618 0.0034
2845.68979 15.1510 0.0039
2846.51145 15.1531 0.0050
2847.47567 15.1325 0.0054
2848.67499 15.1584 0.0042
2849.64545 15.1603 0.0039
2850.47654 15.1727 0.0041
2850.57871 15.1472 0.0035
2851.66883 15.1610 0.0039
2852.58646 15.1358 0.0050
2853.47106 15.1712 0.0045
2854.59091 15.1595 0.0039
2855.61160 15.1501 0.0046
2856.55098 15.1620 0.0041
2857.50116 15.1595 0.0039
2858.71348 15.1497 0.0038
2859.57400 15.1675 0.0044
2862.47010 15.1587 0.0057
2862.66060 15.1440 0.0045
2862.74786 15.1284 0.0054
2863.49613 15.1710 0.0044
2864.52891 15.1690 0.0048
2865.56025 15.1633 0.0037
2866.61010 15.1549 0.0043
2866.64122 15.1629 0.0042
2867.63502 15.1582 0.0037
2868.58255 15.1498 0.0037
2868.71191 15.1582 0.0042
2869.56379 15.1493 0.0041
2870.65336 15.1555 0.0039
2871.47012 15.1634 0.0047
2871.63410 15.1449 0.0036
2872.55986 15.1534 0.0037
2875.50434 15.1626 0.0043
2876.57768 15.1510 0.0037
2877.51393 15.1513 0.0040
2877.53213 15.1486 0.0039
2878.50179 15.1577 0.0038
2879.58425 15.1521 0.0040
2880.69742 15.1638 0.0042
2880.71043 15.1579 0.0043
2881.65316 15.1712 0.0022
2881.66743 15.1558 0.0023
2882.50413 15.1604 0.0039
2883.59317 15.1549 0.0036
2883.62680 15.1626 0.0039
2884.58397 15.1475 0.0039
2885.55497 15.1570 0.0043
2890.64984 15.1335 0.0055
2890.66300 15.1383 0.0052
2892.55313 15.1488 0.0041
2893.48848 15.1597 0.0043
2894.52850 15.1585 0.0040
2895.61873 15.1459 0.0036
2896.53658 15.1535 0.0039
2897.63851 15.1505 0.0044
2898.55150 15.1631 0.0042
2899.63518 15.1614 0.0033
2900.48014 15.1381 0.0049
2900.63042 15.1537 0.0044
2901.50407 15.1278 0.0042
2902.47961 15.1292 0.0053
2903.49844 15.1215 0.0040
2903.57808 15.1704 0.0027
2904.53824 15.1483 0.0049
2904.61321 15.1397 0.0043
2905.48843 15.1536 0.0046
2905.55277 15.1381 0.0049
2905.62954 15.1484 0.0049
2906.49241 15.1566 0.0045
2906.58665 15.1534 0.0041
2907.48603 15.1441 0.0049
2907.60585 15.1500 0.0046
2908.49276 15.1525 0.0050
2909.49462 15.1564 0.0041
2909.57295 15.1559 0.0047
2909.63884 15.1455 0.0042
2910.48592 15.1559 0.0050
2910.54195 15.1627 0.0042
2911.52623 15.1597 0.0045
2912.47734 15.1604 0.0054
2915.48832 15.1679 0.0047
2916.52469 15.1576 0.0042
2917.51595 15.1569 0.0045
2918.50717 15.1520 0.0047
2920.51776 15.1656 0.0045
2921.50631 15.1536 0.0049
2922.51332 15.1519 0.0046
2923.52228 15.1621 0.0039
2924.52014 15.1634 0.0037
2925.53017 15.1617 0.0039
2926.55208 15.1672 0.0029
2927.51201 15.1547 0.0045
2928.52341 15.1642 0.0042
2930.51729 15.1603 0.0042
2931.51748 15.1465 0.0037
2932.52366 15.1575 0.0039
2933.51685 15.1686 0.0041
2934.53301 15.1548 0.0043
2937.52714 15.1717 0.0045
2939.52852 15.1562 0.0046
2939.53323 15.1455 0.0065
2941.50156 15.1636 0.0064
2943.52479 15.1498 0.0083
2944.52474 15.1524 0.0071
2945.51029 15.1544 0.0070
2946.51642 15.1466 0.0069
2947.50824 15.1651 0.0071
2951.50479 15.1583 0.0071
2953.50688 15.1614 0.0063
3041.87669 15.1669 0.0063
3050.87089 15.1658 0.0058
3052.86027 15.1770 0.0041
3059.83591 15.1658 0.0039
3064.85282 15.1381 0.0046
3068.80659 15.1456 0.0048
3070.88521 15.1565 0.0039
3073.84129 15.1566 0.0039
3075.87941 15.1583 0.0038
3080.78360 15.1588 0.0033
3082.91525 15.1586 0.0038
3085.84189 15.1549 0.0036
3086.91651 15.1441 0.0038
3088.83449 15.1442 0.0033
3090.74759 15.1493 0.0035
3096.90279 15.1590 0.0040
3099.79848 15.1569 0.0043
3101.78411 15.1650 0.0039
3103.80766 15.1430 0.0037
3104.86635 15.1553 0.0051
3106.87959 15.1558 0.0039
3108.80006 15.1391 0.0034
3109.85902 15.1411 0.0034
3110.86540 15.1550 0.0035
3112.85073 15.1499 0.0034
3114.81532 15.1502 0.0035
3116.90346 15.1378 0.0038
3122.94130 15.1566 0.0072
3123.79393 15.1559 0.0024
3125.90585 15.1084 0.0044
3127.85364 15.1503 0.0037
3128.85349 15.1472 0.0039
3130.73250 15.1423 0.0038
3131.69892 15.1405 0.0041
3135.93058 15.1547 0.0037
3138.68484 15.1440 0.0039
3139.91082 15.1395 0.0035
3140.91428 15.1395 0.0037
3142.79870 15.1512 0.0034
3144.81868 15.1482 0.0034
3146.85584 15.1446 0.0040
3151.79079 15.1493 0.0038
3151.93933 15.1475 0.0044
3152.78845 15.1409 0.0037
3153.79109 15.1346 0.0038
3154.87541 15.1256 0.0046
3156.89494 15.1464 0.0039
3162.60480 15.1505 0.0043
3163.78576 15.1393 0.0036
3164.76802 15.1376 0.0033
3164.90101 15.1277 0.0039
3165.74155 15.1562 0.0031
3167.62796 15.1485 0.0045
3168.88674 15.1429 0.0038
3169.75486 15.1239 0.0038
3170.84276 15.1325 0.0033
3171.81098 15.1310 0.0029
3172.78191 15.1385 0.0034
3173.88292 15.1238 0.0045
3174.74175 15.1495 0.0034
3175.75475 15.1474 0.0034
3177.79097 15.1340 0.0044
3179.53570 15.1648 0.0037
3179.91494 15.1359 0.0045
3180.75674 15.1499 0.0033
3182.81738 15.1430 0.0035
3183.77238 15.1276 0.0038
3184.73349 15.1484 0.0033
3185.73693 15.1524 0.0037
3194.58002 15.1660 0.0042
3195.71156 15.1550 0.0034
3195.83207 15.1509 0.0036
3196.63295 15.1672 0.0038
3196.80344 15.1613 0.0037
3197.55775 15.1700 0.0038
3199.66295 15.1622 0.0034
3202.54921 15.1779 0.0035
3203.69433 15.1492 0.0034
3204.68524 15.1555 0.0034
3205.54408 15.1584 0.0034
3206.74943 15.1734 0.0040
3209.66940 15.1560 0.0037
3210.66948 15.1571 0.0035
3211.63995 15.1631 0.0036
3217.68416 15.1467 0.0037
3218.68291 15.1531 0.0042
3219.64860 15.1464 0.0042
3223.68369 15.1450 0.0041
3224.73173 15.1426 0.0040
3226.66011 15.1383 0.0041
3228.63300 15.1530 0.0035
3229.66548 15.1559 0.0034
3230.69896 15.1464 0.0040
3231.60295 15.1565 0.0035
3232.63942 15.1507 0.0041
3238.65124 15.1544 0.0044
3240.50338 15.1608 0.0035
3241.68711 15.1478 0.0049
3245.58730 15.1575 0.0045
3246.69295 15.1300 0.0048
3247.63600 15.1507 0.0039
3249.55960 15.1592 0.0040
3250.69059 15.1388 0.0046
3256.66988 15.1686 0.0042
3260.57964 15.1611 0.0037
3265.59292 15.1615 0.0037
3272.62167 15.1297 0.0035
3275.58227 15.1487 0.0041
3279.55258 15.1548 0.0038
3282.51110 15.1511 0.0036
3288.57741 15.1525 0.0031
3293.54804 15.1491 0.0025
3295.55648 15.1406 0.0024
3300.54180 15.1551 0.0042
3417.88621 15.1557 0.0032
3423.84880 15.1628 0.0035
3426.89425 15.1462 0.0035
3429.87926 15.1544 0.0036
3436.83866 15.1361 0.0041
3443.79390 15.1667 0.0033
3445.83514 15.1416 0.0031
3447.88545 15.1339 0.0035
3449.90244 15.1610 0.0031
3452.91957 15.1459 0.0038
3453.79138 15.1405 0.0038
3455.86196 15.1525 0.0038
3456.87308 15.1493 0.0032
3457.79073 15.1538 0.0034
3458.83434 15.1609 0.0034
3459.80893 15.1616 0.0034
3467.91211 15.1468 0.0031
3469.82136 15.1466 0.0031
3470.86544 15.1525 0.0032
3472.79275 15.1499 0.0033
3473.88777 15.1425 0.0037
3474.86014 15.1502 0.0035
3475.92774 15.1399 0.0034
3477.79665 15.1401 0.0034
3480.86295 15.1326 0.0032
3481.87488 15.1369 0.0031
3483.80722 15.1354 0.0032
3496.76113 15.1581 0.0035
3497.83263 15.1482 0.0034
3499.75754 15.1542 0.0032
3500.76212 15.1513 0.0034
3502.71066 15.1491 0.0031
3503.72129 15.1497 0.0029
3504.73874 15.1411 0.0032
3506.84062 15.1268 0.0037
3508.81782 15.1465 0.0034
3509.72097 15.1501 0.0031
3511.70761 15.1607 0.0035
3512.77656 15.1503 0.0035
3517.81703 15.1580 0.0038
3520.85221 15.1449 0.0032
3521.67144 15.1418 0.0030
3522.78158 15.1342 0.0033
3523.81633 15.1445 0.0031
3524.80397 15.1395 0.0032
3525.78365 15.1410 0.0031
3526.86900 15.1406 0.0034
3528.58760 15.1586 0.0033
3530.81305 15.1424 0.0030
3537.78088 15.1489 0.0030
3538.71032 15.1546 0.0029
3540.68429 15.1442 0.0032
3544.76809 15.1418 0.0035
3546.88532 15.1357 0.0042
3547.84271 15.1506 0.0038
3549.79665 15.1527 0.0030
3550.66918 15.1504 0.0026
3550.72227 15.1427 0.0028
3550.75596 15.1526 0.0025
3550.77576 15.1523 0.0028
3550.79015 15.1493 0.0027
3550.80485 15.1380 0.0029
3550.81950 15.1458 0.0027
3550.84542 15.1412 0.0031
3550.87421 15.1629 0.0036
3551.59485 15.1541 0.0025
3551.67457 15.1492 0.0027
3551.73165 15.1418 0.0024
3551.81086 15.1466 0.0031
3551.88013 15.1568 0.0042
3552.59592 15.1601 0.0034
3552.70603 15.1421 0.0031
3553.70867 15.1457 0.0036
3553.78386 15.1404 0.0036
3554.70427 15.1435 0.0034
3554.79875 15.1414 0.0035
3555.65593 15.1315 0.0036
3555.69507 15.1335 0.0032
3555.77209 15.1205 0.0040
3555.82886 15.1007 0.0044
3556.55428 15.1301 0.0044
3556.66354 15.1463 0.0029
3556.75583 15.1383 0.0031
3556.83791 15.1241 0.0041
3558.46917 15.1703 0.0043
3558.59147 15.1499 0.0033
3558.74248 15.1267 0.0035
3558.84480 15.1366 0.0034
3559.52611 15.1549 0.0035
3559.57038 15.1453 0.0036
3559.68735 15.1494 0.0032
3560.47330 15.1546 0.0040
3560.56099 15.1461 0.0031
3560.64047 15.1434 0.0030
3560.73869 15.1399 0.0027
3560.82062 15.1256 0.0028
3560.85096 15.1313 0.0032
3561.46552 15.1508 0.0042
3561.50927 15.1469 0.0030
3561.53585 15.1486 0.0030
3561.57756 15.1457 0.0028
3561.62432 15.1404 0.0027
3561.67310 15.1389 0.0029
3561.71145 15.1349 0.0026
3561.71472 15.1387 0.0021
3561.74707 15.1181 0.0031
3561.76115 15.1341 0.0030
3561.77681 15.1341 0.0030
3561.80109 15.1412 0.0031
3561.84787 15.1434 0.0033
3562.46533 15.1658 0.0042
3562.62493 15.1357 0.0035
3562.79301 15.1252 0.0033
3562.84776 15.1240 0.0036
3563.47785 15.1499 0.0040
3563.67139 15.1395 0.0030
3563.78203 15.1303 0.0035
3564.56494 15.1476 0.0036
3568.80845 15.1442 0.0038
3569.48983 15.1553 0.0041
3569.70866 15.1537 0.0046
3573.69531 15.1460 0.0035
3573.72956 15.1417 0.0036
3574.72330 15.1291 0.0033
3575.66215 15.1454 0.0030
3576.72456 15.1504 0.0036
3577.77291 15.1407 0.0033
3578.70955 15.1429 0.0030
3579.65486 15.1468 0.0030
3580.69138 15.1442 0.0033
3581.70782 15.1418 0.0031
3582.63359 15.1548 0.0032
3583.67020 15.1443 0.0032
3584.67898 15.1527 0.0030
3585.67699 15.1385 0.0029
3586.70841 15.1442 0.0029
3588.75948 15.1300 0.0036
3589.72078 15.1406 0.0033
3590.71698 15.1320 0.0033
3592.68968 15.1421 0.0031
3601.69324 15.1478 0.0035
3602.69343 15.1218 0.0041
3603.67359 15.1464 0.0034
3607.67209 15.1454 0.0033
3608.68805 15.1315 0.0033
3615.61533 15.1384 0.0032
3618.61886 15.1324 0.0034
3620.58208 15.1440 0.0031
3628.58410 15.1505 0.0034
3630.59818 15.1319 0.0037
3634.52903 15.1448 0.0032
3639.53607 15.1394 0.0029
3641.58164 15.1491 0.0038
3644.54635 15.1390 0.0032
3649.53575 15.1396 0.0029
3651.58783 15.1410 0.0038
3654.57294 15.1307 0.0052
3655.52070 15.1413 0.0039
3655.52443 15.1356 0.0055
3655.55298 15.1421 0.0035
3657.54622 15.1267 0.0039
3659.54799 15.1247 0.0044
3662.55247 15.1438 0.0043
3665.52294 15.1387 0.0038
3674.50548 15.1559 0.0041
3777.85747 15.0955 0.0034
3782.89348 15.0812 0.0034
3785.85506 15.0751 0.0031
3787.86720 15.0685 0.0032
3791.84156 15.0612 0.0040
3793.88576 15.0510 0.0032
3795.87001 15.0528 0.0034
3796.90246 15.0467 0.0032
3798.83333 15.0448 0.0032
3799.88771 15.0291 0.0039
3801.84247 15.0328 0.0033
3802.87685 15.0205 0.0032
3804.79005 15.0140 0.0034
3805.82863 15.0094 0.0031
3806.82534 15.0158 0.0033
3807.84955 15.0188 0.0032
3808.85319 15.0070 0.0031
3809.91006 15.0064 0.0031
3810.90615 15.0005 0.0031
3811.79670 14.9875 0.0038
3812.87418 14.9888 0.0034
3813.85733 14.9877 0.0031
3814.85277 14.9815 0.0030
3818.77043 14.9733 0.0033
3819.83410 14.9517 0.0028
3820.79811 14.9528 0.0028
3821.80132 14.9533 0.0030
3822.84496 14.9419 0.0029
3823.80595 14.9372 0.0029
3824.79240 14.9041 0.0038
3825.83196 14.9331 0.0031
3826.79169 14.9216 0.0032
3827.83213 14.9070 0.0027
3828.81223 14.9039 0.0030
3829.74000 14.8985 0.0030
3830.76860 14.8951 0.0028
3832.77194 14.8823 0.0029
3833.79920 14.8735 0.0027
3834.77112 14.8643 0.0028
3835.75983 14.8552 0.0030
3836.72125 14.8548 0.0033
3837.76195 14.8226 0.0033
3838.76987 14.8235 0.0033
3838.88727 14.8279 0.0030
3839.76576 14.8214 0.0031
3840.76893 14.8132 0.0030
3841.72412 14.8003 0.0031
3841.87411 14.7880 0.0027
3842.71575 14.7888 0.0032
3845.74561 14.8159 0.0043
3846.75655 14.7428 0.0027
3846.88519 14.7297 0.0027
3847.82959 14.7186 0.0029
3848.77961 14.7100 0.0028
3848.89835 14.6951 0.0029
3849.77712 14.6973 0.0027
3850.72234 14.6856 0.0027
3850.89522 14.6767 0.0029
3851.73597 14.6653 0.0027
3851.90073 14.6649 0.0027
3852.72451 14.6478 0.0027
3852.84532 14.6552 0.0027
3852.93000 14.6445 0.0031
3853.71718 14.6406 0.0024
3853.88140 14.6310 0.0025
3856.70310 14.5778 0.0023
3856.89353 14.5858 0.0018
3856.91127 14.5803 0.0020
3858.74233 14.5501 0.0024
3859.85730 14.5178 0.0024
3860.69776 14.5139 0.0020
3861.69515 14.4752 0.0025
3861.79930 14.4750 0.0023
3861.89705 14.4736 0.0022
3862.67702 14.4613 0.0025
3862.89176 14.4509 0.0024
3863.68986 14.4351 0.0022
3863.83365 14.4220 0.0022
3863.90976 14.4199 0.0022
3864.70665 14.4051 0.0023
3864.89287 14.3951 0.0022
3865.66656 14.3838 0.0024
3865.80227 14.3664 0.0022
3865.88079 14.3710 0.0022
3866.71212 14.3458 0.0022
3866.85162 14.3380 0.0022
3867.65806 14.3209 0.0023
3867.84352 14.3134 0.0022
3867.91374 14.3056 0.0022
3868.66585 14.2838 0.0025
3868.80805 14.2777 0.0022
3868.88961 14.2813 0.0023
3869.63765 14.2603 0.0023
3869.82690 14.2588 0.0023
3869.89932 14.2495 0.0022
3873.69943 14.1087 0.0020
3873.83850 14.0987 0.0019
3873.90899 14.0936 0.0020
3874.70070 14.0560 0.0020
3874.86920 14.0526 0.0019
3875.63739 14.0193 0.0018
3875.78466 14.0117 0.0018
3875.86232 14.0108 0.0018
3876.66078 13.9670 0.0014
3877.66527 13.9042 0.0017
3877.81348 13.9034 0.0017
3877.88726 13.8934 0.0018
3880.86881 13.7067 0.0016
3880.94234 13.6949 0.0016
3881.68905 13.6527 0.0016
3881.83181 13.6574 0.0015
3882.60119 13.5795 0.0016
3882.80409 13.5679 0.0015
3882.87426 13.5652 0.0015
3883.66655 13.4989 0.0015
3883.89942 13.4773 0.0014
3886.63183 13.2194 0.0013
3886.82134 13.2062 0.0012
3886.89340 13.1943 0.0012
3886.91942 13.1901 0.0013
3887.60190 13.1108 0.0012
3887.80456 13.0962 0.0012
3887.83235 13.0909 0.0012
3887.90444 13.0880 0.0012
3888.63275 13.0053 0.0007
3889.68436 12.9043 0.0011
3890.57264 12.8150 0.0011
3891.70892 12.7436 0.0010
3891.82595 12.7480 0.0010
3891.90762 12.7373 0.0010
3892.61935 12.7048 0.0011
3893.65359 12.7235 0.0011
3893.90132 12.7367 0.0011
3894.70142 12.7851 0.0011
3896.64517 12.9626 0.0012
3900.56049 13.3653 0.0016
3900.74689 13.4038 0.0014
3900.82229 13.3971 0.0014
3901.57432 13.4595 0.0015
3901.74913 13.4765 0.0016
3901.82595 13.4782 0.0015
3901.89842 13.4889 0.0015
3902.59525 13.5518 0.0012
3902.78038 13.5754 0.0015
3902.89906 13.5677 0.0017
3903.68413 13.6293 0.0016
3904.57829 13.6984 0.0016
3904.74151 13.7189 0.0016
3904.81054 13.7142 0.0016
3904.86331 13.7134 0.0016
3905.57519 13.7679 0.0016
3905.74918 13.7904 0.0016
3905.82182 13.7990 0.0016
3905.89039 13.7935 0.0017
3906.51388 13.8297 0.0020
3906.68372 13.8361 0.0018
3906.75669 13.8475 0.0016
3906.82930 13.8443 0.0018
3907.62034 13.8967 0.0018
3907.81522 13.8861 0.0021
3907.88779 13.8941 0.0020
3908.55655 13.9432 0.0019
3908.74699 13.9574 0.0018
3908.82227 13.9613 0.0018
3909.56168 13.9892 0.0020
3909.75605 14.0071 0.0018
3909.83797 14.0043 0.0019
3910.61038 14.0499 0.0019
3912.56080 14.1308 0.0018
3912.57805 14.1368 0.0019
3912.75758 14.1488 0.0018
3912.84545 14.1421 0.0019
3913.55857 14.1778 0.0019
3913.76078 14.1749 0.0022
3913.85057 14.1872 0.0020
3914.57604 14.2155 0.0021
3915.55656 14.2472 0.0022
3915.75991 14.2597 0.0020
3915.85686 14.2538 0.0022
3916.60444 14.2888 0.0023
3916.77708 14.2889 0.0023
3917.64441 14.3206 0.0023
3917.84732 14.3077 0.0025
3918.63791 14.3448 0.0022
3918.84760 14.3406 0.0024
3919.57277 14.3642 0.0025
3919.81720 14.3865 0.0021
3920.54240 14.4051 0.0022
3920.73868 14.4024 0.0024
3920.81741 14.4055 0.0022
3921.53540 14.4236 0.0024
3921.74585 14.4157 0.0027
3922.74232 14.4618 0.0025
3930.58996 14.6221 0.0025
3931.54102 14.6399 0.0027
3931.66443 14.6412 0.0026
3932.55290 14.6561 0.0027
3933.54186 14.6781 0.0025
3933.72316 14.6909 0.0020
3933.79875 14.6707 0.0027
3934.51260 14.6874 0.0027
3934.56454 14.6874 0.0026
3934.63600 14.6877 0.0025
3934.70641 14.6859 0.0026
3934.77547 14.6951 0.0025
3934.79282 14.6900 0.0026
3934.80927 14.6946 0.0026
3934.82422 14.7032 0.0026
3934.83369 14.6942 0.0027
3935.50769 14.6999 0.0029
3935.56244 14.6955 0.0026
3935.73378 14.6900 0.0029
3935.78552 14.7026 0.0029
3936.51606 14.7218 0.0028
3936.68139 14.7022 0.0027
3936.75893 14.7057 0.0027
3937.58413 14.7089 0.0029
3938.52355 14.7404 0.0030
3938.72521 14.7435 0.0027
3938.77440 14.7291 0.0030
3940.62660 14.7703 0.0024
3941.66994 14.7553 0.0032
3944.58012 14.8173 0.0023
3945.52895 14.8240 0.0028
3945.71701 14.8202 0.0029
3946.53925 14.8266 0.0031
3946.72865 14.8271 0.0028
3950.54721 14.8672 0.0026
3950.76672 14.8711 0.0029
3951.54348 14.8650 0.0031
3956.58987 14.8991 0.0035
3957.53075 14.9179 0.0034
3958.60353 14.9193 0.0031
3959.54348 14.9350 0.0030
3959.70782 14.9316 0.0032
3960.52144 14.9431 0.0028
3960.70135 14.9407 0.0028
3961.59654 14.9204 0.0036
3963.48309 14.9510 0.0034
3963.65763 14.9522 0.0032
3963.73098 14.9230 0.0035
3964.55318 14.9631 0.0029
3965.54247 14.9710 0.0028
3965.73238 14.9540 0.0030
3966.53439 14.9649 0.0030
3966.71621 14.9515 0.0032
3967.55811 14.9345 0.0035
3968.52091 14.9716 0.0031
3968.69242 14.9581 0.0033
3969.52480 14.9773 0.0033
3969.70342 14.9721 0.0032
3970.53664 14.9740 0.0032
3970.71654 14.9776 0.0030
3971.57643 14.9677 0.0034
3973.60156 14.9942 0.0031
3974.53141 14.9916 0.0034
3975.53387 15.0037 0.0030
3976.52866 15.0134 0.0030
3979.53844 15.0053 0.0040
3982.60561 15.0329 0.0033
3986.60564 15.0441 0.0034
3987.52802 15.0455 0.0032
3988.54086 15.0330 0.0031
3989.60257 15.0230 0.0036
3990.64483 15.0376 0.0036
3994.49755 15.0527 0.0037
3995.59517 15.0598 0.0031
3999.63271 15.0610 0.0034
4000.53975 15.0710 0.0034
4001.52949 15.0768 0.0035
4002.52619 15.0738 0.0031
4004.54914 15.0821 0.0038
4005.55184 15.0693 0.0034
4006.54651 15.0729 0.0031
4012.52220 15.0821 0.0041
4016.56413 15.0621 0.0040
4018.57671 15.0785 0.0037
4021.56064 15.0980 0.0039
4024.50839 15.1057 0.0038
4026.50391 15.1189 0.0031
4028.51996 15.1043 0.0037
4031.52003 15.1110 0.0036
4038.52521 15.1061 0.0038
4041.52434 15.1056 0.0041
4142.87523 15.1634 0.0048
4151.88039 15.1677 0.0045
4154.82783 15.1457 0.0041
4156.88084 15.1512 0.0043
4159.81488 15.1612 0.0041
4161.86831 15.1578 0.0042
4163.88431 15.1529 0.0038
4165.84117 15.1696 0.0045
4168.83867 15.1578 0.0044
4170.83886 15.1614 0.0041
4175.87474 15.1597 0.0038
4177.77451 15.1685 0.0039
4178.83184 15.1598 0.0039
4179.87172 15.1470 0.0037
4181.80814 15.1644 0.0040
4182.85669 15.1537 0.0037
4183.88919 15.1632 0.0036
4184.75926 15.1638 0.0043
4185.76565 15.1622 0.0043
4191.77617 15.1568 0.0047
4193.78728 15.1556 0.0045
4194.81014 15.1640 0.0042
4196.80014 15.1616 0.0041
4202.78174 15.1470 0.0035
4203.76952 15.1535 0.0036
4204.76188 15.1627 0.0040
4205.76010 15.1656 0.0038
4205.91151 15.1573 0.0038
4207.75135 15.1598 0.0038
4208.70530 15.1640 0.0042
4211.81661 15.1470 0.0038
4212.84618 15.1422 0.0044
4213.75424 15.1643 0.0039
4215.76726 15.1591 0.0042
4216.72515 15.1556 0.0038
4217.73265 15.1485 0.0036
4217.89395 15.1354 0.0034
4218.78240 15.1363 0.0045
4219.78966 15.1577 0.0039
4220.72858 15.1578 0.0041
4222.69730 15.1620 0.0043
4224.81040 15.1560 0.0039
4228.70275 15.1616 0.0041
4229.69634 15.1548 0.0043
4229.89326 15.1545 0.0039
4230.64454 15.1628 0.0041
4230.83252 15.1407 0.0044
4230.89420 15.1463 0.0043
4231.66850 15.1722 0.0029
4231.71956 15.1572 0.0033
4231.87459 15.1530 0.0041
4232.62287 15.1686 0.0046
4232.65625 15.1543 0.0041
4232.78126 15.1610 0.0040
4232.82067 15.1607 0.0044
4232.85609 15.1506 0.0046
4232.88985 15.1491 0.0046
4232.91882 15.1562 0.0045
4232.93666 15.1571 0.0051
4233.64991 15.1388 0.0040
4233.65630 15.1509 0.0032
4233.65858 15.1521 0.0028
4233.66083 15.1400 0.0031
4233.66293 15.1458 0.0033
4233.66499 15.0726 0.0033
4233.66720 15.1056 0.0023
4233.66927 15.1541 0.0021
4233.67100 15.1450 0.0022
4233.67265 15.1708 0.0020
4233.67425 15.1270 0.0023
4233.68535 15.1007 0.0023
4233.68702 15.1265 0.0021
4233.68897 15.0859 0.0036
4233.69173 15.1299 0.0057
4233.69507 15.1318 0.0049
4233.69787 15.1059 0.0052
4233.70088 15.1374 0.0052
4233.70389 15.1523 0.0050
4233.70678 15.1362 0.0051
4233.71420 15.1559 0.0045
4233.72021 15.1548 0.0046
4233.72327 15.1234 0.0040
4233.72595 15.1014 0.0055
4233.72883 15.1416 0.0050
4233.73183 15.1566 0.0044
4233.73476 15.1530 0.0044
4233.73766 15.1410 0.0049
4233.74058 15.1581 0.0045
4233.74348 15.1549 0.0044
4233.75046 15.1585 0.0045
4233.75905 15.1342 0.0052
4233.76791 15.1301 0.0051
4233.77086 15.1372 0.0051
4233.77380 15.1411 0.0047
4233.77675 15.1606 0.0046
4233.78301 15.1535 0.0044
4233.78862 15.1536 0.0043
4233.79445 15.1578 0.0040
4233.80137 15.1665 0.0041
4233.81263 15.1562 0.0041
4233.82161 15.1365 0.0044
4233.83004 15.1396 0.0045
4233.84004 15.1533 0.0044
4233.84899 15.1658 0.0037
4233.85745 15.1561 0.0034
4233.86601 15.1587 0.0041
4233.87899 15.1612 0.0035
4233.88731 15.1547 0.0036
4233.89571 15.1702 0.0038
4233.90399 15.1634 0.0037
4233.91247 15.1501 0.0037
4233.92223 15.1391 0.0044
4233.92822 15.1448 0.0049
4233.93125 15.1407 0.0051
4233.93413 15.1501 0.0049
4233.93704 15.1569 0.0052
4234.61520 15.1665 0.0049
4234.61909 15.1697 0.0050
4234.62650 15.1636 0.0048
4234.63407 15.1586 0.0045
4234.64058 15.1761 0.0038
4234.65400 15.1783 0.0038
4234.66230 15.1667 0.0041
4234.67072 15.1569 0.0045
4234.67910 15.1687 0.0042
4234.69412 15.1578 0.0044
4234.71978 15.1616 0.0039
4234.73251 15.1640 0.0039
4234.76193 15.1646 0.0040
4234.78218 15.1627 0.0039
4234.80483 15.1582 0.0037
4234.84231 15.1574 0.0038
4234.88142 15.1523 0.0043
4234.89891 15.1516 0.0042
4234.90453 15.1649 0.0041
4234.92005 15.1537 0.0041
4234.92861 15.1641 0.0045
4234.93743 15.1576 0.0050
4235.62361 15.1665 0.0043
4235.69290 15.1579 0.0037
4235.74182 15.1582 0.0037
4235.75037 15.1542 0.0038
4235.85395 15.1519 0.0037
4235.91606 15.0715 0.0051
4237.61943 15.1580 0.0049
4238.69080 15.1641 0.0039
4238.90028 15.1584 0.0040
4239.66265 15.1587 0.0038
4240.70232 15.1574 0.0037
4240.85598 15.1593 0.0040
4243.66800 15.1629 0.0042
4243.76143 15.1616 0.0040
4243.85430 15.1610 0.0041
4244.64017 15.1631 0.0048
4244.73655 15.1577 0.0037
4244.82915 15.1641 0.0039
4245.63325 15.1664 0.0040
4245.72756 15.1554 0.0037
4245.82302 15.1565 0.0037
4245.87353 15.1604 0.0040
4246.69196 15.1628 0.0038
4246.78506 15.1557 0.0039
4246.87776 15.1583 0.0038
4247.70700 15.1631 0.0040
4250.75508 15.1605 0.0040
4256.64749 15.1637 0.0047
4256.79295 15.1563 0.0048
4257.67440 15.1631 0.0041
4258.65791 15.1508 0.0044
4258.78073 15.1577 0.0039
4258.87335 15.1510 0.0046
4267.61761 15.1524 0.0039
4268.68710 15.1676 0.0026
4268.86458 15.1545 0.0044
4269.59983 15.1541 0.0037
4269.75009 15.1505 0.0038
4270.53452 15.1616 0.0045
4272.58103 15.1637 0.0042
4272.73092 15.1546 0.0037
4272.78954 15.1618 0.0040
4272.86090 15.1540 0.0047
4273.64139 15.1544 0.0042
4273.81955 15.1579 0.0042
4273.88075 15.1490 0.0048
4274.57248 15.1613 0.0045
4274.72539 15.1510 0.0043
4274.78629 15.1459 0.0038
4274.84582 15.1562 0.0040
4275.62399 15.1558 0.0040
4275.79929 15.1398 0.0047
4275.86039 15.1402 0.0052
4276.60876 15.1541 0.0044
4277.55247 15.1659 0.0046
4277.72954 15.1608 0.0042
4277.78820 15.1454 0.0046
4278.59742 15.1502 0.0046
4278.77372 15.1464 0.0050
4283.53501 15.1639 0.0045
4284.52681 15.1693 0.0043
4284.67642 15.1445 0.0044
4284.73654 15.1460 0.0037
4284.79857 15.1461 0.0042
4284.86357 15.1517 0.0049
4285.52997 15.1663 0.0044
4285.72352 15.1355 0.0042
4285.78480 15.1424 0.0040
4285.85001 15.1427 0.0042
4286.52973 15.1649 0.0044
4289.54064 15.1610 0.0042
4289.75955 15.1620 0.0043
4289.82437 15.1533 0.0039
4290.58692 15.1492 0.0044
4291.60659 15.1625 0.0038
4292.51218 15.1684 0.0038
4292.69119 15.1556 0.0037
4292.74997 15.1574 0.0036
4292.81299 15.1584 0.0044
4293.51294 15.1634 0.0038
4293.69711 15.1562 0.0038
4293.75585 15.1576 0.0038
4293.79610 15.1571 0.0039
4293.83361 15.1631 0.0040
4294.51155 15.1636 0.0038
4295.52172 15.1627 0.0039
4295.71681 15.1640 0.0038
4295.77541 15.1629 0.0038
4295.84081 15.1625 0.0047
4296.51581 15.1609 0.0040
4296.72152 15.1599 0.0040
4297.53561 15.1591 0.0040
4297.74018 15.1584 0.0040
4298.57009 15.1624 0.0043
4298.68173 15.1663 0.0038
4298.81913 15.1595 0.0048
4299.55718 15.1544 0.0035
4299.64710 15.1631 0.0037
4299.73838 15.1614 0.0038
4300.55383 15.1654 0.0040
4300.66900 15.1508 0.0037
4300.78411 15.1683 0.0041
4301.53996 15.1671 0.0037
4301.63622 15.1607 0.0038
4301.73840 15.1608 0.0037
4302.61294 15.1700 0.0040
4302.77804 15.1752 0.0040
4303.69955 15.1597 0.0041
4304.57784 15.1623 0.0042
4304.71420 15.1529 0.0049
4306.58358 15.1546 0.0049
4306.72010 15.1564 0.0047
4310.63721 15.1619 0.0048
4312.52479 15.1547 0.0046
4312.76766 15.1692 0.0040
4314.78225 15.1477 0.0048
4315.55627 15.1588 0.0040
4316.58579 15.1618 0.0038
4317.50843 15.1639 0.0040
4319.54351 15.1477 0.0039
4319.68947 15.1430 0.0046
4320.61082 15.1431 0.0040
4326.53215 15.1529 0.0038
4326.73640 15.1464 0.0045
4327.61171 15.1533 0.0044
4327.75013 15.1415 0.0051
4328.47687 15.1572 0.0044
4328.71651 15.1379 0.0044
4329.54709 15.1399 0.0044
4329.69509 15.1400 0.0044
4330.47721 15.1609 0.0039
4330.71449 15.1484 0.0040
4331.51934 15.1614 0.0038
4332.52935 15.1583 0.0037
4333.55436 15.1490 0.0043
4334.52709 15.1549 0.0043
4334.68279 15.1499 0.0068
4338.52382 15.1595 0.0048
4338.70237 15.1437 0.0047
4339.52062 15.1615 0.0041
4340.64080 15.1467 0.0038
4341.52489 15.1434 0.0044
4342.55693 15.1567 0.0041
4343.54077 15.1525 0.0036
4344.57032 15.1558 0.0042
4345.53246 15.1622 0.0038
4346.54206 15.1565 0.0043
4347.55639 15.1561 0.0041
4349.52210 15.1631 0.0040
4350.57552 15.1626 0.0037
4351.52727 15.1557 0.0039
4352.58359 15.1321 0.0047
4353.53755 15.1629 0.0039
4354.56631 15.1652 0.0041
4355.57413 15.1591 0.0040
4356.53134 15.1547 0.0044
4357.50274 15.1386 0.0046
4358.54618 15.1569 0.0040
4359.51510 15.1481 0.0044
4361.52847 15.1309 0.0052
4365.58409 15.1604 0.0051
4367.53749 15.1506 0.0042
4368.51043 15.1541 0.0046
4369.58960 15.1461 0.0051
4370.51682 15.1592 0.0039
4371.48463 15.1599 0.0041
4372.54102 15.1537 0.0037
4373.53208 15.1423 0.0044
4377.50529 15.1565 0.0039
4378.53966 15.1552 0.0041
4379.55767 15.1295 0.0049
4380.49712 15.1561 0.0040
4381.54476 15.1448 0.0047
4382.53126 15.1361 0.0047
4383.53550 15.1501 0.0044
4384.50989 15.1199 0.0047
4388.57321 15.1353 0.0049
4393.55194 15.1668 0.0041
4394.52509 15.1595 0.0041
4395.50751 15.1595 0.0042
4395.56130 15.1598 0.0046
4396.53111 15.1468 0.0052
4397.55480 15.1628 0.0046
4398.56013 15.1651 0.0046
4399.51007 15.1676 0.0048
4400.55453 15.1723 0.0053
4403.50843 15.1566 0.0050
4409.52586 15.1587 0.0049
4507.88413 15.1706 0.0044
4511.85113 15.1644 0.0036
4511.87094 15.1679 0.0035
4513.88230 15.1566 0.0033
4517.88144 15.1650 0.0045
4521.82076 15.1784 0.0044
4523.89318 15.1583 0.0043
4525.83709 15.1667 0.0052
4530.90266 15.1443 0.0035
4531.84496 15.1719 0.0045
4534.85004 15.1655 0.0042
4536.79862 15.1668 0.0047
4537.85877 15.1577 0.0034
4538.89117 15.1531 0.0037
4539.87725 15.1587 0.0036
4540.82117 15.1629 0.0035
4541.81371 15.1620 0.0033
4542.80847 15.1655 0.0038
4543.80400 15.1618 0.0036
4544.80096 15.1571 0.0042
4545.76510 15.1619 0.0041
4546.77172 15.1638 0.0041
4547.74642 15.1631 0.0042
4548.83875 15.1715 0.0041
4548.88967 15.1492 0.0047
4550.76882 15.1487 0.0045
4551.78542 15.1645 0.0038
4552.73912 15.1521 0.0051
4556.77851 15.1605 0.0036
4557.79968 15.1611 0.0035
4558.72933 15.1600 0.0037
4559.77018 15.1549 0.0034
4560.77058 15.1528 0.0038
4561.75987 15.1621 0.0033
4564.75017 15.1606 0.0036
4565.74818 15.1563 0.0032
4566.74764 15.1583 0.0034
4567.74759 15.1626 0.0037
4568.75020 15.1516 0.0035
4569.76472 15.1621 0.0035
4570.75279 15.1596 0.0040
4571.74442 15.1552 0.0043
4572.77127 15.1627 0.0036
4573.75946 15.1588 0.0036
4574.76204 15.1554 0.0037
4575.77083 15.1538 0.0037
4576.78690 15.1553 0.0035
4576.91234 15.1555 0.0040
4577.85901 15.1647 0.0039
4577.91504 15.1581 0.0039
4578.81337 15.1512 0.0042
4579.88721 15.1628 0.0041
4583.75400 15.1683 0.0044
4585.78438 15.1618 0.0037
4586.76046 15.1757 0.0041
4587.79404 15.1643 0.0039
4588.66921 15.1607 0.0041
4588.90168 15.1562 0.0035
4589.71565 15.1593 0.0038
4589.87096 15.1462 0.0039
4589.93283 15.1536 0.0041
4590.72444 15.1668 0.0038
4590.92640 15.1541 0.0037
4591.66555 15.1631 0.0039
4591.87688 15.1546 0.0038
4592.68577 15.1622 0.0035
4592.87506 15.1643 0.0040
4593.67496 15.1743 0.0036
4593.88477 15.1574 0.0038
4593.92463 15.1606 0.0039
4594.69619 15.1608 0.0037
4594.89099 15.1547 0.0041
4594.94034 15.1648 0.0048
4595.68877 15.1643 0.0037
4595.88001 15.1560 0.0038
4596.68060 15.1629 0.0040
4596.93849 15.1663 0.0045
4597.70523 15.1554 0.0036
4597.89684 15.1667 0.0038
4598.68143 15.1557 0.0033
4599.65395 15.1542 0.0038
4600.66628 15.1579 0.0034
4600.87498 15.1640 0.0035
4601.66885 15.1568 0.0034
4601.88507 15.1486 0.0034
4602.66141 15.1615 0.0034
4602.88571 15.1688 0.0029
4603.87280 15.1590 0.0039
4606.66921 15.1614 0.0035
4606.92445 15.1612 0.0039
4610.76254 15.1665 0.0038
4611.64809 15.1449 0.0038
4611.79686 15.1589 0.0038
4612.66963 15.1630 0.0038
4615.81192 15.1593 0.0039
4616.62358 15.1649 0.0038
4616.83990 15.1555 0.0039
4617.72450 15.1674 0.0037
4618.63220 15.1665 0.0037
4622.64576 15.1645 0.0038
4622.83066 15.1622 0.0041
4622.94862 15.1614 0.0047
4623.69238 15.1592 0.0042
4623.89000 15.1466 0.0045
4624.61094 15.1707 0.0043
4624.83384 15.1513 0.0038
4624.90292 15.1542 0.0040
4625.62424 15.1667 0.0040
4625.84363 15.1526 0.0041
4625.93218 15.1620 0.0043
4626.64489 15.1563 0.0041
4627.58286 15.1678 0.0037
4627.87229 15.1561 0.0036
4628.58982 15.1665 0.0038
4628.77957 15.1476 0.0040
4628.84189 15.1445 0.0038
4628.91611 15.1559 0.0038
4629.65268 15.1610 0.0035
4629.86032 15.1590 0.0036
4630.58772 15.1626 0.0036
4630.80347 15.1588 0.0035
4630.87302 15.1489 0.0036
4631.61324 15.1664 0.0034
4631.81192 15.1487 0.0034
4631.88730 15.1513 0.0039
4632.59237 15.1673 0.0035
4632.88202 15.1542 0.0043
4633.58941 15.1646 0.0039
4633.70036 15.1661 0.0035
4633.83376 15.1594 0.0038
4638.77385 15.1609 0.0042
4638.88460 15.1619 0.0063
4639.59748 15.1621 0.0038
4639.69503 15.1701 0.0038
4640.61566 15.1707 0.0038
4640.74753 15.1671 0.0037
4641.69121 15.1642 0.0038
4641.80328 15.1699 0.0041
4642.61364 15.1589 0.0035
4642.77582 15.1526 0.0037
4642.85498 15.1744 0.0039
4643.57290 15.1667 0.0039
4644.62140 15.1524 0.0041
4644.89475 15.1570 0.0038
4645.55178 15.1716 0.0041
4645.79950 15.1570 0.0039
4645.86498 15.1544 0.0045
4646.54680 15.1682 0.0034
4646.87255 15.1652 0.0040
4647.54313 15.1577 0.0039
4647.75931 15.1562 0.0040
4647.78352 15.1549 0.0039
4647.81609 15.1510 0.0043
4648.54021 15.1579 0.0039
4648.79408 15.1500 0.0040
4648.86871 15.1620 0.0047
4649.55041 15.1702 0.0038
4649.77679 15.1498 0.0037
4650.55156 15.1621 0.0038
4650.81467 15.1405 0.0040
4651.53499 15.1509 0.0041
4652.52646 15.1593 0.0040
4652.74069 15.1550 0.0036
4653.52215 15.1600 0.0048
4653.74137 15.1607 0.0037
4654.56123 15.1665 0.0039
4654.77581 15.1572 0.0039
4655.52197 15.1722 0.0041
4655.74655 15.1459 0.0035
4656.52394 15.1665 0.0037
4656.71378 15.1542 0.0037
4656.83310 15.1660 0.0044
4657.75233 15.1663 0.0045
4658.68255 15.1546 0.0041
4660.63482 15.1712 0.0040
4661.51201 15.1714 0.0040
4661.71272 15.1438 0.0041
4661.77974 15.1536 0.0042
4665.67962 15.1555 0.0049
4666.58498 15.1642 0.0037
4666.68592 15.1645 0.0040
4666.72817 15.1530 0.0046
4666.80051 15.1510 0.0047
4670.57653 15.1479 0.0044
4671.60515 15.1602 0.0035
4671.77726 15.1327 0.0044
4672.53102 15.1647 0.0034
4672.68118 15.1541 0.0035
4672.76638 15.1620 0.0041
4674.53682 15.1666 0.0040
4674.72700 15.1491 0.0040
4677.51038 15.1625 0.0036
4677.59434 15.1565 0.0038
4677.74990 15.1341 0.0041
4679.64917 15.1435 0.0042
4681.55853 15.1617 0.0037
4681.65180 15.1581 0.0040
4681.74206 15.1607 0.0039
4682.57636 15.1351 0.0037
4682.68011 15.1493 0.0036
4682.77524 15.1639 0.0040
4683.54144 15.1534 0.0042
4683.73007 15.1479 0.0039
4684.53401 15.1570 0.0036
4684.70540 15.1506 0.0036
4685.47663 15.1438 0.0047
4685.75414 15.1459 0.0041
4686.52277 15.1246 0.0039
4687.52610 15.1460 0.0042
4687.76201 15.1529 0.0033
4688.51940 15.1659 0.0038
4688.70909 15.1536 0.0038
4693.56709 15.1633 0.0038
4694.62822 15.1366 0.0048
4697.52286 15.1600 0.0038
4698.52828 15.1601 0.0035
4699.52646 15.1624 0.0035
4699.55387 15.1554 0.0042
4699.56989 15.1536 0.0042
4699.57643 15.1334 0.0043
4699.58330 15.0992 0.0049
4699.60807 15.1246 0.0045
4699.64094 15.1271 0.0046
4700.47980 15.1600 0.0040
4700.53089 15.1611 0.0035
4701.47516 15.1515 0.0045
4701.52613 15.1592 0.0039
4702.54238 15.1649 0.0038
4703.60984 15.1683 0.0042
4704.66524 15.1698 0.0039
4705.59350 15.1573 0.0040
4707.62169 15.1605 0.0036
4708.57358 15.1658 0.0039
4709.53767 15.1230 0.0046
4710.57839 15.1626 0.0035
4715.61268 15.1311 0.0044
4716.61033 15.1669 0.0040
4720.52808 15.1471 0.0043
4721.52835 15.1569 0.0046
4722.49415 15.1524 0.0044
4724.53089 15.1527 0.0043
4725.50954 15.1546 0.0042
4726.49706 15.1289 0.0046
4728.62344 15.1616 0.0043
4729.49112 15.1527 0.0042
4730.49252 15.1557 0.0038
4731.59950 15.1507 0.0041
4733.54797 15.1640 0.0041
4734.57729 15.1616 0.0041
4737.56592 15.1392 0.0044
4740.57881 15.1383 0.0043
4753.56980 15.1515 0.0046
4758.53554 15.1621 0.0039
4869.87118 15.1565 0.0042
4872.86356 15.1790 0.0045
4873.88534 15.1632 0.0040
4875.88518 15.1711 0.0038
4878.85928 15.1761 0.0039
4884.87590 15.1698 0.0039
4887.84833 15.1731 0.0035
4890.90384 15.1811 0.0040
4896.89551 15.1752 0.0039
4899.86328 15.1536 0.0037
4901.79290 15.1685 0.0041
4903.78858 15.1624 0.0036
4905.83684 15.1603 0.0038
4910.83485 15.1748 0.0037
4911.87180 15.1658 0.0032
4913.88536 15.1623 0.0033
4917.73190 15.1729 0.0035
4921.73390 15.1678 0.0038
4925.72070 15.1658 0.0035
4925.83701 15.1608 0.0032
4926.71383 15.1710 0.0038
4927.73684 15.1378 0.0039
4927.89151 15.1500 0.0038
4928.78530 15.1593 0.0036
4929.70501 15.1847 0.0040
4929.73194 15.1728 0.0039
4930.72393 15.1722 0.0038
4930.87178 15.1529 0.0038
4931.76808 15.1541 0.0042
4932.70221 15.1794 0.0037
4932.90103 15.1567 0.0036
4933.71807 15.1711 0.0039
4933.89579 15.1675 0.0038
4934.81673 15.1598 0.0036
4938.71765 15.1742 0.0038
4939.67848 15.1659 0.0039
4940.67847 15.1608 0.0037
4940.85410 15.1373 0.0040
4941.87255 15.1556 0.0039
4942.66808 15.1660 0.0039
4942.69496 15.1674 0.0036
4942.76692 15.1576 0.0033
4943.70732 15.1620 0.0032
4943.86415 15.1549 0.0034
4944.71874 15.1599 0.0032
4944.87331 15.1638 0.0032
4945.66390 15.1647 0.0039
4946.68654 15.1622 0.0033
4947.67735 15.1657 0.0033
4948.65699 15.1708 0.0037
4950.64773 15.1692 0.0037
4951.81145 15.1693 0.0038
4952.78060 15.1504 0.0034
4953.68082 15.1598 0.0034
4954.65955 15.1616 0.0036
4954.72564 15.1503 0.0035
4955.82864 15.1582 0.0036
