2452130.49956 15.4586  0.0046 4.50  771.0   68.91  450.59
2452133.51579 15.4572  0.0048 4.66  777.0   68.91  450.59
2452136.63707 15.4593  0.0052 5.29  777.0   68.91  450.59
2452141.62774 15.4568  0.0053 5.37  899.0   68.91  450.59
2452144.70818 15.4645  0.0051 5.52  724.0   68.91  450.59
2452170.60940 15.4573  0.0049 5.17  816.0   68.91  450.59
2452179.50769 15.4666  0.0054 5.67 1076.0   68.91  450.59
2452189.50275 15.4553  0.0055 6.42  940.0   68.91  450.59
2452212.52896 15.4480  0.0050 4.43 1333.0   68.91  450.59
2452337.81492 15.4409  0.0050 3.72 1326.0   68.91  450.59
2452349.83330 15.4455  0.0052 5.23  822.0   68.91  450.59
2452357.82644 15.4507  0.0052 4.78  791.0   68.91  450.59
2452365.90100 15.4585  0.0054 4.72 1047.0   68.91  450.59
2452373.78144 15.4513  0.0050 4.40  785.0   68.91  450.59
2452405.86133 15.4410  0.0050 4.81  876.0   68.91  450.59
2452464.77599 15.4524  0.0047 3.90  744.0   68.91  450.59
2452708.90736 15.4590  0.0048 3.81  989.0   68.91  450.59
2452850.63977 15.4541  0.0048 3.78  843.0   68.91  450.59
2452858.76712 15.4569  0.0060 5.50 1352.0   68.91  450.59
2453059.85290 15.4555  0.0050 5.24  883.0   68.91  450.59
2453064.86806 15.4488  0.0050 4.67  983.0   68.91  450.59
2453068.82139 15.4601  0.0050 4.34 1065.0   68.91  450.59
2453070.90666 15.4615  0.0055 4.18 1703.0   68.91  450.59
2453073.85910 15.4485  0.0048 3.95  997.0   68.91  450.59
2453075.89516 15.4572  0.0048 4.06 1005.0   68.91  450.59
2453080.80837 15.4622  0.0045 4.43 1112.0   68.91  450.59
2453083.76049 15.4571  0.0046 4.05  753.0   68.91  450.59
2453085.88281 15.4611  0.0045 4.13  692.0   68.91  450.59
2453087.78475 15.4577  0.0048 4.69  755.0   68.91  450.59
2453089.83415 15.4485  0.0042 3.28  747.0   68.91  450.59
2453091.88599 15.4570  0.0045 3.78  747.0   68.91  450.59
2453097.81469 15.4559  0.0049 4.90  840.0   68.91  450.59
2453099.89747 15.4572  0.0047 4.31  795.0   68.91  450.59
2453101.80259 15.4613  0.0052 4.61 1017.0   68.91  450.59
2453102.89733 15.4648  0.0050 3.92  961.0   68.91  450.59
2453104.75302 15.4645  0.0078 4.59 4829.0   68.91  450.59
2453106.89467 15.4563  0.0056 4.34 1759.0   68.91  450.59
2453107.88516 15.4586  0.0049 3.88 1161.0   68.91  450.59
2453109.82335 15.4608  0.0045 3.63  756.0   68.91  450.59
2453109.89326 15.4466  0.0046 3.98  781.0   68.91  450.59
2453110.81770 15.4499  0.0046 4.10  842.0   68.91  450.59
2453110.88880 15.4525  0.0045 3.93  852.0   68.91  450.59
2453111.77541 15.4496  0.0049 5.35  683.0   68.91  450.59
2453112.75135 15.4497  0.0046 4.56  653.0   68.91  450.59
2453112.89028 15.4459  0.0046 4.73  652.0   68.91  450.59
2453113.73347 15.4610  0.0043 3.81  616.0   68.91  450.59
2453113.89933 15.4506  0.0045 4.07  699.0   68.91  450.59
2453114.66956 15.4494  0.0048 4.69  871.0   68.91  450.59
2453114.82970 15.4612  0.0044 3.75  776.0   68.91  450.59
2453115.89012 15.4546  0.0045 3.91  771.0   68.91  450.59
2453115.92482 15.4507  0.0045 3.51  913.0   68.91  450.59
2453116.87052 15.4478  0.0050 5.21  802.0   68.91  450.59
2453124.76712 15.4595  0.0057 6.27  891.0   68.91  450.59
2453126.70182 15.4499  0.0045 3.95  784.0   68.91  450.59
2453127.86817 15.4701  0.0050 4.38  858.0   68.91  450.59
2453128.86800 15.4571  0.0055 4.94 1184.0   68.91  450.59
2453130.74696 15.4518  0.0051 3.83 1315.0   68.91  450.59
2453131.71340 15.4518  0.0054 4.51 1327.0   68.91  450.59
2453134.88243 15.4626  0.0080 5.35 3715.0   68.91  450.59
2453137.76758 15.4522  0.0044 5.16  903.0   68.91  450.59
2453138.64974 15.4623  0.0051 4.97  879.0   68.91  450.59
2453139.93705 15.4554  0.0051 4.25 1220.0   68.91  450.59
2453142.81775 15.4578  0.0047 4.09  861.0   68.91  450.59
2453144.83484 15.4600  0.0046 4.13  746.0   68.91  450.59
2453146.89333 15.4523  0.0045 4.08  712.0   68.91  450.59
2453151.80609 15.4692  0.0050 5.24  700.0   68.91  450.59
2453152.80707 15.4624  0.0051 4.85  827.0   68.91  450.59
2453153.80566 15.4660  0.0054 5.71  862.0   68.91  450.59
2453154.89332 15.4621  0.0060 6.50  961.0   68.91  450.59
2453156.86203 15.4649  0.0058 6.22  957.0   68.91  450.59
2453157.91863 15.4625  0.0051 5.03 1002.0   68.91  450.59
2453158.88479 15.4584  0.0055 4.88 1306.0   68.91  450.59
2453162.84346 15.4654  0.0050 3.93 1223.0   68.91  450.59
2453163.80260 15.4522  0.0046 3.60  967.0   68.91  450.59
2453164.79125 15.4549  0.0044 3.72  796.0   68.91  450.59
2453165.70833 15.4554  0.0042 3.99  722.0   68.91  450.59
2453167.65367 15.4566  0.0055 6.25  780.0   68.91  450.59
2453168.85575 15.4600  0.0048 4.25  878.0   68.91  450.59
2453169.82247 15.4609  0.0049 4.94  810.0   68.91  450.59
2453170.64003 15.4529  0.0041 3.74  627.0   68.91  450.59
2453171.77810 15.4454  0.0031 3.81  716.0   68.91  450.59
2453171.90367 15.4529  0.0047 4.41  958.0   68.91  450.59
2453172.80243 15.4494  0.0045 4.72  770.0   68.91  450.59
2453173.84447 15.4745  0.0052 5.34  832.0   68.91  450.59
2453174.75892 15.4531  0.0043 3.48  797.0   68.91  450.59
2453175.76937 15.4510  0.0043 3.33  852.0   68.91  450.59
2453177.81599 15.4680  0.0054 5.92  864.0   68.91  450.59
2453179.55010 15.4494  0.0045 4.21  817.0   68.91  450.59
2453180.77408 15.4606  0.0043 3.75  590.0   68.91  450.59
2453182.83420 15.4525  0.0046 4.08  829.0   68.91  450.59
2453183.79316 15.4556  0.0050 5.30  763.0   68.91  450.59
2453184.74771 15.4626  0.0046 4.15  753.0   68.91  450.59
2453185.67884 15.4511  0.0045 3.66  868.0   68.91  450.59
2453193.59803 15.4584  0.0046 4.60  700.0   68.91  450.59
2453194.54848 15.4579  0.0053 4.79 1238.0   68.91  450.59
2453194.79097 15.4508  0.0045 3.95  796.0   68.91  450.59
2453195.54814 15.4512  0.0047 4.10  835.0   68.91  450.59
2453196.74163 15.4568  0.0047 4.48  823.0   68.91  450.59
2453197.57227 15.4640  0.0046 4.16  749.0   68.91  450.59
2453199.68021 15.4600  0.0045 4.65  555.0   68.91  450.59
2453201.54262 15.4582  0.0040 4.49  796.0   68.91  450.59
2453202.67138 15.4645  0.0046 4.65  675.0   68.91  450.59
2453203.58541 15.4558  0.0042 3.59  632.0   68.91  450.59
2453204.62873 15.4554  0.0042 3.69  592.0   68.91  450.59
2453205.71035 15.4511  0.0042 3.97  564.0   68.91  450.59
2453206.77186 15.4670  0.0057 6.92  797.0   68.91  450.59
2453210.50238 15.4649  0.0047 5.09  935.0   68.91  450.59
2453211.65761 15.4708  0.0050 5.76  592.0   68.91  450.59
2453217.69843 15.4742  0.0050 4.13 1251.0   68.91  450.59
2453218.69748 15.4643  0.0054 5.18 1175.0   68.91  450.59
2453223.70148 15.4581  0.0052 5.57  796.0   68.91  450.59
2453224.74600 15.4732  0.0052 5.00  980.0   68.91  450.59
2453226.67689 15.4626  0.0052 6.11  628.0   68.91  450.59
2453228.64734 15.4604  0.0052 5.82  639.0   68.91  450.59
2453230.71724 15.4585  0.0047 5.18  629.0   68.91  450.59
2453231.62057 15.4687  0.0049 5.14  763.0   68.91  450.59
2453232.65409 15.4584  0.0051 6.62  644.0   68.91  450.59
2453238.66891 15.4636  0.0050 5.71  684.0   68.91  450.59
2453240.51798 15.4711  0.0049 4.73  839.0   68.91  450.59
2453241.70161 15.4565  0.0059 5.07 1727.0   68.91  450.59
2453245.60490 15.4655  0.0055 5.89 1029.0   68.91  450.59
2453247.49194 15.4554  0.0048 4.03 1040.0   68.91  450.59
2453249.59831 15.4668  0.0054 5.78  839.0   68.91  450.59
2453251.50929 15.4757  0.0052 5.69  752.0   68.91  450.59
2453254.59037 15.4630  0.0053 6.09  667.0   68.91  450.59
2453257.50344 15.4553  0.0044 4.25  656.0   68.91  450.59
2453260.53970 15.4753  0.0056 6.54  784.0   68.91  450.59
2453265.52517 15.4643  0.0054 6.16  783.0   68.91  450.59
2453267.57588 15.4647  0.0048 4.80  908.0   68.91  450.59
2453274.53172 15.4647  0.0051 5.06  932.0   68.91  450.59
2453277.54782 15.4619  0.0049 4.71  998.0   68.91  450.59
2453279.61069 15.4586  0.0045 4.73  853.0   68.91  450.59
2453282.52558 15.4681  0.0046 4.20  727.0   68.91  450.59
2453289.50759 15.4657  0.0052 5.76  829.0   68.91  450.59
2453294.49862 15.4746  0.0054 6.71  713.0   68.91  450.59
2453302.49804 15.4706  0.0061 6.54 1190.0   68.91  450.59
2453418.88958 15.4504  0.0042 3.72  947.0   68.91  450.59
2453423.86316 15.4547  0.0045 5.33  693.0   68.91  450.59
2453427.86773 15.4484  0.0044 4.21  854.0   68.91  450.59
2453429.89590 15.4586  0.0051 5.76  891.0   68.91  450.59
2453436.85301 15.4632  0.0049 6.27  696.0   68.91  450.59
2453443.80825 15.4568  0.0040 4.09  694.0   68.91  450.59
2453445.85125 15.4555  0.0039 3.52  637.0   68.91  450.59
2453447.89974 15.4513  0.0046 5.03  707.0   68.91  450.59
2453450.77933 15.4497  0.0040 4.27  646.0   68.91  450.59
2453453.81909 15.4556  0.0048 4.95  989.0   68.91  450.59
2453455.87897 15.4540  0.0044 4.02  982.0   68.91  450.59
2453456.88749 15.4493  0.0041 3.71  803.0   68.91  450.59
2453457.88197 15.4531  0.0042 4.06  750.0   68.91  450.59
2453459.87293 15.4638  0.0043 3.92  902.0   68.91  450.59
2453468.92334 15.4495  0.0043 3.88  933.0   68.91  450.59
2453470.91439 15.4561  0.0044 4.44  694.0   68.91  450.59
2453472.84378 15.4466  0.0040 3.57  650.0   68.91  450.59
2453473.90584 15.4557  0.0046 4.96  684.0   68.91  450.59
2453474.91225 15.4527  0.0043 4.45  665.0   68.91  450.59
2453475.90338 15.4606  0.0040 3.49  647.0   68.91  450.59
2453477.91908 15.4581  0.0044 4.34  701.0   68.91  450.59
2453479.78971 15.4542  0.0038 3.70  555.0   68.91  450.59
2453480.91867 15.4510  0.0036 4.51  668.0   68.91  450.59
2453482.92266 15.4546  0.0042 4.03  747.0   68.91  450.59
2453496.77749 15.4644  0.0047 4.98  869.0   68.91  450.59
2453497.87872 15.4636  0.0043 4.46  809.0   68.91  450.59
2453499.83745 15.4590  0.0037 4.20  634.0   68.91  450.59
2453500.85887 15.4498  0.0040 3.45  733.0   68.91  450.59
2453502.67628 15.4509  0.0041 4.16  774.0   68.91  450.59
2453503.82736 15.4568  0.0041 4.33  666.0   68.91  450.59
2453506.78349 15.4687  0.0043 4.71  659.0   68.91  450.59
2453508.89099 15.4595  0.0051 5.91  854.0   68.91  450.59
2453509.68912 15.4557  0.0046 5.21  718.0   68.91  450.59
2453510.93436 15.4641  0.0043 3.85  946.0   68.91  450.59
2453511.86822 15.4522  0.0044 3.90  953.0   68.91  450.59
2453512.87361 15.4564  0.0047 4.32 1108.0   68.91  450.59
2453517.76561 15.4423  0.0059 3.90 3480.0   68.91  450.59
2453520.87726 15.4542  0.0047 4.82  898.0   68.91  450.59
2453521.69305 15.4553  0.0040 4.29  678.0   68.91  450.59
2453522.79860 15.4575  0.0045 4.76  678.0   68.91  450.59
2453523.83280 15.4439  0.0041 4.70  719.0   68.91  450.59
2453524.83313 15.4675  0.0042 4.16  833.0   68.91  450.59
2453525.90824 15.4462  0.0044 4.19  907.0   68.91  450.59
2453526.93904 15.4650  0.0049 5.18  962.0   68.91  450.59
2453528.61153 15.4524  0.0041 4.20  635.0   68.91  450.59
2453530.83123 15.4506  0.0036 3.33  618.0   68.91  450.59
2453537.79899 15.4605  0.0035 4.66  566.0   68.91  450.59
2453538.72485 15.4385  0.0038 3.70  736.0   68.91  450.59
2453540.78114 15.4454  0.0041 3.75  901.0   68.91  450.59
2453544.79249 15.4459  0.0051 4.30 1575.0   68.91  450.59
2453547.79118 15.4539  0.0046 4.86  732.0   68.91  450.59
2453550.80790 15.4483  0.0038 4.03  719.0   68.91  450.59
2453551.79925 15.4571  0.0042 4.82  620.0   68.91  450.59
2453552.81835 15.4644  0.0048 5.65  745.0   68.91  450.59
2453553.80135 15.4604  0.0058 6.71 1020.0   68.91  450.59
2453554.82030 15.4597  0.0053 6.37  773.0   68.91  450.59
2453555.80980 15.4461  0.0050 6.01  782.0   68.91  450.59
2453556.72210 15.4476  0.0044 4.95  544.0   68.91  450.59
2453558.60618 15.4499  0.0041 4.30  568.0   68.91  450.59
2453559.61455 15.4433  0.0040 4.05  563.0   68.91  450.59
2453560.65587 15.4381  0.0037 3.27  508.0   68.91  450.59
2453561.59232 15.4446  0.0041 3.54  686.0   68.91  450.59
2453562.64501 15.4472  0.0041 3.87  590.0   68.91  450.59
2453563.69704 15.4512  0.0043 5.05  551.0   68.91  450.59
2453564.53138 15.4573  0.0055 6.63  856.0   68.91  450.59
2453569.63564 15.4374  0.0050 6.13  810.0   68.91  450.59
2453573.74402 15.4490  0.0046 4.49 1012.0   68.91  450.59
2453574.74109 15.4444  0.0046 4.64  866.0   68.91  450.59
2453575.68288 15.4527  0.0040 3.51  687.0   68.91  450.59
2453576.74939 15.4573  0.0045 4.84  701.0   68.91  450.59
2453577.78728 15.4540  0.0047 5.81  644.0   68.91  450.59
2453578.72399 15.4439  0.0040 4.31  527.0   68.91  450.59
2453579.66932 15.4528  0.0040 4.19  534.0   68.91  450.59
2453580.70893 15.4507  0.0044 4.96  642.0   68.91  450.59
2453581.72211 15.4502  0.0047 5.95  566.0   68.91  450.59
2453582.67111 15.4402  0.0039 3.86  557.0   68.91  450.59
2453583.68922 15.4332  0.0041 4.66  568.0   68.91  450.59
2453584.69322 15.4419  0.0034 4.15  530.0   68.91  450.59
2453585.69142 15.4296  0.0037 3.72  443.0   68.91  450.59
2453586.74588 15.4390  0.0039 4.03  623.0   68.91  450.59
2453589.73517 15.4453  0.0041 4.28  641.0   68.91  450.59
2453590.73139 15.4550  0.0043 4.22  721.0   68.91  450.59
2453591.70647 15.4487  0.0039 4.03  606.0   68.91  450.59
2453591.75230 15.4466  0.0041 4.75  666.0   68.91  450.59
2453592.47825 15.4408  0.0043 4.03  910.0   68.91  450.59
2453592.57704 15.4390  0.0037 3.51  539.0   68.91  450.59
2453592.66574 15.4341  0.0039 3.97  510.0   68.91  450.59
2453592.73977 15.4447  0.0043 4.74  695.0   68.91  450.59
2453593.48901 15.4426  0.0031 3.78  377.0   68.91  450.59
2453593.57888 15.4409  0.0040 3.75  598.0   68.91  450.59
2453594.50278 15.4447  0.0047 5.64  730.0   68.91  450.59
2453594.54096 15.4379  0.0041 4.31  594.0   68.91  450.59
2453594.56664 15.4416  0.0037 3.27  587.0   68.91  450.59
2453594.58031 15.4479  0.0037 3.37  545.0   68.91  450.59
2453594.59178 15.4512  0.0038 3.48  548.0   68.91  450.59
2453594.59844 15.4410  0.0039 3.81  563.0   68.91  450.59
2453594.60487 15.4362  0.0039 3.80  577.0   68.91  450.59
2453594.61275 15.4484  0.0041 4.36  611.0   68.91  450.59
2453594.61911 15.4479  0.0038 3.78  599.0   68.91  450.59
2453594.63504 15.4506  0.0039 4.03  596.0   68.91  450.59
2453594.66833 15.4454  0.0041 4.40  617.0   68.91  450.59
2453594.74287 15.4369  0.0044 5.22  725.0   68.91  450.59
2453596.63531 15.4453  0.0050 6.48  650.0   68.91  450.59
2453596.65689 15.4529  0.0048 5.79  667.0   68.91  450.59
2453597.49052 15.4496  0.0051 6.10  986.0   68.91  450.59
2453597.55813 15.4443  0.0043 4.08  846.0   68.91  450.59
2453599.61339 15.4497  0.0050 5.65  970.0   68.91  450.59
2453601.49868 15.4407  0.0041 3.46 1021.0   68.91  450.59
2453601.70767 15.4472  0.0045 4.48 1076.0   68.91  450.59
2453602.70797 15.4419  0.0049 5.13 1165.0   68.91  450.59
2453603.68919 15.4294  0.0043 4.94  720.0   68.91  450.59
2453607.68688 15.4400  0.0042 4.94  594.0   68.91  450.59
2453609.51472 15.4410  0.0048 6.08  578.0   68.91  450.59
2453615.63337 15.4362  0.0041 4.69  571.0   68.91  450.59
2453617.66259 15.4474  0.0044 5.79  573.0   68.91  450.59
2453619.59557 15.4374  0.0040 3.93  685.0   68.91  450.59
2453621.59795 15.4440  0.0043 4.94  577.0   68.91  450.59
2453628.66252 15.4522  0.0054 5.56 1374.0   68.91  450.59
2453629.52065 15.4356  0.0041 3.78  877.0   68.91  450.59
2453631.62145 15.4439  0.0047 4.37 1261.0   68.91  450.59
2453633.54804 15.4336  0.0050 6.11  847.0   68.91  450.59
2453634.62710 15.4289  0.0047 5.90  742.0   68.91  450.59
2453639.49771 15.4282  0.0037 3.16  701.0   68.91  450.59
2453641.60170 15.4328  0.0052 6.32  828.0   68.91  450.59
2453644.58447 15.4387  0.0044 4.91  774.0   68.91  450.59
2453649.55786 15.4319  0.0034 4.71  654.0   68.91  450.59
2453652.53506 15.4875  0.0063 4.55 2624.0   68.91  450.59
2453655.57085 15.4356  0.0048 4.82 1062.0   68.91  450.59
2453659.56862 15.4339  0.0058 6.32 1278.0   68.91  450.59
2453664.54824 15.4275  0.0044 4.19 1030.0   68.91  450.59
2453668.53343 15.4447  0.0049 5.64  915.0   68.91  450.59
2453676.51242 15.4198  0.0048 4.60 1191.0   68.91  450.59
2453777.87256 15.3328  0.0040 4.23  849.0   68.91  450.59
2453783.85891 15.3351  0.0038 3.43  947.0   68.91  450.59
2453785.87442 15.3293  0.0040 4.01  877.0   68.91  450.59
2453788.83873 15.3280  0.0045 3.99 1179.0   68.91  450.59
2453791.89299 15.3149  0.0044 4.86  874.0   68.91  450.59
2453794.87041 15.3103  0.0039 4.26  682.0   68.91  450.59
2453796.85917 15.3130  0.0039 4.24  735.0   68.91  450.59
2453797.86208 15.3196  0.0039 3.65  860.0   68.91  450.59
2453799.87448 15.3166  0.0046 5.30  933.0   68.91  450.59
2453801.83366 15.3153  0.0043 4.69  805.0   68.91  450.59
2453803.82261 15.3174  0.0040 3.69  945.0   68.91  450.59
2453804.86991 15.3140  0.0040 4.70  598.0   68.91  450.59
2453805.91048 15.3144  0.0045 3.73 1501.0   68.91  450.59
2453807.90179 15.3109  0.0037 3.61  701.0   68.91  450.59
2453809.81315 15.3078  0.0038 3.52 1038.0   68.91  450.59
2453811.89166 15.3133  0.0039 3.86  730.0   68.91  450.59
2453813.77199 15.3089  0.0042 4.68  907.0   68.91  450.59
2453818.76117 15.3001  0.0044 4.73 1215.0   68.91  450.59
2453819.77259 15.3115  0.0036 3.63  631.0   68.91  450.59
2453820.87677 15.3103  0.0037 3.89  639.0   68.91  450.59
2453821.88680 15.3089  0.0038 3.71  646.0   68.91  450.59
2453822.78585 15.3079  0.0040 4.18  770.0   68.91  450.59
2453823.89875 15.3046  0.0039 4.21  629.0   68.91  450.59
2453824.89162 15.3009  0.0043 5.47  696.0   68.91  450.59
2453826.89613 15.3085  0.0040 4.34  770.0   68.91  450.59
2453828.89852 15.3097  0.0040 4.33  670.0   68.91  450.59
2453829.88520 15.3083  0.0038 3.81  643.0   68.91  450.59
2453832.88838 15.3051  0.0041 5.01  652.0   68.91  450.59
2453833.86307 15.3140  0.0038 3.76  697.0   68.91  450.59
2453834.90432 15.3192  0.0045 5.28  762.0   68.91  450.59
2453835.84770 15.3165  0.0038 3.89  638.0   68.91  450.59
2453836.86018 15.3216  0.0039 3.86  766.0   68.91  450.59
2453837.84280 15.3257  0.0042 4.39  826.0   68.91  450.59
2453838.84672 15.3165  0.0040 3.89  818.0   68.91  450.59
2453839.85875 15.3145  0.0049 5.84  968.0   68.91  450.59
2453840.85002 15.3230  0.0039 3.40  937.0   68.91  450.59
2453841.82880 15.3137  0.0041 3.98 1009.0   68.91  450.59
2453845.83573 15.3285  0.0043 4.64  821.0   68.91  450.59
2453846.84172 15.3311  0.0040 4.04  761.0   68.91  450.59
2453848.85728 15.3351  0.0039 3.77  711.0   68.91  450.59
2453849.87056 15.3276  0.0038 3.47  696.0   68.91  450.59
2453850.80654 15.3302  0.0040 3.80  786.0   68.91  450.59
2453851.81296 15.3397  0.0042 4.94  651.0   68.91  450.59
2453852.80145 15.3377  0.0040 4.61  655.0   68.91  450.59
2453853.79411 15.3385  0.0036 3.29  582.0   68.91  450.59
2453856.78296 15.3516  0.0041 4.10  759.0   68.91  450.59
2453858.84685 15.3468  0.0044 5.75  611.0   68.91  450.59
2453860.83760 15.3555  0.0045 5.30  747.0   68.91  450.59
2453861.85209 15.3632  0.0039 3.88  706.0   68.91  450.59
2453862.79591 15.3530  0.0038 3.17  789.0   68.91  450.59
2453863.73622 15.3602  0.0039 3.93  688.0   68.91  450.59
2453864.79674 15.3579  0.0037 3.20  651.0   68.91  450.59
2453865.76114 15.3637  0.0043 4.75  757.0   68.91  450.59
2453866.78961 15.3695  0.0039 3.53  676.0   68.91  450.59
2453867.73401 15.3670  0.0042 3.57 1016.0   68.91  450.59
2453868.79318 15.3647  0.0044 3.82 1035.0   68.91  450.59
2453869.77953 15.3649  0.0045 4.18 1205.0   68.91  450.59
2453873.78089 15.3629  0.0045 3.65 1499.0   68.91  450.59
2453874.82451 15.3700  0.0041 4.31  689.0   68.91  450.59
2453875.73949 15.3786  0.0037 3.32  669.0   68.91  450.59
2453877.76904 15.3763  0.0036 3.41  600.0   68.91  450.59
2453880.76630 15.3780  0.0039 3.96  644.0   68.91  450.59
2453881.77446 15.3886  0.0038 3.45  711.0   68.91  450.59
2453882.71252 15.3846  0.0040 4.00  648.0   68.91  450.59
2453883.75400 15.3811  0.0039 3.64  620.0   68.91  450.59
2453886.72491 15.3883  0.0041 4.48  623.0   68.91  450.59
2453887.70792 15.3888  0.0036 3.90  596.0   68.91  450.59
2453889.86939 15.4005  0.0039 3.66  838.0   68.91  450.59
2453891.59512 15.3858  0.0043 5.06  724.0   68.91  450.59
2453892.87562 15.4026  0.0035 4.28  731.0   68.91  450.59
2453893.76053 15.4013  0.0044 5.05  659.0   68.91  450.59
2453894.79444 15.4026  0.0045 5.01  697.0   68.91  450.59
2453896.74875 15.4046  0.0043 3.96 1050.0   68.91  450.59
2453900.64565 15.4032  0.0049 3.95 1897.0   68.91  450.59
2453901.65747 15.4111  0.0042 4.05  743.0   68.91  450.59
2453902.67531 15.4015  0.0043 4.52  754.0   68.91  450.59
2453903.80829 15.4121  0.0042 4.08  718.0   68.91  450.59
2453904.65504 15.4071  0.0038 3.37  676.0   68.91  450.59
2453905.66204 15.4042  0.0038 3.40  607.0   68.91  450.59
2453906.64366 15.4070  0.0041 4.06  709.0   68.91  450.59
2453907.70905 15.4167  0.0049 5.71  713.0   68.91  450.59
2453908.64324 15.4085  0.0038 3.35  738.0   68.91  450.59
2453909.64764 15.4126  0.0038 3.75  552.0   68.91  450.59
2453912.64804 15.4081  0.0035 3.01  606.0   68.91  450.59
2453913.64560 15.4158  0.0038 3.80  546.0   68.91  450.59
2453914.67872 15.4137  0.0036 3.50  572.0   68.91  450.59
2453915.64252 15.4128  0.0039 3.78  541.0   68.91  450.59
2453916.72411 15.4140  0.0038 4.33  631.0   68.91  450.59
2453917.73700 15.4261  0.0045 5.40  679.0   68.91  450.59
2453918.74131 15.4147  0.0041 4.32  614.0   68.91  450.59
2453919.67114 15.4267  0.0042 5.04  671.0   68.91  450.59
2453920.62335 15.4167  0.0043 4.50  597.0   68.91  450.59
2453921.63684 15.4133  0.0045 4.58  721.0   68.91  450.59
2453930.69899 15.4246  0.0042 4.20  922.0   68.91  450.59
2453931.61822 15.4257  0.0042 3.88  807.0   68.91  450.59
2453931.80664 15.4313  0.0050 5.70  938.0   68.91  450.59
2453932.64585 15.4278  0.0040 3.74  750.0   68.91  450.59
2453933.62533 15.4236  0.0037 3.23  580.0   68.91  450.59
2453934.59596 15.4133  0.0039 3.48  693.0   68.91  450.59
2453935.67318 15.4259  0.0044 5.12  634.0   68.91  450.59
2453936.62480 15.4258  0.0041 3.90  681.0   68.91  450.59
2453936.81307 15.4527  0.0054 6.25  925.0   68.91  450.59
2453937.74157 15.4334  0.0049 6.44  654.0   68.91  450.59
2453938.60247 15.4191  0.0041 4.14  653.0   68.91  450.59
2453940.74707 15.4256  0.0038 3.68  556.0   68.91  450.59
2453944.68745 15.4342  0.0032 4.32  524.0   68.91  450.59
2453945.63590 15.4200  0.0041 4.19  712.0   68.91  450.59
2453946.62953 15.4276  0.0042 4.56  602.0   68.91  450.59
2453950.64595 15.4207  0.0039 4.04  614.0   68.91  450.59
2453951.66230 15.4331  0.0044 4.72  721.0   68.91  450.59
2453957.65120 15.4214  0.0054 5.49 1412.0   68.91  450.59
2453959.61947 15.4364  0.0043 4.50  743.0   68.91  450.59
2453960.61268 15.4399  0.0038 3.58  599.0   68.91  450.59
2453963.58072 15.4304  0.0042 4.69  619.0   68.91  450.59
2453964.64396 15.4376  0.0040 3.77  609.0   68.91  450.59
2453965.62572 15.4378  0.0039 3.57  596.0   68.91  450.59
2453966.62060 15.4388  0.0041 4.10  642.0   68.91  450.59
2453967.64701 15.4452  0.0042 4.30  561.0   68.91  450.59
2453968.60321 15.4358  0.0042 4.28  630.0   68.91  450.59
2453969.61081 15.4396  0.0041 4.39  606.0   68.91  450.59
2453970.62375 15.4442  0.0043 4.74  566.0   68.91  450.59
2453971.65369 15.4570  0.0044 4.69  647.0   68.91  450.59
2453973.68329 15.4424  0.0046 5.92  642.0   68.91  450.59
2453974.61793 15.4439  0.0042 4.47  601.0   68.91  450.59
2453975.61336 15.4455  0.0041 4.38  649.0   68.91  450.59
2453976.60738 15.4436  0.0042 4.32  715.0   68.91  450.59
2453979.64042 15.4459  0.0049 5.87  764.0   68.91  450.59
2453982.66456 15.4503  0.0050 4.87 1285.0   68.91  450.59
2453987.60361 15.4423  0.0041 3.90  830.0   68.91  450.59
2453988.63689 15.4490  0.0042 4.52  740.0   68.91  450.59
2453990.60471 15.4516  0.0047 5.90  684.0   68.91  450.59
2453994.55465 15.4494  0.0049 5.58  774.0   68.91  450.59
2453996.53044 15.4439  0.0048 5.94  698.0   68.91  450.59
2454002.60997 15.4441  0.0040 4.48  691.0   68.91  450.59
2454003.56446 15.4354  0.0039 3.46  749.0   68.91  450.59
2454005.66028 15.4507  0.0050 5.96  899.0   68.91  450.59
2454011.54324 15.4464  0.0048 5.36  866.0   68.91  450.59
2454015.57255 15.4587  0.0054 5.85 1138.0   68.91  450.59
2454017.55030 15.4439  0.0043 4.26  967.0   68.91  450.59
2454019.55200 15.4549  0.0049 5.16  929.0   68.91  450.59
2454021.55477 15.4487  0.0051 5.34 1019.0   68.91  450.59
2454024.58423 15.4631  0.0051 6.18  803.0   68.91  450.59
2454027.50046 15.4489  0.0050 5.70  881.0   68.91  450.59
2454029.53848 15.4587  0.0051 5.91  866.0   68.91  450.59
2454150.87776 15.4521  0.0059 6.04  868.0   68.91  450.59
2454155.85006 15.4550  0.0053 4.90  845.0   68.91  450.59
2454158.81194 15.4484  0.0052 4.24 1085.0   68.91  450.59
2454160.86318 15.4524  0.0058 5.79  894.0   68.91  450.59
2454162.86252 15.4553  0.0056 4.99 1106.0   68.91  450.59
2454164.90242 15.4479  0.0052 3.49 1482.0   68.91  450.59
2454167.82999 15.4448  0.0055 4.80 1193.0   68.91  450.59
2454169.83707 15.4509  0.0050 3.77 1023.0   68.91  450.59
2454174.85163 15.4547  0.0049 3.85  945.0   68.91  450.59
2454176.83333 15.4500  0.0049 3.73  866.0   68.91  450.59
2454177.88697 15.4599  0.0051 4.82  704.0   68.91  450.59
2454179.78476 15.4507  0.0049 4.37  803.0   68.91  450.59
2454180.83650 15.4506  0.0056 5.79  758.0   68.91  450.59
2454182.75963 15.4553  0.0050 4.73  773.0   68.91  450.59
2454183.79866 15.4488  0.0051 4.84  741.0   68.91  450.59
2454184.86674 15.4523  0.0047 3.86  632.0   68.91  450.59
2454185.84604 15.4554  0.0051 4.79  678.0   68.91  450.59
2454190.86440 15.4505  0.0049 4.16  785.0   68.91  450.59
2454192.87675 15.4552  0.0048 3.88  812.0   68.91  450.59
2454193.88771 15.4529  0.0051 4.23  885.0   68.91  450.59
2454194.90927 15.4507  0.0049 3.77  839.0   68.91  450.59
2454202.87905 15.4469  0.0046 3.49  735.0   68.91  450.59
2454203.86721 15.4441  0.0046 3.52  774.0   68.91  450.59
2454204.86634 15.4574  0.0050 4.15  774.0   68.91  450.59
2454205.86282 15.4560  0.0048 3.79  717.0   68.91  450.59
2454207.86650 15.4563  0.0046 3.44  672.0   68.91  450.59
2454208.89620 15.4515  0.0049 3.83  735.0   68.91  450.59
2454213.86428 15.4461  0.0045 3.34  713.0   68.91  450.59
2454215.90183 15.4594  0.0049 4.07  784.0   68.91  450.59
2454216.82266 15.4529  0.0051 5.01  720.0   68.91  450.59
2454217.84500 15.4563  0.0044 3.17  685.0   68.91  450.59
2454218.88579 15.4501  0.0050 4.19  766.0   68.91  450.59
2454219.92949 15.4587  0.0055 4.73 1143.0   68.91  450.59
2454220.86703 15.4527  0.0053 4.61  927.0   68.91  450.59
2454222.83353 15.4422  0.0048 3.42  961.0   68.91  450.59
2454228.82150 15.4554  0.0056 4.29 1457.0   68.91  450.59
2454229.80032 15.4533  0.0050 3.81  912.0   68.91  450.59
2454230.78729 15.4467  0.0047 3.60  729.0   68.91  450.59
2454231.80940 15.4560  0.0048 3.72  798.0   68.91  450.59
2454232.81764 15.4524  0.0054 5.23  999.0   68.91  450.59
2454234.76469 15.4617  0.0049 4.30  735.0   68.91  450.59
2454235.78670 15.4528  0.0049 3.86  824.0   68.91  450.59
2454238.81052 15.4543  0.0052 4.89  904.0   68.91  450.59
2454239.91197 15.4583  0.0057 6.10 1114.0   68.91  450.59
2454243.70427 15.4501  0.0057 6.11  739.0   68.91  450.59
2454244.86611 15.4592  0.0051 4.33  948.0   68.91  450.59
2454245.85934 15.4561  0.0051 4.60  736.0   68.91  450.59
2454246.91404 15.4541  0.0056 5.20 1047.0   68.91  450.59
2454250.87990 15.4625  0.0062 5.87 1235.0   68.91  450.59
2454256.72499 15.4555  0.0062 6.40  933.0   68.91  450.59
2454258.72189 15.4563  0.0052 4.84  825.0   68.91  450.59
2454268.62538 15.4665  0.0039 5.08  781.0   68.91  450.59
2454269.66555 15.4638  0.0048 4.52  662.0   68.91  450.59
2454272.71682 15.4578  0.0047 4.00  729.0   68.91  450.59
2454273.67624 15.4536  0.0050 4.11  810.0   68.91  450.59
2454274.65990 15.4640  0.0052 4.30  933.0   68.91  450.59
2454275.71677 15.4646  0.0055 4.79 1023.0   68.91  450.59
2454277.61589 15.4628  0.0052 4.68  841.0   68.91  450.59
2454278.69015 15.4600  0.0056 5.45  829.0   68.91  450.59
2454283.63555 15.4620  0.0050 3.63 1123.0   68.91  450.59
2454284.61940 15.4568  0.0053 3.88 1096.0   68.91  450.59
2454285.62613 15.4637  0.0056 4.53 1082.0   68.91  450.59
2454286.72000 15.4535  0.0055 5.31 1755.0   68.91  450.59
2454289.66547 15.4685  0.0052 4.44  862.0   68.91  450.59
2454290.74175 15.4541  0.0058 6.18  711.0   68.91  450.59
2454291.74367 15.4587  0.0053 5.33  735.0   68.91  450.59
2454292.60478 15.4608  0.0046 3.63  731.0   68.91  450.59
2454293.63222 15.4587  0.0048 3.80  709.0   68.91  450.59
2454294.60401 15.4563  0.0049 4.77  725.0   68.91  450.59
2454295.63336 15.4565  0.0046 3.86  544.0   68.91  450.59
2454296.61284 15.4522  0.0046 3.86  591.0   68.91  450.59
2454297.60660 15.4578  0.0047 3.88  616.0   68.91  450.59
2454298.71617 15.4610  0.0049 4.59  643.0   68.91  450.59
2454299.68313 15.4531  0.0049 4.97  582.0   68.91  450.59
2454300.80795 15.4678  0.0052 4.51  970.0   68.91  450.59
2454301.48544 15.4562  0.0050 4.21 1003.0   68.91  450.59
2454302.76454 15.4532  0.0051 5.30  594.0   68.91  450.59
2454307.59963 15.4566  0.0049 3.55 1034.0   68.91  450.59
2454310.74933 15.4596  0.0062 4.64 2042.0   68.91  450.59
2454312.64544 15.4637  0.0049 3.72 1119.0   68.91  450.59
2454317.63275 15.4548  0.0052 5.41  713.0   68.91  450.59
2454319.64051 15.4604  0.0052 5.06  755.0   68.91  450.59
2454320.74191 15.4632  0.0057 5.94  771.0   68.91  450.59
2454326.65148 15.4566  0.0053 5.37  713.0   68.91  450.59
2454327.67981 15.4543  0.0056 6.16  770.0   68.91  450.59
2454328.62082 15.4603  0.0052 4.86  697.0   68.91  450.59
2454328.75325 15.4621  0.0063 6.45 1094.0   68.91  450.59
2454329.61162 15.4561  0.0055 5.47  728.0   68.91  450.59
2454330.59438 15.4610  0.0050 4.30  725.0   68.91  450.59
2454331.62082 15.4578  0.0054 5.65  653.0   68.91  450.59
2454332.62596 15.4564  0.0050 4.39  797.0   68.91  450.59
2454333.62129 15.4561  0.0057 5.87  831.0   68.91  450.59
2454334.61554 15.4713  0.0064 5.06 1796.0   68.91  450.59
2454338.65548 15.4570  0.0057 4.78 1295.0   68.91  450.59
2454339.62448 15.4507  0.0051 4.07 1105.0   68.91  450.59
2454340.55127 15.4614  0.0059 4.92 1190.0   68.91  450.59
2454341.62294 15.4585  0.0061 5.59 1138.0   68.91  450.59
2454342.65912 15.4587  0.0055 5.49  910.0   68.91  450.59
2454343.63850 15.4588  0.0053 4.74  889.0   68.91  450.59
2454344.68793 15.4679  0.0052 3.91 1183.0   68.91  450.59
2454345.63832 15.4497  0.0052 4.76  936.0   68.91  450.59
2454346.64364 15.4648  0.0057 5.63  868.0   68.91  450.59
2454347.65766 15.4592  0.0051 4.99  774.0   68.91  450.59
2454349.62942 15.4533  0.0049 4.90  624.0   68.91  450.59
2454351.62810 15.4609  0.0057 6.07  720.0   68.91  450.59
2454357.63953 15.4557  0.0054 5.34  810.0   68.91  450.59
2454359.61064 15.4696  0.0058 6.26  792.0   68.91  450.59
2454367.60975 15.4639  0.0065 6.31 1315.0   68.91  450.59
2454370.60870 15.4530  0.0053 4.22 1390.0   68.91  450.59
2454372.58077 15.4551  0.0052 4.51  933.0   68.91  450.59
2454380.59050 15.4600  0.0053 4.79  936.0   68.91  450.59
2454515.88575 15.4659  0.0050 4.99  822.0   68.91  450.59
2454519.85724 15.4513  0.0051 4.72 1000.0   68.91  450.59
2454520.84969 15.4611  0.0059 5.97 1037.0   68.91  450.59
2454523.84802 15.4609  0.0053 5.01 1132.0   68.91  450.59
2454524.89908 15.4530  0.0048 3.95 1061.0   68.91  450.59
2454530.88858 15.4593  0.0043 3.25  746.0   68.91  450.59
2454534.83531 15.4594  0.0051 5.68  725.0   68.91  450.59
2454536.84443 15.4538  0.0050 4.88  865.0   68.91  450.59
2454538.85334 15.4580  0.0048 4.29  817.0   68.91  450.59
2454540.88321 15.4586  0.0046 3.84  761.0   68.91  450.59
2454542.90958 15.4604  0.0046 3.59 1015.0   68.91  450.59
2454543.87100 15.4556  0.0045 4.14  655.0   68.91  450.59
2454544.86779 15.4613  0.0043 3.42  684.0   68.91  450.59
2454545.88535 15.4575  0.0045 3.62  811.0   68.91  450.59
2454547.91146 15.4598  0.0046 3.48  997.0   68.91  450.59
2454550.85907 15.4566  0.0045 3.67  860.0   68.91  450.59
2454551.91686 15.4566  0.0055 4.55 1370.0   68.91  450.59
2454552.91381 15.4636  0.0053 4.24 1265.0   68.91  450.59
2454556.87825 15.4615  0.0044 3.45  703.0   68.91  450.59
2454557.90426 15.4615  0.0043 3.34  739.0   68.91  450.59
2454558.83930 15.4576  0.0044 3.60  715.0   68.91  450.59
2454559.86849 15.4565  0.0045 3.93  648.0   68.91  450.59
2454560.86888 15.4557  0.0043 3.52  620.0   68.91  450.59
2454561.85778 15.4593  0.0040 3.05  644.0   68.91  450.59
2454564.86200 15.4580  0.0041 3.26  598.0   68.91  450.59
2454565.85087 15.4507  0.0040 3.05  655.0   68.91  450.59
2454566.85294 15.4488  0.0042 3.40  640.0   68.91  450.59
2454567.85719 15.4615  0.0044 3.71  667.0   68.91  450.59
2454568.88725 15.4585  0.0044 3.96  908.0   68.91  450.59
2454569.87315 15.4639  0.0044 3.71  690.0   68.91  450.59
2454570.87843 15.4533  0.0046 3.89  742.0   68.91  450.59
2454571.84393 15.4545  0.0044 3.77  688.0   68.91  450.59
2454572.88170 15.4579  0.0049 4.76  805.0   68.91  450.59
2454573.85747 15.4597  0.0042 3.51  671.0   68.91  450.59
2454574.85963 15.4624  0.0048 4.27  885.0   68.91  450.59
2454575.87132 15.4676  0.0046 3.79  914.0   68.91  450.59
2454579.92365 15.4674  0.0049 4.07 1243.0   68.91  450.59
2454583.84344 15.4611  0.0051 3.80 1556.0   68.91  450.59
2454586.82392 15.4616  0.0050 4.73  855.0   68.91  450.59
2454587.86169 15.4627  0.0049 4.81  803.0   68.91  450.59
2454588.75002 15.4591  0.0046 4.27  744.0   68.91  450.59
2454589.78377 15.4658  0.0048 4.57  726.0   68.91  450.59
2454590.79815 15.4579  0.0048 4.61  773.0   68.91  450.59
2454591.77545 15.4629  0.0048 4.34  863.0   68.91  450.59
2454592.78756 15.4699  0.0051 4.51 1049.0   68.91  450.59
2454593.77298 15.4612  0.0047 4.12  789.0   68.91  450.59
2454594.80128 15.4664  0.0046 4.10  742.0   68.91  450.59
2454595.79180 15.4601  0.0045 3.92  699.0   68.91  450.59
2454596.81236 15.4674  0.0045 4.04  675.0   68.91  450.59
2454597.80959 15.4567  0.0046 3.83  780.0   68.91  450.59
2454598.77898 15.4634  0.0042 3.41  576.0   68.91  450.59
2454599.75838 15.4573  0.0043 3.50  617.0   68.91  450.59
2454600.76395 15.4653  0.0041 3.32  624.0   68.91  450.59
2454601.76861 15.4604  0.0044 3.77  657.0   68.91  450.59
2454602.76619 15.4596  0.0042 3.15  846.0   68.91  450.59
2454606.81602 15.4628  0.0050 4.06 1582.0   68.91  450.59
2454610.88907 15.4585  0.0051 4.10 1277.0   68.91  450.59
2454611.75028 15.4597  0.0047 3.79  891.0   68.91  450.59
2454611.93678 15.4579  0.0051 3.96 1428.0   68.91  450.59
2454616.74252 15.4610  0.0045 4.20  601.0   68.91  450.59
2454617.90991 15.4687  0.0058 6.24  965.0   68.91  450.59
2454622.71885 15.4568  0.0048 5.23  689.0   68.91  450.59
2454623.79871 15.4672  0.0052 5.62  800.0   68.91  450.59
2454624.73753 15.4564  0.0048 4.69  774.0   68.91  450.59
2454625.71885 15.4545  0.0052 5.42  714.0   68.91  450.59
2454626.77376 15.4543  0.0054 6.36  655.0   68.91  450.59
2454627.69819 15.4502  0.0044 3.84  556.0   68.91  450.59
2454628.68835 15.4538  0.0045 4.05  689.0   68.91  450.59
2454629.75402 15.4562  0.0045 3.92  703.0   68.91  450.59
2454630.69386 15.4617  0.0046 3.86  741.0   68.91  450.59
2454631.71219 15.4658  0.0043 3.46  623.0   68.91  450.59
2454632.73486 15.4576  0.0044 3.54  739.0   68.91  450.59
2454633.87471 15.4605  0.0052 4.78 1131.0   68.91  450.59
2454639.81529 15.4607  0.0055 4.94 1331.0   68.91  450.59
2454640.79080 15.4521  0.0052 5.38  773.0   68.91  450.59
2454641.87604 15.4500  0.0056 5.59 1148.0   68.91  450.59
2454642.71372 15.4532  0.0050 5.03  685.0   68.91  450.59
2454643.67980 15.4630  0.0047 4.68  614.0   68.91  450.59
2454644.76288 15.4600  0.0048 4.70  724.0   68.91  450.59
2454645.68158 15.4590  0.0047 4.42  643.0   68.91  450.59
2454646.64929 15.4618  0.0041 3.43  601.0   68.91  450.59
2454647.67046 15.4577  0.0045 3.82  693.0   68.91  450.59
2454648.66439 15.4603  0.0043 3.52  689.0   68.91  450.59
2454648.77668 15.4599  0.0048 4.64  712.0   68.91  450.59
2454649.65460 15.4645  0.0043 3.61  600.0   68.91  450.59
2454650.68605 15.4668  0.0047 4.28  701.0   68.91  450.59
2454651.69738 15.4595  0.0048 4.73  742.0   68.91  450.59
2454652.62583 15.4661  0.0046 3.86  773.0   68.91  450.59
2454653.61966 15.4654  0.0045 3.86  760.0   68.91  450.59
2454654.65882 15.4562  0.0046 4.06  703.0   68.91  450.59
2454655.62310 15.4595  0.0046 4.09  762.0   68.91  450.59
2454656.62634 15.4610  0.0047 4.02  781.0   68.91  450.59
2454658.78356 15.4662  0.0053 5.58  859.0   68.91  450.59
2454660.73392 15.4606  0.0055 6.34  811.0   68.91  450.59
2454661.61574 15.4599  0.0045 3.82  869.0   68.91  450.59
2454666.54852 15.4548  0.0050 4.09 1258.0   68.91  450.59
2454671.67237 15.4586  0.0047 4.89  658.0   68.91  450.59
2454672.63202 15.4513  0.0050 5.09  741.0   68.91  450.59
2454674.66001 15.4534  0.0049 5.12  654.0   68.91  450.59
2454677.68471 15.4522  0.0050 5.42  766.0   68.91  450.59
2454681.68805 15.4560  0.0051 5.99  677.0   68.91  450.59
2454682.64373 15.4571  0.0046 4.36  664.0   68.91  450.59
2454683.64163 15.4612  0.0050 5.25  716.0   68.91  450.59
2454684.66010 15.4562  0.0050 5.02  710.0   68.91  450.59
2454685.68624 15.4586  0.0047 4.44  723.0   68.91  450.59
2454686.75880 15.4596  0.0047 4.69  676.0   68.91  450.59
2454687.67431 15.4574  0.0051 5.12  780.0   68.91  450.59
2454688.62044 15.4573  0.0049 4.74  733.0   68.91  450.59
2454694.70453 15.4670  0.0060 6.10 1137.0   68.91  450.59
2454697.62583 15.4583  0.0051 5.50  801.0   68.91  450.59
2454698.64739 15.4657  0.0049 5.23  751.0   68.91  450.59
2454700.64258 15.4639  0.0050 5.45  669.0   68.91  450.59
2454701.62551 15.4535  0.0048 5.39  632.0   68.91  450.59
2454702.64033 15.4539  0.0049 5.39  636.0   68.91  450.59
2454704.70160 15.4590  0.0051 5.77  740.0   68.91  450.59
2454708.66196 15.4621  0.0049 5.05  730.0   68.91  450.59
2454710.67988 15.4563  0.0049 5.40  738.0   68.91  450.59
2454720.59302 15.4661  0.0057 4.42 1732.0   68.91  450.59
2454721.62856 15.4563  0.0062 6.43 1141.0   68.91  450.59
2454724.64530 15.4622  0.0056 5.10 1344.0   68.91  450.59
2454726.62151 15.4505  0.0055 5.83  899.0   68.91  450.59
2454733.58574 15.4531  0.0054 6.11  767.0   68.91  450.59
2454738.54592 15.4619  0.0054 6.27  729.0   68.91  450.59
2454741.62790 15.4567  0.0054 6.28  784.0   68.91  450.59
2454755.57096 15.4493  0.0056 5.57 1119.0   68.91  450.59
2454763.50917 15.4584  0.0051 5.16  877.0   68.91  450.59
2454876.88193 15.4517  0.0047 4.77  946.0   68.91  450.59
2454883.86775 15.4519  0.0051 5.55  825.0   68.91  450.59
2454886.83468 15.4595  0.0047 4.55  832.0   68.91  450.59
2454888.86222 15.4550  0.0043 4.11  737.0   68.91  450.59
2454892.85627 15.4628  0.0048 5.03  871.0   68.91  450.59
2454898.82656 15.4591  0.0047 4.57  849.0   68.91  450.59
2454901.82942 15.4530  0.0045 3.64  981.0   68.91  450.59
2454903.87681 15.4595  0.0044 3.94  846.0   68.91  450.59
2454905.87318 15.4624  0.0051 4.96  961.0   68.91  450.59
2454912.85796 15.4446  0.0039 3.65  593.0   68.91  450.59
2454914.90409 15.4536  0.0043 4.16  615.0   68.91  450.59
2454924.75345 15.4625  0.0041 3.31  763.0   68.91  450.59
2454925.87116 15.4579  0.0040 3.43  677.0   68.91  450.59
2454928.76141 15.4609  0.0046 4.52  793.0   68.91  450.59
2454930.80551 15.4632  0.0047 4.32 1025.0   68.91  450.59
2454931.84992 15.4452  0.0045 4.26  911.0   68.91  450.59
2454932.85846 15.4547  0.0042 3.80  901.0   68.91  450.59
2454933.85335 15.4473  0.0050 5.05  951.0   68.91  450.59
2454934.90917 15.4603  0.0053 5.32 1129.0   68.91  450.59
2454938.83326 15.4572  0.0047 5.07  804.0   68.91  450.59
2454940.77478 15.4545  0.0046 4.45  699.0   68.91  450.59
2454941.81051 15.4666  0.0049 5.76  709.0   68.91  450.59
2454942.75359 15.4591  0.0042 3.89  640.0   68.91  450.59
2454944.75591 15.4558  0.0044 4.13  726.0   68.91  450.59
2454945.80900 15.4564  0.0040 3.87  667.0   68.91  450.59
2454950.86895 15.4521  0.0045 5.57  666.0   68.91  450.59
2454953.84860 15.4520  0.0048 4.91  795.0   68.91  450.59
2454954.81784 15.4503  0.0044 4.35  647.0   68.91  450.59
2454955.80923 15.4570  0.0046 5.26  673.0   68.91  450.59
