2125.49137 18.7701 0.0950
2129.57769 18.6978 0.0634
2132.52241 18.6270 0.0495
2135.64917 18.6718 0.0469
2140.61788 18.7568 0.0659
2143.72353 18.6188 0.0633
2158.54976 18.7274 0.0521
2167.50518 18.7225 0.0621
2172.52082 18.6900 0.0748
2175.53269 18.7252 0.0905
2185.54910 18.6962 0.0659
2205.52980 18.6808 0.1137
2329.88272 18.7387 0.0509
2346.87522 18.7377 0.0493
2352.82952 18.7657 0.0852
2361.82383 18.7049 0.0627
2385.91296 18.7399 0.0552
2389.92391 18.8285 0.0643
2391.81751 18.7460 0.0943
2397.87007 18.7925 0.0593
2401.73009 18.7882 0.0552
2405.75056 18.7030 0.0582
2415.82383 18.7214 0.0623
2424.70252 18.6821 0.0550
2428.66604 18.7402 0.0686
2434.59384 18.7538 0.0693
2436.64710 18.7266 0.0547
2438.66275 18.6918 0.0525
2440.65542 18.7998 0.0664
2444.78297 18.6576 0.0566
2453.76195 18.7508 0.0604
2456.52361 18.5847 0.0605
2458.63781 18.6486 0.0529
2462.59194 18.7586 0.0484
2464.66104 18.6417 0.0456
2467.56764 18.7666 0.0517
2469.55489 18.7343 0.0481
2471.68987 18.8969 0.0460
2473.54290 18.7112 0.0663
2483.62353 18.7932 0.0705
2486.60666 18.7320 0.0607
2490.57365 18.7398 0.0635
2493.53183 18.6446 0.0522
2495.60800 18.7196 0.0549
2499.71031 18.7580 0.0489
2501.72815 18.7450 0.0551
2508.54505 18.6963 0.0637
2518.65125 18.6941 0.0652
2521.65773 18.6879 0.0638
2524.49732 18.7083 0.0587
2529.62091 18.7500 0.0646
2537.56498 18.6771 0.0838
2541.53323 18.7233 0.0545
2551.51060 18.6404 0.0678
2562.56077 18.5536 0.0719
2573.52825 18.6488 0.0826
2704.90146 18.7344 0.0468
2713.88337 18.7220 0.0497
2728.82511 18.6874 0.0632
2733.79791 18.7715 0.0627
2744.78128 18.7861 0.0487
2752.84507 18.6687 0.0602
2756.82446 18.7983 0.0656
2760.78963 18.7528 0.0658
2766.81740 18.7276 0.0466
2770.70372 18.8211 0.0717
2782.94182 18.7538 0.1088
2785.89855 18.6400 0.0659
2786.78470 18.8018 0.0663
2789.81750 18.7982 0.0613
2790.69514 18.7554 0.0487
2795.61045 18.6482 0.0522
2797.59858 18.7404 0.0495
2802.80568 18.6879 0.0716
2808.83247 18.6720 0.0758
2810.75407 18.7806 0.0599
2811.80967 18.7739 0.0577
2813.60606 18.8340 0.0715
2815.72676 18.7534 0.0508
2817.68040 18.7359 0.0725
2818.74290 18.7658 0.0571
2820.61135 18.7418 0.0598
2821.63955 18.6695 0.0540
2826.60532 18.6525 0.0552
2830.70807 19.0512 0.1817
2835.60300 18.8420 0.1071
2837.51843 18.6121 0.0894
2839.55188 18.8055 0.0767
2840.71102 18.6879 0.0532
2840.72139 18.7287 0.0670
2843.48834 18.5558 0.0653
2844.76958 18.6742 0.0540
2849.68368 18.7568 0.0621
2851.70474 18.7084 0.0752
2853.70667 18.7736 0.0607
2856.59089 18.7584 0.0623
2858.55700 18.7092 0.0580
2860.70807 18.8737 0.1036
2863.63062 18.6621 0.0690
2866.71939 18.7312 0.0686
2869.61291 18.7075 0.0556
2872.63414 18.7883 0.0461
2877.57382 18.8578 0.0655
2882.63687 18.7533 0.0431
2892.52667 18.7427 0.0672
2895.67702 18.7121 0.0549
2900.53857 18.7231 0.0678
2905.59247 18.6082 0.0628
2911.50832 18.7275 0.0859
2916.57674 18.7287 0.0745
2929.53699 18.7493 0.0965
3050.85123 18.6683 0.0766
3058.81644 18.6428 0.0642
3061.88084 18.7312 0.0579
3067.81727 18.7120 0.0594
3069.89096 18.7685 0.0501
3072.85577 18.7720 0.0499
3074.89526 18.7285 0.0521
3079.80217 18.8562 0.0644
3081.90613 18.7971 0.0685
3084.76181 18.7381 0.0509
3086.75667 18.6859 0.0444
3087.86091 18.7320 0.0508
3089.77755 18.6455 0.0470
3091.73955 18.8200 0.0619
3096.76651 18.6641 0.0601
3098.77091 18.7601 0.0547
3100.88717 18.8066 0.0504
3102.76647 18.7807 0.0588
3103.91961 18.6596 0.0607
3107.76637 18.8794 0.0574
3108.83649 18.7545 0.0470
3109.90611 18.7549 0.0521
3110.75569 18.7934 0.0564
3111.81319 18.7535 0.0590
3113.79237 18.7207 0.0475
3114.73068 18.7723 0.0489
3115.79258 18.7633 0.0498
3118.84926 18.7648 0.0645
3122.79959 18.7834 0.0768
3125.77706 18.7074 0.0729
3126.78724 18.8249 0.0506
3127.71697 18.7895 0.0591
3128.73657 18.7442 0.0582
3129.71942 18.8158 0.0701
3130.89085 18.8039 0.0731
3134.68968 18.8187 0.1109
3137.73594 18.6915 0.0692
3138.84344 18.8073 0.0523
3139.77924 18.7059 0.0515
3140.79144 18.7537 0.0450
3142.65004 18.8115 0.0600
3142.90621 18.8242 0.0643
3144.71367 18.8133 0.0527
3146.67630 18.6783 0.0611
3151.67051 18.6437 0.0718
3152.67569 18.7288 0.0526
3152.88859 18.7392 0.0696
3153.67861 18.7840 0.0651
3154.62126 18.6667 0.0834
3156.66975 18.6998 0.0546
3158.75447 18.7094 0.0731
3162.72522 18.8093 0.0595
3163.68905 18.7149 0.0479
3164.65632 18.7535 0.0538
3165.82432 18.9943 0.0494
3166.62376 18.4124 0.0599
3166.62917 18.7761 0.0885
3166.64057 18.6020 0.0758
3166.66218 18.6271 0.0793
3166.68600 18.8035 0.0839
3166.71102 18.7004 0.0713
3166.73748 18.7194 0.0766
3166.75627 18.6484 0.0783
3166.77827 18.6571 0.0844
3166.80324 18.5525 0.0758
3166.85253 18.6801 0.0837
3166.86530 18.6773 0.0885
3166.88353 18.7886 0.0889
3166.91301 18.8132 0.1046
3167.59940 18.6778 0.0661
3167.68901 18.7635 0.0669
3167.76064 18.6121 0.0626
3167.87160 18.7996 0.0706
3168.53457 18.7216 0.0778
3168.61582 18.7003 0.0457
3168.76142 18.8286 0.0558
3168.89049 18.6966 0.0624
3169.53402 18.7979 0.0649
3169.64143 18.7140 0.0500
3169.80443 18.8101 0.0679
3169.89890 18.5849 0.0611
3170.58142 18.7597 0.0550
3170.71447 18.7147 0.0512
3170.81849 18.7369 0.0462
3171.57723 18.8506 0.0541
3171.66945 18.7768 0.0463
3172.52666 18.8771 0.0689
3172.64930 18.8120 0.0494
3173.75403 18.7134 0.0672
3174.51336 18.7547 0.0701
3174.63370 18.7337 0.0450
3175.54198 18.6795 0.0555
3175.63551 18.7058 0.0468
3176.52979 18.9196 0.1162
3176.66964 18.7518 0.0673
3176.68677 18.6619 0.0701
3177.68508 18.7774 0.0847
3178.54633 18.6006 0.0602
3178.69809 18.6556 0.0573
3179.73514 18.8322 0.0554
3180.62366 18.8235 0.0411
3182.68931 18.7546 0.0552
3183.63840 18.6907 0.0500
3184.60925 18.7039 0.0431
3185.77456 18.7877 0.0571
3192.75512 19.0060 0.1075
3193.79281 18.8159 0.0629
3194.65906 18.7615 0.0686
3195.59024 18.7725 0.0530
3196.66621 18.7481 0.0565
3197.66911 18.7624 0.0649
3199.70073 18.7494 0.0551
3202.68851 18.7606 0.0605
3203.73374 18.7753 0.0444
3204.72942 18.7076 0.0460
3205.60780 18.7894 0.0430
3206.58488 18.7232 0.0428
3210.69597 18.7031 0.0547
3211.60094 18.7461 0.0613
3212.58650 18.5821 0.0711
3217.57574 18.7138 0.0999
3218.57496 18.7075 0.0741
3223.57123 18.6295 0.0718
3226.53520 18.7790 0.0632
3228.66443 18.6565 0.0624
3229.54829 18.8020 0.0703
3230.58717 18.7879 0.0433
3231.48812 18.7095 0.0609
3238.71287 18.8745 0.0994
3240.69674 18.8935 0.0968
3241.58108 18.8155 0.0966
3244.67849 18.7356 0.0859
3246.56506 18.6943 0.0816
3247.69314 18.6645 0.0889
3248.58989 18.7274 0.0713
3250.57717 18.8096 0.0673
3253.56900 18.8131 0.0612
3256.54454 18.8516 0.0813
3259.54527 18.5423 0.0610
3262.55687 18.7432 0.0613
3266.57051 18.5938 0.0758
3268.63566 18.6456 0.0658
3272.52583 18.7713 0.0635
3274.54992 18.7940 0.0803
3278.50027 18.7086 0.0638
3281.52250 18.8621 0.0848
3287.53294 18.5851 0.0579
3292.52170 18.7540 0.0660
3414.88507 18.7857 0.0590
3419.89237 18.7351 0.0543
3424.88931 18.8138 0.0534
3428.83103 18.7721 0.0603
3430.87431 18.8619 0.0517
3442.81065 18.7038 0.0626
3444.86474 18.7965 0.0581
3446.89340 18.8167 0.0564
3449.78314 18.5705 0.0492
3452.80802 18.6867 0.0519
3454.86522 18.9172 0.0746
3457.79989 18.7019 0.0494
3458.79399 18.6548 0.0540
3458.84325 18.6454 0.0495
3467.85135 18.6606 0.0454
3469.75705 18.6562 0.0436
3471.84696 18.7845 0.0697
3472.91428 18.7937 0.0474
3473.75163 18.6335 0.0485
3475.77481 18.8035 0.0523
3477.86192 18.6151 0.0496
3479.81117 18.6235 0.0369
3481.71058 18.6203 0.0509
3483.87016 18.7143 0.0472
3496.83347 18.6234 0.0510
3497.70756 18.8222 0.0661
3500.77168 18.7632 0.0485
3501.76537 18.8970 0.0525
3502.79610 18.6756 0.0409
3503.75763 18.7084 0.0449
3504.77407 18.6332 0.0497
3506.90883 18.6446 0.0646
3508.86162 18.7081 0.0611
3509.80894 18.6607 0.0402
3510.82082 18.6843 0.0457
3511.77295 18.7011 0.0455
3512.64626 18.6210 0.0650
3517.92979 18.6272 0.0551
3520.63746 18.6629 0.0559
3521.74318 18.5781 0.0420
3522.65476 18.5972 0.0419
3523.69487 18.6724 0.0394
3524.73796 18.7390 0.0547
3525.71546 18.6375 0.0392
3525.79272 18.6754 0.0485
3526.80201 18.5492 0.0396
3527.89245 18.6410 0.0669
3528.75410 18.6358 0.0519
3529.87898 18.6059 0.0462
3530.57702 18.4784 0.0420
3538.82359 18.5177 0.0432
3539.60356 18.5802 0.0512
3541.86376 18.5937 0.0434
3547.68265 18.5484 0.0655
3550.76971 18.4601 0.0333
3551.74474 18.3801 0.0305
3552.76680 18.3711 0.0409
3553.66611 18.5613 0.0515
3554.74643 18.4947 0.0468
3556.62967 18.4633 0.0416
3558.64640 18.5416 0.0404
3559.72659 18.5052 0.0370
3560.80112 18.4452 0.0403
3561.65346 18.6132 0.0369
3562.50853 18.4372 0.0381
3563.56241 18.4197 0.0380
3564.64974 18.4170 0.0407
3569.74803 18.3934 0.0451
3573.55998 18.3424 0.0510
3574.61495 18.3418 0.0426
3575.60362 18.3038 0.0307
3576.57835 18.3005 0.0350
3577.64389 18.2777 0.0332
3578.59062 18.2706 0.0309
3579.51908 18.3240 0.0310
3580.55779 18.2894 0.0358
3582.54616 18.2325 0.0300
3583.49593 18.2026 0.0364
3585.56255 18.1849 0.0273
3586.54362 18.2189 0.0333
3587.69585 18.1729 0.0385
3589.60122 18.1381 0.0213
3592.58560 18.0629 0.0205
3593.59089 18.1318 0.0269
3601.55314 17.8837 0.0230
3602.55244 17.7799 0.0285
3603.55869 17.8448 0.0268
3607.55921 17.6802 0.0193
3608.55624 17.7080 0.0304
3615.67728 17.2713 0.0202
3616.54269 17.2554 0.0185
3619.52649 17.1166 0.0145
3620.63486 17.0756 0.0129
3629.56568 16.9626 0.0137
3632.48867 17.0817 0.0197
3634.54673 17.1383 0.0144
3640.49590 17.4700 0.0248
3649.48954 17.6752 0.0305
3653.56927 17.8167 0.0505
3658.50557 17.9152 0.0379
3661.50138 17.9421 0.0427
3666.51277 18.0464 0.0314
3774.88171 18.6349 0.0486
3780.86150 18.4210 0.0509
3786.85240 18.5764 0.0569
3790.85302 18.6064 0.0598
3793.84304 18.5663 0.0481
3795.83370 18.6170 0.0608
3797.82791 18.6985 0.0502
3798.87610 18.6805 0.0451
3801.79847 18.6318 0.0588
3803.78866 18.5509 0.0450
3804.83144 18.5927 0.0533
3805.86887 18.6209 0.0459
3806.86562 18.6701 0.0474
3808.83861 18.6850 0.0569
3809.84230 18.5559 0.0485
3810.89038 18.7019 0.0498
3811.91754 18.6772 0.0780
3813.90317 18.6462 0.0481
3814.90076 18.6578 0.0471
3818.81064 18.6119 0.0546
3819.87429 18.6689 0.0393
3820.83802 18.6508 0.0410
3821.84220 18.6834 0.0419
3822.89258 18.6229 0.0419
3823.85653 18.7072 0.0465
3824.85419 18.6478 0.0603
3825.87604 18.6205 0.0477
3826.85391 18.6023 0.0453
3827.87681 18.6728 0.0435
3828.85229 18.5468 0.0543
3829.83047 18.7376 0.0471
3830.82575 18.7991 0.0513
3832.81456 18.6859 0.0430
3832.85064 18.7170 0.0444
3833.72576 18.6108 0.0430
3834.86303 18.6755 0.0455
3835.81352 18.6827 0.0432
3836.81837 18.5979 0.0479
3837.80844 18.6160 0.0452
3838.81261 18.6698 0.0621
3839.82473 18.7474 0.0584
3840.81573 18.7032 0.0567
3841.79387 18.6278 0.0497
3845.79554 18.6665 0.0629
3846.79913 18.7001 0.0482
3847.88025 18.7304 0.0545
3848.82293 18.7018 0.0450
3849.83450 18.6605 0.0421
3850.76895 18.6694 0.0504
3851.77881 18.7057 0.0710
3852.76736 18.8324 0.0602
3853.76004 18.6974 0.0348
3856.74896 18.7110 0.0508
3858.80915 18.7328 0.0682
3859.75918 18.7644 0.0576
3860.89933 18.6829 0.0602
3861.74122 18.7680 0.0574
3862.75848 18.8073 0.0489
3863.77018 18.7052 0.0416
3864.75938 18.6041 0.0379
3865.65025 18.7714 0.0605
3866.65436 18.6546 0.0535
3867.79772 18.6619 0.0496
3868.65341 18.7725 0.0780
3869.81028 18.7322 0.0817
3873.63542 18.7574 0.0546
3874.85744 18.7314 0.0536
3875.62556 18.6804 0.0451
3877.62086 18.8096 0.0487
3880.73193 18.6393 0.0441
3881.73169 18.7557 0.0457
3882.66674 18.8584 0.0515
3883.71930 18.7335 0.0524
3886.68095 18.7182 0.0467
3887.67363 18.6957 0.0418
3889.82842 18.6795 0.0492
3890.61903 18.8385 0.0647
3891.75176 18.7309 0.0555
3892.81372 18.6833 0.0488
3893.70869 18.7497 0.0690
3894.75036 18.6516 0.0611
3896.69867 18.7692 0.0630
3900.60657 18.8556 0.0649
3901.62320 18.8372 0.0628
3902.63777 18.7956 0.0532
3903.74802 18.6262 0.0551
3904.62085 18.7272 0.0448
3905.62108 18.7648 0.0440
3906.60921 18.8738 0.0642
3907.67039 18.6867 0.0671
3908.60573 18.6490 0.0440
3909.60515 18.8275 0.0490
3910.66635 18.7195 0.0503
3912.60660 18.7642 0.0370
3913.60414 18.7388 0.0396
3914.62224 18.7824 0.0477
3915.60205 18.7755 0.0518
3916.67787 18.7202 0.0491
3917.69369 18.7885 0.0593
3918.69632 18.7712 0.0488
3919.63348 18.7714 0.0613
3920.58549 18.8387 0.0632
3920.86305 18.8412 0.0551
3921.59759 18.6597 0.0712
3930.64764 18.8514 0.0675
3931.58364 18.7913 0.0648
3931.72124 18.7960 0.0560
3932.67904 18.7981 0.0496
3933.58781 18.8154 0.0460
3934.55847 18.8172 0.0490
3935.63667 18.5901 0.0446
3936.55900 18.7666 0.0551
3937.63459 18.9039 0.0664
3938.56765 18.8067 0.0624
3940.70791 18.7726 0.0419
3944.64944 18.9687 0.0561
3945.58909 18.8258 0.0581
3946.58633 18.7517 0.0606
3950.59859 18.8064 0.0520
3951.62763 18.8000 0.0580
3956.63525 18.8705 0.0857
3957.57309 18.7715 0.0890
3958.65349 18.8029 0.0660
3959.58553 18.8417 0.0733
3960.57377 18.8526 0.0463
3963.61514 18.7753 0.0453
3964.60319 18.7939 0.0448
3965.59174 18.8144 0.0467
3966.57966 18.8819 0.0544
3967.61205 18.8305 0.0640
3968.56613 18.7509 0.0562
3969.57365 18.8417 0.0519
3970.58680 18.7720 0.0634
3971.61853 18.7923 0.0787
3973.64821 18.7446 0.0541
3974.58403 18.8246 0.0635
3975.57558 18.8554 0.0492
3976.57312 18.6851 0.0459
3979.59192 18.8392 0.0825
3982.52443 18.9104 0.0883
3986.64974 18.7543 0.0824
3987.56970 18.8493 0.0581
3988.58697 18.8258 0.0427
3989.65238 18.8982 0.0946
3991.54543 18.8450 0.0649
3994.62434 18.7365 0.0765
3995.64834 18.7704 0.0653
3999.54804 18.6864 0.0559
4001.57147 18.7531 0.0521
4002.57242 18.8383 0.0501
4004.59114 18.9470 0.1009
4005.60657 18.8421 0.0659
4006.59217 18.9005 0.0600
4011.50924 18.8244 0.0762
4015.53583 18.8696 0.0976
4017.51050 18.8290 0.0602
4019.51469 18.6841 0.0621
4021.52070 18.7433 0.0818
4024.55032 18.8251 0.0712
4026.54585 18.8176 0.0597
4029.50126 18.7159 0.0859
4146.89161 18.7630 0.0964
4154.88647 18.7815 0.0539
4157.85727 18.8266 0.0588
4159.87350 18.8417 0.0738
4162.81997 18.7856 0.0887
4164.86063 18.9076 0.0660
4166.87647 18.6840 0.0758
4169.78625 18.7801 0.0684
4174.79851 18.7878 0.0812
4176.79153 18.8697 0.0675
4177.84528 18.8207 0.0587
4178.88804 18.8238 0.0653
4180.78410 18.8021 0.0763
4181.87051 18.8013 0.0557
4183.75706 18.8341 0.0619
4184.80545 18.8030 0.0583
4187.88771 18.7486 0.0659
4190.81653 18.8567 0.0722
4191.91666 18.7638 0.0741
4192.83526 18.8183 0.0677
4193.84619 18.7576 0.0668
4194.86781 18.8232 0.0655
4196.85631 18.7791 0.0621
4202.83760 18.7695 0.0506
4203.82575 18.7899 0.0508
4204.82120 18.8104 0.0534
4205.81629 18.8970 0.0604
4207.81835 18.8091 0.0488
4208.84186 18.8536 0.0573
4213.81706 18.7909 0.0472
4215.82334 18.7451 0.0540
4216.78109 18.8216 0.0642
4217.78891 18.7732 0.0441
4218.84384 18.8570 0.0696
4219.87401 18.7549 0.0708
4220.81097 18.7492 0.0588
4222.77680 18.9081 0.0799
4224.89617 18.7457 0.0723
4228.77397 18.8125 0.0739
4229.75868 18.7826 0.0698
4230.74246 18.9588 0.0780
4231.74485 18.7841 0.0598
4232.75634 18.8917 0.0802
4234.65129 18.6960 0.0691
4235.71806 18.8487 0.0529
4238.76806 18.7202 0.0663
4239.74717 18.9026 0.0628
4240.89088 18.7916 0.0681
4243.78674 18.7367 0.0651
4244.76186 18.7531 0.0556
4245.75268 18.8913 0.0567
4246.81036 18.7862 0.0606
4250.83574 18.7294 0.0796
4256.67266 18.7713 0.0780
4258.68220 18.7642 0.0649
4267.64745 18.7045 0.0539
4268.81606 18.8347 0.0554
4269.62593 18.8741 0.0520
4272.67649 18.8207 0.0517
4273.72561 18.9004 0.0687
4274.52227 18.7792 0.0842
4275.67708 18.7887 0.0718
4277.63448 18.8746 0.0654
4278.65042 18.8007 0.0764
4283.59573 18.8344 0.0710
4284.57975 18.8439 0.0790
4285.58370 18.8987 0.0883
4286.58263 18.8944 0.0670
4289.61752 18.7768 0.0837
4290.64895 18.6884 0.0686
4291.70375 18.7827 0.0593
4292.56515 18.8366 0.0527
4293.57142 18.9432 0.0565
4294.56432 18.8817 0.0599
4295.58615 18.8303 0.0585
4296.57307 18.8540 0.0511
4297.63620 18.8479 0.0533
4298.61114 18.8511 0.0589
4299.58149 18.8282 0.0529
4300.47995 18.7546 0.0754
4301.66021 18.8035 0.0516
4302.64252 18.8585 0.0698
4303.77644 18.6837 0.0744
4304.47158 18.8192 0.1121
4304.51755 18.6734 0.0908
4304.60735 19.0383 0.1043
4304.62182 18.8452 0.0837
4304.66612 18.8168 0.0840
4305.59615 18.7672 0.0859
4306.50061 18.7327 0.1007
4306.54001 18.7406 0.0859
4306.60825 18.7988 0.0711
4306.68236 18.8724 0.0901
4307.54596 18.8268 0.0589
4307.66467 18.7865 0.0716
4307.74865 18.8338 0.0668
4307.77152 18.7867 0.0786
4310.58826 18.7988 0.1204
4310.70903 18.8181 0.0965
4310.77917 18.7033 0.1003
4311.53041 18.7301 0.1084
4311.71628 18.8470 0.0935
4311.75312 18.6686 0.0970
4312.49356 18.8654 0.0929
4312.53819 18.9180 0.0891
4312.60303 18.8614 0.0585
4312.68758 18.7187 0.0702
4312.78107 18.8502 0.0732
4314.48797 18.7376 0.0712
4314.77360 18.7440 0.0860
4315.52314 18.7999 0.0664
4315.61332 18.8567 0.0678
4316.55269 18.7820 0.0536
4316.63440 18.7714 0.0684
4316.70235 18.8130 0.0607
4317.47690 18.7780 0.0605
4317.53284 18.7075 0.0498
4317.60827 18.7259 0.0592
4317.67917 18.8253 0.0677
4319.48792 18.8580 0.0809
4319.59595 18.8558 0.0687
4319.67956 18.8343 0.0776
4319.74034 18.6908 0.0616
4320.50489 18.8654 0.0729
4320.63697 18.8901 0.0694
4320.68887 18.6819 0.0731
4320.71464 18.7322 0.0773
4320.75951 18.8796 0.0942
4326.61175 18.8780 0.0593
4326.69581 18.6518 0.0711
4327.56046 18.8443 0.0812
4327.63680 18.8823 0.0850
4327.69107 18.8129 0.0766
4328.57901 18.7841 0.0504
4328.66466 18.7779 0.0693
4329.57173 18.7855 0.0665
4330.53370 18.8494 0.0597
4330.61394 18.7957 0.0555
4331.53347 18.8449 0.0579
4331.57862 18.8589 0.0776
4332.58885 18.8076 0.0585
4332.64965 18.8325 0.0634
4333.54562 18.9176 0.0786
4333.57932 18.8477 0.0773
4334.54674 18.7645 0.1046
4338.60976 18.8834 0.0859
4339.57889 18.7774 0.0658
4339.63290 18.7684 0.0733
4340.50898 19.1249 0.1382
4340.67593 18.8999 0.0865
4341.58083 18.7926 0.0788
4345.52033 18.9224 0.0597
4346.48330 18.8149 0.0841
4347.50215 18.8843 0.0962
4349.48307 18.7477 0.0778
4350.49778 18.8115 0.0766
4352.54678 18.8985 0.0926
4353.48042 18.8584 0.0719
4353.52567 18.8558 0.0655
4353.54051 18.8494 0.0650
4354.50918 18.8610 0.0586
4354.55767 18.7804 0.0612
4354.62552 18.8707 0.0798
4355.49965 18.7332 0.0665
4355.55843 18.7278 0.0647
4355.59044 18.8205 0.0812
4355.63847 18.8802 0.0982
4356.47363 18.7557 0.0890
4356.59013 18.9815 0.0821
4357.49379 18.9616 0.1072
4358.51766 18.8578 0.0931
4358.61260 18.7769 0.0811
4359.49204 18.7572 0.0737
4359.63174 18.9344 0.0902
4360.55652 18.9017 0.0936
4361.51915 18.9138 0.1142
4361.63595 18.6997 0.0950
4362.50082 18.8035 0.0997
4362.63131 18.7068 0.1125
4365.52221 18.8147 0.1019
4367.49595 18.8961 0.0783
4368.50458 18.7398 0.0865
4368.58144 18.8676 0.0990
4369.49132 18.8490 0.1103
4370.49365 18.8674 0.0804
4371.49133 18.8989 0.0720
4371.59743 18.7319 0.0816
4372.49240 18.8586 0.0621
4373.50130 18.7813 0.0807
4375.54740 18.7226 0.0941
4376.56038 18.8625 0.0934
4377.49316 18.7994 0.0622
4379.50031 18.8612 0.1056
4380.51122 18.8683 0.0699
4380.56195 18.8558 0.0623
4381.49306 18.8427 0.1026
4381.57315 18.8418 0.0986
4383.58976 18.7703 0.0859
4391.50062 18.8474 0.0947
4392.50594 18.7920 0.0882
4393.49461 18.7932 0.0668
4394.50868 18.7940 0.0696
4395.50431 18.8346 0.0812
4396.49903 18.9052 0.1157
4397.50034 18.7999 0.0829
4397.57183 18.9490 0.1047
4398.50864 18.8566 0.0871
4399.50136 18.8361 0.0951
4400.49704 18.8043 0.1004
4401.53199 18.8915 0.0838
4402.51846 18.8518 0.1016
4403.49979 18.8871 0.1299
4407.51484 18.8400 0.0977
4408.53508 18.7451 0.0887
4409.51648 18.8552 0.1061
4506.86074 18.8380 0.0796
4512.87538 18.9014 0.0541
4514.89365 18.9169 0.0736
4518.87785 18.9332 0.0949
4524.85753 18.7749 0.0639
4530.84555 18.8840 0.0504
4533.88449 18.7975 0.0606
4535.90690 18.8660 0.0785
4537.83368 18.9033 0.0588
4539.77697 18.8916 0.0874
4540.90463 18.8881 0.0587
4541.90134 18.8434 0.0507
4542.86473 18.7672 0.0598
4543.89085 18.9441 0.0636
4544.88846 18.8198 0.0507
4545.81306 18.9014 0.0603
4546.86720 18.8980 0.0671
4547.88236 18.8103 0.0639
4550.88214 18.8113 0.0609
4551.87525 18.8486 0.0788
4552.86843 18.8533 0.1058
4556.83638 18.8950 0.0565
4557.86268 18.7990 0.0538
4558.85916 18.8121 0.0564
4559.82683 18.6601 0.0488
4560.82711 18.7678 0.0469
4561.81603 18.8020 0.0425
4564.82033 18.8691 0.0469
4565.80929 18.8231 0.0422
4566.81130 18.8499 0.0464
4567.81166 18.8243 0.0530
4568.83403 19.0252 0.0621
4569.82792 18.9287 0.0695
4570.81860 18.8331 0.0722
4571.80227 18.8390 0.0589
4572.84017 18.8255 0.0618
4573.81581 18.8351 0.0548
4574.81798 18.8318 0.0659
4575.82676 18.9742 0.0780
4583.68692 18.9764 0.1166
4585.89099 18.9146 0.0696
4586.83887 18.8635 0.0634
4587.81951 18.8039 0.0614
4588.80251 18.8782 0.0527
4589.64820 18.8977 0.0711
4590.75278 18.8768 0.0615
4591.63700 18.6820 0.0689
4592.74590 18.8314 0.0615
4593.73118 18.8205 0.0619
4594.75976 18.8145 0.0545
4595.74749 18.8947 0.0675
4596.73667 18.8949 0.0568
4597.76788 18.8393 0.0602
4598.73731 18.8903 0.0466
4599.71306 18.8394 0.0581
4600.72223 18.8897 0.0459
4601.72684 18.8147 0.0507
4602.72099 18.8868 0.0521
4603.94442 18.6816 0.0902
4606.73478 18.8893 0.0633
4610.82864 18.7574 0.0931
4611.70853 18.8756 0.0748
4611.89505 18.8966 0.0758
4615.88515 18.8369 0.0911
4616.69055 18.8928 0.0647
4617.80232 18.9587 0.0776
4618.73133 18.7892 0.0718
4622.67266 18.7291 0.0565
4623.75249 18.9494 0.0927
4624.68794 18.9018 0.0684
4625.67299 18.8890 0.0833
4626.72308 18.7996 0.0722
4627.65218 18.8348 0.0533
4628.64646 18.9797 0.0968
4629.71162 18.7865 0.0603
4630.64847 18.8092 0.0517
4631.66999 18.8339 0.0468
4632.66782 18.8210 0.0526
4633.72686 18.8138 0.0584
4639.77238 18.8761 0.0763
4640.67235 18.8401 0.0695
4641.82889 18.7596 0.0853
4642.67075 18.8353 0.0607
4643.63675 18.8104 0.0596
4644.70383 18.7803 0.0630
4645.63534 18.8577 0.0609
4646.60711 18.8800 0.0471
4647.61748 18.8090 0.0507
4649.61163 18.8811 0.0551
4650.63998 18.9005 0.0640
4651.65490 18.9184 0.0663
4652.58401 18.7588 0.0609
4653.57791 18.7669 0.0667
4654.61705 18.7588 0.0586
4655.58133 18.8989 0.0732
4656.58438 18.7545 0.0550
4658.74174 18.8374 0.0772
4660.69128 18.8952 0.0754
4661.57388 18.8661 0.0618
4665.73565 18.8513 0.0833
4666.64108 18.7718 0.0664
4670.70581 18.9303 0.1007
4671.63051 18.8797 0.0578
4672.59016 18.7990 0.0530
4674.59659 18.8734 0.0736
4677.56916 18.7347 0.0595
4681.58453 18.8227 0.0607
4682.60197 18.9343 0.0663
4683.59896 18.8547 0.0770
4684.61695 18.7019 0.0570
4686.71348 18.9161 0.0808
4697.57935 18.7056 0.0638
4698.60554 18.7421 0.0603
4701.58349 18.8034 0.0834
4702.59842 18.8471 0.0699
4708.59922 18.8676 0.0746
4710.63442 18.7426 0.0611
4720.61666 18.7827 0.0778
4721.58553 18.7605 0.0942
4738.50227 18.8150 0.0749
4740.60646 18.5596 0.0698
4748.57118 18.8647 0.0976
4754.54670 18.8007 0.0949
4755.52498 18.8655 0.0852
4759.51533 18.7498 0.0831
4767.54237 18.8308 0.0954
4768.54390 18.6754 0.1047
4875.85431 18.8166 0.0872
4878.88457 18.8143 0.0581
4885.86626 18.8947 0.0630
4886.81852 18.7892 0.0694
4888.81803 18.8420 0.0848
4892.81364 18.8221 0.0785
4897.89238 18.8162 0.0602
4900.91016 18.9540 0.0774
4903.83496 18.9060 0.0635
4904.89315 18.9133 0.0682
4906.88467 18.8558 0.0671
4910.89118 18.8481 0.0652
4912.87772 18.8110 0.0420
4914.85907 18.8233 0.0538
4921.92285 19.0557 0.0932
4925.79232 18.9646 0.0531
4927.84620 18.8384 0.0639
4929.81489 18.8777 0.0662
4930.84825 18.9533 0.0816
4931.79207 18.7519 0.0664
4932.74731 18.6436 0.0569
4933.79562 18.8035 0.0642
4938.77065 18.8416 0.0658
4939.79597 18.9885 0.0701
4941.75009 18.8531 0.0612
4942.79087 18.8306 0.0483
4943.78338 18.8503 0.0563
4945.87106 18.8531 0.0537
4950.79605 18.8827 0.0690
4952.82300 18.8938 0.0564
4953.78761 18.9600 0.0637
4954.74947 18.8957 0.0583
4955.74529 18.8725 0.0765
