2117.78615 18.3752 0.0438
2125.48259 18.2339 0.0596
2129.57183 18.3620 0.0404
2132.51655 18.3344 0.0344
2135.64268 18.3404 0.0321
2140.61200 18.2890 0.0350
2143.71814 18.3197 0.0375
2158.54388 18.3405 0.0351
2167.49928 18.2931 0.0357
2172.51489 18.2578 0.0442
2175.52681 18.3506 0.0670
2185.54320 18.3619 0.0439
2204.53338 18.3492 0.0671
2205.52439 18.3601 0.0678
2329.87707 18.3339 0.0345
2346.86951 18.3291 0.0328
2352.82386 18.3267 0.0433
2361.81817 18.3263 0.0420
2371.87889 18.2972 0.0336
2381.89746 18.2899 0.0309
2385.90720 18.3084 0.0344
2389.91815 18.3210 0.0341
2391.81175 18.3675 0.0700
2397.86430 18.2967 0.0362
2401.72432 18.2957 0.0317
2403.78305 18.2854 0.0276
2405.74482 18.3372 0.0341
2415.81799 18.3394 0.0388
2424.69667 18.3163 0.0314
2428.66023 18.3397 0.0405
2432.71831 18.4136 0.0539
2433.91425 18.2478 0.0574
2434.58804 18.2656 0.0398
2436.64126 18.3527 0.0353
2438.65689 18.3068 0.0315
2440.64960 18.3146 0.0344
2444.76892 18.3567 0.0422
2446.77978 18.6337 0.0834
2448.75030 18.2053 0.0916
2453.75610 18.2574 0.0366
2455.67086 18.4300 0.0373
2456.51731 18.3479 0.0456
2458.63192 18.3347 0.0350
2462.58606 18.2830 0.0291
2464.65517 18.3418 0.0283
2467.56170 18.3568 0.0332
2469.54900 18.3171 0.0291
2471.68396 18.3535 0.0270
2473.53703 18.3327 0.0372
2483.61763 18.3059 0.0326
2486.60073 18.2891 0.0361
2490.56772 18.1462 0.0312
2493.52590 18.3225 0.0333
2495.60206 18.3317 0.0348
2497.65643 18.3018 0.0330
2499.70433 18.3007 0.0292
2501.72223 18.2945 0.0314
2508.53909 18.3538 0.0387
2511.72005 18.3503 0.0693
2518.63702 18.3464 0.0343
2518.64819 18.3094 0.0386
2521.65175 18.2803 0.0400
2524.49078 18.3427 0.0348
2526.48863 18.3149 0.0418
2528.51501 18.2931 0.0407
2529.61494 18.3538 0.0398
2537.55900 18.2921 0.0537
2541.52724 18.2944 0.0303
2546.59312 18.2629 0.0443
2555.60110 18.3560 0.0496
2573.52266 18.2348 0.0499
2704.89570 18.3232 0.0303
2713.87760 18.3872 0.0345
2728.81949 18.2750 0.0348
2733.79229 18.3353 0.0420
2744.77602 18.2302 0.0284
2752.83943 18.3769 0.0471
2755.83713 18.3128 0.0367
2756.81882 18.3785 0.0379
2760.78402 18.3292 0.0391
2766.81178 18.3093 0.0323
2770.69810 18.3357 0.0368
2782.93617 18.2578 0.0569
2785.89291 18.3708 0.0467
2786.77900 18.3702 0.0425
2790.68945 18.3265 0.0305
2793.61223 18.3673 0.0569
2795.60479 18.3318 0.0348
2797.59288 18.2849 0.0315
2802.79996 18.2929 0.0458
2808.82672 18.3533 0.0526
2810.74552 18.2513 0.0321
2811.80394 18.3369 0.0367
2813.60033 18.3603 0.0364
2815.72096 18.3787 0.0340
2817.67465 18.2115 0.0366
2818.73716 18.2745 0.0335
2820.60561 18.3247 0.0367
2821.62983 18.2719 0.0310
2826.59958 18.2876 0.0357
2830.70231 18.5161 0.0987
2835.59719 18.2780 0.0607
2837.51262 18.2375 0.0473
2839.54605 18.3589 0.0510
2840.70345 18.2646 0.0331
2842.77892 18.3063 0.0413
2843.48257 18.2196 0.0417
2844.76380 18.3667 0.0365
2849.67784 18.3275 0.0387
2851.69899 18.3198 0.0415
2853.70086 18.3330 0.0346
2856.58506 18.3083 0.0373
2858.55121 18.3302 0.0370
2860.70225 18.1840 0.0498
2863.62480 18.2216 0.0431
2866.71359 18.3691 0.0481
2869.60710 18.3640 0.0335
2872.62832 18.2634 0.0260
2877.56799 18.3069 0.0364
2882.63104 18.3322 0.0294
2892.52082 18.2386 0.0397
2895.67117 18.2826 0.0355
2900.53270 18.3086 0.0470
2905.58663 18.3826 0.0494
2911.50247 18.2675 0.0447
2916.57092 18.2112 0.0380
2929.53117 18.3239 0.0545
2937.55635 18.1353 0.0582
3050.84561 18.2612 0.0373
3058.81100 18.3217 0.0359
3061.87541 18.2489 0.0340
3067.81177 18.2322 0.0291
3069.88549 18.2696 0.0264
3072.85029 18.2548 0.0275
3074.88979 18.2407 0.0281
3079.79667 18.2462 0.0327
3081.90070 18.2083 0.0338
3084.75632 18.2220 0.0307
3086.75118 18.2293 0.0251
3087.85467 18.2343 0.0300
3089.77207 18.2248 0.0288
3091.73405 18.2559 0.0304
3096.76103 18.2548 0.0362
3098.76544 18.1721 0.0265
3100.88168 18.2467 0.0300
3102.76091 18.2022 0.0307
3103.91412 18.1981 0.0361
3107.76086 18.1899 0.0268
3108.83098 18.1550 0.0264
3109.90063 18.2817 0.0330
3110.75017 18.2234 0.0302
3111.80767 18.2251 0.0293
3113.78687 18.2452 0.0254
3114.72516 18.1764 0.0251
3115.78710 18.1751 0.0273
3118.84373 18.1925 0.0328
3122.79411 18.1468 0.0368
3125.77156 18.1359 0.0375
3126.77823 18.1307 0.0256
3127.71148 18.1905 0.0276
3128.73108 18.1539 0.0305
3129.71391 18.1031 0.0348
3130.88536 18.0602 0.0368
3134.68416 18.0237 0.0452
3137.73042 18.0402 0.0330
3138.83792 18.0862 0.0282
3139.77374 18.1076 0.0253
3140.78590 18.0906 0.0245
3142.64455 18.1091 0.0246
3142.90066 18.0938 0.0296
3144.70812 18.0807 0.0239
3146.67077 18.0739 0.0295
3151.66497 18.1086 0.0348
3152.67012 18.0091 0.0250
3152.88306 18.0218 0.0332
3153.67302 18.0649 0.0272
3154.61574 18.0480 0.0419
3156.66421 17.9844 0.0260
3158.73848 17.9239 0.0394
3162.71966 17.9249 0.0293
3163.68351 17.9624 0.0228
3164.65076 17.8733 0.0206
3165.81875 17.9400 0.0198
3167.86604 17.8555 0.0256
3168.66692 17.8407 0.0244
3169.63589 17.8882 0.0203
3170.70889 17.8180 0.0214
3171.66387 17.8042 0.0190
3172.64370 17.7892 0.0186
3174.62811 17.7805 0.0173
3175.62992 17.7843 0.0187
3176.66404 17.7968 0.0235
3178.69250 17.8137 0.0237
3179.72273 17.7311 0.0215
3180.61805 17.6851 0.0145
3182.68376 17.6483 0.0181
3183.63278 17.6546 0.0200
3184.60367 17.6039 0.0151
3185.76898 17.6354 0.0210
3192.74951 17.4252 0.0190
3193.78716 17.3914 0.0178
3194.65344 17.4117 0.0234
3195.58459 17.3768 0.0142
3196.66059 17.3663 0.0164
3197.66348 17.3322 0.0154
3199.69513 17.2530 0.0127
3202.68287 17.1613 0.0132
3203.72808 17.0940 0.0111
3204.72378 17.1114 0.0113
3205.60215 17.0493 0.0098
3206.57922 17.0129 0.0099
3210.69031 16.8485 0.0103
3211.59525 16.8237 0.0105
3212.58084 16.7686 0.0131
3217.57005 16.5348 0.0095
3218.56928 16.4583 0.0092
3223.56554 16.2612 0.0090
3224.57441 16.2394 0.0065
3226.52953 16.1966 0.0069
3228.65870 16.1842 0.0072
3229.54263 16.2255 0.0061
3230.58148 16.2466 0.0062
3231.48244 16.2454 0.0075
3238.70716 16.5492 0.0109
3240.69104 16.6567 0.0110
3241.57538 16.6956 0.0201
3244.67281 16.7756 0.0137
3246.55937 16.8753 0.0137
3247.68742 16.9356 0.0143
3248.58417 16.9426 0.0134
3250.57146 17.0023 0.0121
3253.56325 17.1328 0.0118
3255.68071 17.2265 0.0191
3259.53955 17.3335 0.0192
3262.55113 17.4444 0.0180
3266.56474 17.4790 0.0241
3268.62997 17.4936 0.0193
3271.49139 17.6542 0.0571
3274.54421 17.6139 0.0256
3278.49459 17.6070 0.0209
3280.60083 17.6584 0.0222
3287.52722 17.8020 0.0242
3292.51598 17.8204 0.0256
3414.87953 18.2340 0.0302
3419.88690 18.2798 0.0261
3424.88383 18.2789 0.0309
3427.90292 18.1958 0.0428
3430.86886 18.2383 0.0262
3442.80517 18.2831 0.0335
3444.85926 18.2459 0.0297
3446.88788 18.2756 0.0312
3449.77765 18.2927 0.0309
3452.80254 18.4155 0.0345
3454.85977 18.2455 0.0347
3457.81752 18.2330 0.0303
3458.78853 18.2987 0.0332
3458.83776 18.2914 0.0336
3467.84589 18.2707 0.0287
3469.75156 18.2587 0.0263
3471.84145 18.2376 0.0369
3472.90881 18.2456 0.0291
3473.74614 18.2313 0.0295
3474.92421 18.3733 0.0398
3475.76934 18.2880 0.0268
3477.85641 18.3716 0.0340
3479.80567 18.2026 0.0215
3481.70510 18.2892 0.0338
3483.86469 18.3489 0.0374
3496.82797 18.0959 0.0328
3497.70208 18.3418 0.0502
3500.76615 18.3521 0.0317
3501.75988 18.4269 0.0330
3502.79060 18.2675 0.0259
3503.75213 18.2982 0.0254
3504.76858 18.3501 0.0319
3506.90330 18.2174 0.0422
3508.85610 18.3185 0.0399
3509.80343 18.2663 0.0305
3510.81528 18.3303 0.0309
3511.76743 18.3078 0.0342
3512.63955 18.3806 0.0470
3517.92422 18.3200 0.0372
3520.63189 18.2806 0.0317
3521.73767 18.2728 0.0264
3522.64922 18.2476 0.0270
3523.68935 18.2390 0.0270
3524.73244 18.1652 0.0261
3525.70987 18.3023 0.0259
3525.78715 18.3329 0.0319
3526.79646 18.2440 0.0265
3527.88688 18.3700 0.0490
3528.74861 18.3570 0.0281
3529.87340 18.2582 0.0287
3530.57144 18.3553 0.0347
3538.81799 18.3119 0.0336
3539.59800 18.4582 0.0475
3541.85815 18.2642 0.0328
3547.67702 18.1975 0.0399
3550.76411 18.3098 0.0254
3551.73913 18.2780 0.0230
3552.76122 18.3487 0.0332
3553.66053 18.3548 0.0399
3554.73758 18.2282 0.0356
3556.62410 18.3748 0.0334
3558.64077 18.2440 0.0249
3559.72098 18.3356 0.0302
3560.79548 18.2599 0.0263
3561.64787 18.3006 0.0268
3562.50297 18.1749 0.0244
3563.55680 18.2476 0.0274
3564.64412 18.3453 0.0320
3569.74235 18.2417 0.0371
3573.55432 18.2997 0.0427
3574.60931 18.2784 0.0352
3575.59798 18.2958 0.0277
3576.57268 18.3445 0.0319
3577.63821 18.3990 0.0316
3578.58491 18.3254 0.0272
3579.51339 18.3424 0.0271
3580.55218 18.2353 0.0284
3581.59240 18.2542 0.0301
3582.54052 18.4181 0.0356
3583.49027 18.3013 0.0364
3584.56617 18.2830 0.0281
3585.55692 18.2881 0.0273
3586.53801 18.3106 0.0299
3587.69024 18.2040 0.0342
3588.62426 18.3412 0.0291
3589.59551 18.2893 0.0219
3590.56399 18.2604 0.0280
3592.57996 18.3409 0.0255
3593.58522 18.3358 0.0289
3601.54188 18.3765 0.0320
3602.54677 18.3146 0.0413
3603.55299 18.3124 0.0333
3607.55350 18.3465 0.0295
3608.55057 18.3690 0.0424
3615.67158 18.2542 0.0365
3619.52078 18.2411 0.0304
3620.62918 18.3443 0.0303
3629.56000 18.3367 0.0411
3632.48299 18.3073 0.0489
3634.54102 18.3701 0.0307
3640.48594 18.3333 0.0477
3643.53742 18.1889 0.0426
3646.56834 18.2787 0.0504
3649.48377 18.3871 0.0615
3653.56356 18.4251 0.0640
3658.49985 18.3115 0.0501
3661.49569 18.3104 0.0577
3666.50707 18.1439 0.0326
3774.87624 18.2673 0.0278
3780.85601 18.3767 0.0431
3786.84697 18.3309 0.0441
3790.84753 18.2810 0.0423
3793.83755 18.2985 0.0329
3795.82825 18.2584 0.0346
3797.82242 18.3753 0.0329
3798.87066 18.3328 0.0287
3801.79301 18.2944 0.0327
3803.78323 18.3646 0.0344
3804.82600 18.2966 0.0380
3805.86341 18.3167 0.0306
3806.86011 18.3767 0.0329
3808.83312 18.2087 0.0301
3809.83685 18.3307 0.0322
3810.88491 18.2564 0.0321
3811.91207 18.2995 0.0367
3813.89771 18.2753 0.0314
3814.89531 18.4005 0.0325
3818.80518 18.3562 0.0377
3819.86885 18.3410 0.0262
3820.83254 18.3648 0.0272
3821.83677 18.3293 0.0261
3822.88710 18.3334 0.0283
3823.85110 18.3315 0.0262
3824.84869 18.4166 0.0387
3825.87056 18.3565 0.0301
3826.84840 18.2929 0.0304
3827.87136 18.2984 0.0255
3828.84677 18.4455 0.0385
3829.82503 18.2961 0.0275
3830.81748 18.2862 0.0264
3832.80901 18.3953 0.0274
3832.84517 18.3077 0.0277
3833.72028 18.3121 0.0259
3834.85756 18.3399 0.0260
3835.80803 18.3644 0.0249
3836.81290 18.3092 0.0351
3837.80296 18.3873 0.0349
3838.80712 18.2808 0.0354
3839.81554 18.2870 0.0364
3840.81021 18.3555 0.0355
3841.78838 18.3408 0.0340
3845.78927 18.2163 0.0347
3846.79367 18.3720 0.0330
3847.87359 18.2818 0.0323
3848.81743 18.2900 0.0285
3849.82900 18.3226 0.0287
3850.76346 18.3061 0.0283
3851.77334 18.3016 0.0400
3852.76190 18.3357 0.0326
3853.75460 18.3387 0.0218
3856.74349 18.3101 0.0295
3858.80363 18.2778 0.0360
3859.74886 18.4047 0.0381
3860.89383 18.2643 0.0373
3861.73569 18.2687 0.0322
3862.75297 18.2690 0.0251
3863.76470 18.2879 0.0259
3864.75385 18.3634 0.0262
3865.64305 18.3242 0.0312
3866.64887 18.3033 0.0349
3867.79216 18.3327 0.0362
3868.64351 18.4246 0.0436
3869.80478 18.3703 0.0467
3873.62993 18.3469 0.0323
3874.85191 18.2452 0.0319
3875.62004 18.2434 0.0249
3877.61461 18.3994 0.0267
3877.65331 18.3814 0.0287
3880.72643 18.2936 0.0275
3881.72620 18.3087 0.0272
3882.66119 18.3259 0.0282
3883.71377 18.3980 0.0288
3886.67541 18.3182 0.0247
3887.66812 18.2505 0.0283
3889.82285 18.2821 0.0336
3890.61348 18.2956 0.0320
3891.74624 18.3728 0.0391
3892.80519 18.2699 0.0335
3893.70316 18.2780 0.0418
3894.74479 18.2766 0.0315
3896.69315 18.2738 0.0371
3900.60099 18.2757 0.0344
3901.61763 18.3091 0.0354
3902.63222 18.3259 0.0281
3903.73441 18.3154 0.0315
3904.61525 18.3832 0.0281
3905.61551 18.3258 0.0234
3906.60363 18.3974 0.0338
3907.66485 18.3570 0.0374
3908.59354 18.3246 0.0262
3909.59955 18.3593 0.0271
3910.66075 18.3567 0.0301
3912.60106 18.3202 0.0228
3913.59858 18.3319 0.0232
3914.61661 18.3058 0.0294
3915.59641 18.3748 0.0299
3916.64769 18.1352 0.0292
3917.68807 18.3411 0.0330
3918.69070 18.3336 0.0281
3919.62788 18.3369 0.0316
3920.57986 18.3979 0.0326
3920.85746 18.3275 0.0320
3921.59193 18.3073 0.0468
3930.64203 18.2626 0.0339
3931.57804 18.3636 0.0402
3931.71560 18.3113 0.0328
3932.66852 18.3377 0.0297
3933.58214 18.3379 0.0278
3934.55285 18.3742 0.0297
3935.63103 18.2862 0.0276
3936.55335 18.3577 0.0310
3937.62896 18.2557 0.0294
3938.56202 18.2853 0.0349
3940.70225 18.3001 0.0270
3944.64376 18.3089 0.0276
3945.58344 18.4316 0.0369
3946.58066 18.3784 0.0380
3950.59303 18.2173 0.0271
3951.61942 18.3758 0.0449
3956.62968 18.2433 0.0389
3957.56749 18.3296 0.0410
3958.64792 18.3835 0.0392
3959.57998 18.3502 0.0379
3960.56819 18.3063 0.0258
3963.60956 18.3103 0.0295
3964.59259 18.3252 0.0289
3965.58614 18.3875 0.0283
3966.57407 18.3109 0.0301
3967.60649 18.3850 0.0355
3968.56057 18.3472 0.0390
3969.56807 18.3452 0.0288
3970.58123 18.2533 0.0343
3971.49704 18.2844 0.0436
3971.53951 18.3702 0.0410
3971.61293 18.3174 0.0330
3971.68852 18.2380 0.0298
3973.64262 18.2906 0.0311
3974.57506 18.3355 0.0414
3975.56998 18.3100 0.0279
3976.56754 18.4930 0.0347
3979.58632 18.2888 0.0431
3982.51884 18.3341 0.0455
3986.64414 18.3817 0.0471
3987.56410 18.3691 0.0339
3988.58136 18.3711 0.0268
3989.64675 18.2940 0.0476
3991.53985 18.3246 0.0354
3994.60840 18.3398 0.0411
3995.63602 18.3341 0.0259
3999.54244 18.3535 0.0396
4001.56590 18.3811 0.0335
4002.56680 18.3554 0.0290
4004.58549 18.3613 0.0462
4005.60096 18.2212 0.0290
4006.58659 18.3921 0.0309
4011.50369 18.3068 0.0429
4015.53025 18.3169 0.0458
4017.50491 18.4029 0.0362
4019.50912 18.2955 0.0368
4021.51508 18.3722 0.0516
4024.54472 18.3587 0.0374
4026.54026 18.4558 0.0380
4028.55631 18.3168 0.0378
4146.88621 18.3564 0.0528
4154.88107 18.3450 0.0352
4157.84930 18.2910 0.0363
4159.86813 18.3419 0.0410
4162.81456 18.3089 0.0484
4164.85527 18.3080 0.0339
4166.87112 18.2722 0.0530
4168.90714 18.3402 0.0397
4174.79318 18.3888 0.0452
4176.78616 18.4210 0.0373
4177.83571 18.3144 0.0343
4178.88268 18.3290 0.0367
4180.76614 18.2875 0.0445
4181.86517 18.3188 0.0311
4182.91739 18.2698 0.0342
4184.80006 18.3234 0.0354
4185.92101 18.2623 0.0426
4190.81119 18.2826 0.0350
4191.91133 18.2602 0.0379
4192.82991 18.2338 0.0377
4193.84086 18.3435 0.0394
4194.86247 18.3356 0.0348
4196.85092 18.3467 0.0381
4202.83223 18.3367 0.0326
4203.82039 18.3217 0.0315
4204.81584 18.3566 0.0305
4205.81091 18.2720 0.0305
4207.81298 18.3080 0.0288
4208.83652 18.3388 0.0334
4213.81170 18.3142 0.0299
4215.81797 18.3584 0.0345
4216.77572 18.3231 0.0369
4217.78352 18.3132 0.0274
4218.83846 18.3419 0.0462
4219.86560 18.3177 0.0374
4220.80559 18.3276 0.0334
4222.77140 18.3122 0.0429
4224.88784 18.2988 0.0431
4228.76861 18.2860 0.0597
4229.75327 18.3487 0.0381
4230.73708 18.3258 0.0377
4231.73945 18.2951 0.0354
4232.62611 18.4091 0.0549
4232.75094 18.3388 0.0400
4234.64470 18.2983 0.0403
4235.71268 18.3377 0.0332
4238.76262 18.2685 0.0373
4239.74176 18.3658 0.0374
4240.88252 18.3491 0.0413
4243.78133 18.3387 0.0404
4244.75646 18.3663 0.0370
4245.74726 18.3440 0.0288
4246.80493 18.2965 0.0337
4250.83034 18.2842 0.0397
4256.66724 18.3667 0.0518
4258.67698 18.3006 0.0365
4267.64224 18.2607 0.0321
4268.81085 18.3143 0.0334
4269.62071 18.3283 0.0304
4272.67127 18.3260 0.0286
4273.72040 18.2947 0.0376
4274.51703 18.2728 0.0507
4275.67184 18.3361 0.0394
4277.62925 18.3171 0.0349
4278.64520 18.3081 0.0444
4283.59049 18.2928 0.0417
4284.57449 18.3140 0.0421
4285.57785 18.3269 0.0470
4286.57739 18.3598 0.0393
4289.61223 18.3172 0.0463
4290.63480 18.3529 0.0397
4291.69849 18.3248 0.0324
4292.55989 18.3153 0.0287
4293.56611 18.3540 0.0305
4294.55905 18.3489 0.0341
4295.58090 18.2915 0.0309
4296.56781 18.3612 0.0329
4297.62991 18.3281 0.0288
4298.60583 18.3144 0.0321
4299.57620 18.3815 0.0327
4300.47466 18.3372 0.0392
4301.65494 18.3551 0.0322
4302.63724 18.2873 0.0365
4303.76862 18.3213 0.0415
4304.60205 18.2972 0.0461
4306.60296 18.3380 0.0481
4310.70372 18.3190 0.0551
4312.59772 18.3525 0.0378
4315.60801 18.2568 0.0354
4316.62911 18.3472 0.0382
4317.52752 18.3204 0.0363
4319.59064 18.3860 0.0361
4320.68355 18.3365 0.0379
4326.60645 18.2725 0.0291
4327.63123 18.2878 0.0398
4328.57345 18.2541 0.0267
4329.56634 18.3186 0.0382
4330.60838 18.3455 0.0336
4331.57306 18.2979 0.0380
4332.64408 18.2513 0.0332
4333.57375 18.3408 0.0414
4334.54118 18.2856 0.0786
4338.60418 18.3684 0.0474
4339.57329 18.3740 0.0417
4340.67036 18.3715 0.0529
4341.57528 18.2947 0.0458
4342.61159 18.3457 0.0385
4343.59083 18.3021 0.0317
4344.63601 18.3920 0.0454
4345.59067 18.3288 0.0363
4346.59272 18.2599 0.0383
4347.60660 18.2960 0.0366
4349.57848 18.2901 0.0288
4350.64028 18.3285 0.0344
4351.58056 18.2801 0.0404
4353.60042 18.3224 0.0437
4354.61993 18.3012 0.0473
4355.63287 18.2485 0.0372
4356.58452 18.3729 0.0431
4358.60703 18.2980 0.0428
4359.62616 18.3378 0.0463
4361.62684 18.3209 0.0598
4362.62065 18.2818 0.0662
4368.57584 18.3747 0.0571
4371.59186 18.3337 0.0466
4373.58237 18.3699 0.0433
4378.56437 18.2939 0.0515
4381.56758 18.3050 0.0560
4396.57704 18.3419 0.0696
4506.85560 18.3828 0.0516
4512.86998 18.3887 0.0308
4514.88827 18.3187 0.0344
4518.87251 18.4051 0.0555
4521.84283 18.1938 0.0354
4524.85217 18.3078 0.0396
4530.84022 18.3423 0.0299
4533.87601 18.2807 0.0355
4535.89870 18.2840 0.0425
4537.82833 18.3552 0.0290
4539.77161 18.3186 0.0443
4540.89877 18.3328 0.0335
4541.89600 18.3082 0.0284
4542.85942 18.3347 0.0382
4543.88550 18.3063 0.0315
4544.88311 18.3070 0.0307
4545.80772 18.2880 0.0356
4546.86085 18.2770 0.0438
4547.87700 18.4038 0.0415
4550.87677 18.3468 0.0369
4551.85848 18.3123 0.0478
4552.86311 18.3171 0.0518
4556.83103 18.3165 0.0307
4557.85736 18.2875 0.0315
4558.85381 18.3266 0.0320
4559.82147 18.3442 0.0353
4560.82174 18.3293 0.0275
4561.81064 18.2967 0.0267
4564.81496 18.3116 0.0275
4565.80391 18.2993 0.0249
4566.80592 18.2884 0.0260
4567.80631 18.3436 0.0291
4568.82870 18.3366 0.0309
4569.82255 18.3533 0.0359
4570.81321 18.3005 0.0300
4571.79693 18.3367 0.0322
4572.83482 18.3840 0.0373
4573.81049 18.2545 0.0286
4574.81262 18.3407 0.0392
4575.82140 18.3422 0.0357
4578.86405 18.3661 0.0470
4583.67426 18.3101 0.0511
4585.88563 18.3215 0.0327
4586.68410 18.2698 0.0436
4587.81412 18.2580 0.0318
4588.79712 18.2855 0.0304
4589.63928 18.3461 0.0405
4590.74742 18.3775 0.0402
4591.63160 18.2897 0.0407
4592.74054 18.3266 0.0351
4593.72579 18.2960 0.0349
4594.75435 18.3517 0.0354
4595.74209 18.3748 0.0370
4596.73130 18.3186 0.0308
4597.76249 18.3279 0.0348
4598.73192 18.3237 0.0264
4599.70769 18.3359 0.0340
4600.71681 18.3027 0.0256
4601.72145 18.2969 0.0289
4602.71557 18.2613 0.0271
4603.93899 18.2827 0.0386
4606.72939 18.2708 0.0325
4610.82322 18.2801 0.0436
4611.70311 18.3766 0.0393
4611.88964 18.3658 0.0443
4612.76451 18.2910 0.0328
4615.87975 18.3210 0.0477
4616.68511 18.3135 0.0329
4617.79690 18.4105 0.0450
4618.72591 18.3499 0.0341
4622.66720 18.2584 0.0361
4623.74704 18.3619 0.0347
4624.68249 18.3687 0.0398
4625.66754 18.3243 0.0403
4626.71762 18.3679 0.0412
4627.64071 18.3664 0.0299
4628.64099 18.3391 0.0375
4629.70620 18.3420 0.0348
4630.64300 18.2960 0.0365
4631.66453 18.3306 0.0294
4632.66235 18.3120 0.0343
4633.72145 18.3306 0.0339
4639.76688 18.3255 0.0447
4640.66687 18.3099 0.0370
4641.82343 18.3235 0.0472
4642.66528 18.2921 0.0327
4643.63126 18.3657 0.0383
4644.69838 18.3476 0.0337
4645.62097 18.3437 0.0318
4646.60161 18.3423 0.0309
4647.61199 18.3451 0.0325
4649.60614 18.3774 0.0346
4650.63444 18.3146 0.0335
4651.64941 18.3339 0.0328
4652.57849 18.2942 0.0359
4653.57243 18.3537 0.0405
4654.61155 18.3457 0.0372
4655.57584 18.2933 0.0359
4656.57414 18.3155 0.0327
4658.73623 18.2601 0.0424
4660.68573 18.2972 0.0353
4661.56837 18.2664 0.0331
4665.73010 18.2674 0.0443
4666.63555 18.3619 0.0410
4670.70030 18.2700 0.0352
4671.62502 18.2065 0.0267
4672.58462 18.2557 0.0319
4674.59105 18.2883 0.0417
4677.56359 18.3089 0.0332
4681.57893 18.3340 0.0324
4682.59643 18.3350 0.0374
4683.59341 18.2932 0.0432
4684.61142 18.2804 0.0343
4685.57913 18.3523 0.0375
4686.69589 18.3643 0.0449
4687.62633 18.3752 0.0374
4688.56999 18.2661 0.0350
4694.64776 18.2571 0.0576
4697.57374 18.3276 0.0354
4698.60000 18.3343 0.0318
4700.59503 18.3003 0.0322
4701.57790 18.3093 0.0396
4702.59284 18.3768 0.0314
4703.66013 18.3390 0.0386
4708.59363 18.2606 0.0331
4710.62884 18.3466 0.0401
4716.66557 18.3140 0.0636
4720.61106 18.2762 0.0486
4721.57993 18.4272 0.0560
4724.59199 18.2533 0.0497
4726.57121 18.2631 0.0563
4731.62078 18.2898 0.0434
4738.49667 18.2399 0.0411
4740.60087 18.2549 0.0464
4748.56561 18.3133 0.0528
4754.54113 18.3852 0.0590
4755.51943 18.2938 0.0469
4759.50980 18.1773 0.0460
4767.53280 18.2891 0.0591
4772.52637 18.3146 0.0673
4773.52031 18.4243 0.0641
4875.84893 18.4652 0.0633
4878.87917 18.3318 0.0370
4885.86092 18.4854 0.0410
4887.89924 18.3278 0.0440
4892.80366 18.2899 0.0482
4897.88703 18.3962 0.0389
4900.90480 18.2640 0.0363
4903.82959 18.2775 0.0329
4904.88783 18.3012 0.0315
4906.87930 18.3776 0.0416
4910.88586 18.3140 0.0365
4912.87235 18.3288 0.0251
4913.87150 18.4184 0.0316
4914.75145 18.2179 0.0349
4914.78106 18.3043 0.0336
4914.81122 18.3473 0.0333
4914.84504 18.3026 0.0300
4914.85376 18.2696 0.0296
4914.87919 18.2822 0.0260
4914.91301 18.3173 0.0291
4915.85421 18.3427 0.0405
4915.89288 18.3530 0.0313
4915.92290 18.3050 0.0579
4917.77807 18.3215 0.0298
4917.90832 18.3756 0.0349
4918.77701 18.3032 0.0302
4918.92192 18.2930 0.0561
4920.72396 18.3772 0.0315
4921.74760 18.2625 0.0309
4921.76178 18.3044 0.0321
4925.78721 18.3282 0.0289
4927.84105 18.2925 0.0344
4929.80977 18.3010 0.0344
4930.84312 18.3315 0.0421
4931.78697 18.2353 0.0384
4932.74216 18.3437 0.0388
4933.79049 18.3813 0.0379
4938.76552 18.3171 0.0322
4939.79084 18.3370 0.0346
4941.74493 18.3143 0.0320
4942.78573 18.3349 0.0282
4943.77362 18.2703 0.0287
4945.86593 18.3461 0.0283
4950.79090 18.3822 0.0361
4952.81786 18.3374 0.0301
4953.78246 18.3343 0.0340
4954.74431 18.3744 0.0331
