2116.77407 17.4184 0.0207
2124.68560 17.3224 0.0342
2128.66003 17.4383 0.0181
2131.63601 17.4396 0.0196
2135.54583 17.4243 0.0158
2138.69366 17.4023 0.0194
2143.61495 17.4565 0.0191
2162.60681 17.4444 0.0185
2170.51307 17.4544 0.0173
2173.58704 17.4431 0.0214
2183.52995 17.3956 0.0252
2184.58585 17.4507 0.0242
2195.56808 17.4408 0.0241
2200.54233 17.4395 0.0259
2326.87360 17.4334 0.0243
2346.81668 17.4508 0.0181
2351.81831 17.4296 0.0163
2360.82702 17.4035 0.0167
2371.78369 17.4360 0.0173
2380.78819 17.4346 0.0237
2384.76018 17.4251 0.0174
2388.76377 17.4361 0.0208
2390.73362 17.4467 0.0221
2397.89196 17.4487 0.0188
2401.69434 17.4320 0.0172
2403.75558 17.4409 0.0158
2405.69140 17.4293 0.0174
2410.79059 17.4375 0.0137
2415.69288 17.4561 0.0236
2417.77009 17.4255 0.0210
2425.66119 17.4411 0.0328
2431.70426 17.4253 0.0195
2433.67917 17.4510 0.0177
2434.82503 17.4369 0.0170
2436.61430 17.4511 0.0184
2438.62997 17.4312 0.0178
2440.61133 17.4322 0.0177
2443.64641 17.4400 0.0216
2445.54153 17.4388 0.0227
2452.61311 17.4206 0.0215
2458.74907 17.4362 0.0168
2462.66556 17.4347 0.0156
2464.53290 17.4371 0.0194
2467.45885 17.4191 0.0420
2469.46941 17.4295 0.0195
2471.75990 17.4295 0.0159
2473.45808 17.4383 0.0327
2483.51280 17.4393 0.0164
2490.48950 17.4318 0.0183
2495.51696 17.4341 0.0210
2497.57801 17.4310 0.0156
2499.61530 17.4277 0.0162
2501.64220 17.4334 0.0169
2503.58899 17.5007 0.0522
2511.62123 17.4278 0.0249
2518.57199 17.4392 0.0179
2521.56791 17.4343 0.0180
2535.49694 17.4742 0.0262
2539.59339 17.4174 0.0200
2540.57148 17.4578 0.0258
2545.52343 17.4183 0.0187
2555.52249 17.4641 0.0242
2561.54680 17.4712 0.0285
2571.48932 17.4251 0.0377
2701.88254 17.4468 0.0181
2712.87975 17.4237 0.0170
2727.84236 17.4351 0.0161
2732.85630 17.4399 0.0192
2743.84797 17.4171 0.0165
2748.86763 17.4296 0.0268
2748.87967 17.4361 0.0253
2755.87041 17.4264 0.0203
2765.88818 17.4414 0.0181
2769.92977 17.4653 0.0184
2782.80168 17.4188 0.0227
2784.79491 17.4486 0.0165
2786.68553 17.4495 0.0212
2788.83743 17.4059 0.0148
2790.88184 17.4305 0.0180
2794.67787 17.4338 0.0201
2796.61511 17.4409 0.0159
2802.67225 17.4330 0.0221
2803.57612 17.4362 0.0695
2808.71976 17.4076 0.0192
2810.63847 17.4362 0.0185
2812.61539 17.4422 0.0183
2813.70436 17.4320 0.0185
2815.64395 17.4069 0.0189
2816.77906 17.4295 0.0186
2817.78842 17.4030 0.0208
2819.56322 17.4596 0.0184
2821.55220 17.4253 0.0185
2830.58783 17.4042 0.0391
2835.51978 17.4456 0.0278
2836.74785 17.4358 0.0231
2838.64413 17.4511 0.0196
2840.56819 17.4363 0.0169
2842.61913 17.4495 0.0188
2844.67959 17.4389 0.0176
2849.50448 17.4291 0.0214
2851.60910 17.4248 0.0182
2853.61974 17.4353 0.0163
2856.49757 17.4287 0.0205
2858.46920 17.3950 0.0285
2859.53433 17.4276 0.0294
2860.58797 17.4352 0.0229
2863.67498 17.4268 0.0245
2867.58127 17.4421 0.0212
2870.65948 17.4131 0.0176
2874.62695 17.4178 0.0226
2878.54011 17.4329 0.0174
2884.61153 17.4397 0.0202
2893.63931 17.4302 0.0164
2896.50209 17.4120 0.0205
2901.51764 17.4764 0.0246
2906.64223 17.4468 0.0220
2910.63447 17.4512 0.0329
2912.62155 17.4080 0.0244
2924.54487 17.4169 0.0186
2934.56173 17.4336 0.0242
2942.52251 17.4304 0.0245
3048.86202 17.4258 0.0186
3056.89464 17.4276 0.0256
3060.89615 17.4554 0.0192
3066.88954 17.4352 0.0162
3069.84214 17.4439 0.0215
3071.84976 17.4121 0.0192
3074.83736 17.4232 0.0166
3076.87463 17.4351 0.0190
3078.88419 17.4524 0.0237
3081.77746 17.4029 0.0176
3083.90293 17.4220 0.0150
3086.73048 17.4193 0.0160
3088.73414 17.4177 0.0164
3090.83359 17.3960 0.0160
3092.80880 17.4291 0.0209
3097.77158 17.4164 0.0186
3099.76589 17.4258 0.0227
3101.70799 17.3810 0.0314
3103.71015 17.3898 0.0262
3106.73790 17.4167 0.0284
3107.85051 17.4098 0.0214
3109.68784 17.4383 0.0181
3110.69850 17.3997 0.0208
3112.69897 17.4064 0.0175
3113.74217 17.4074 0.0139
3114.91641 17.4093 0.0157
3115.73929 17.3864 0.0156
3118.72434 17.4101 0.0208
3122.75041 17.4125 0.0207
3124.92695 17.3967 0.0212
3126.66595 17.4073 0.0167
3127.66799 17.4203 0.0190
3128.68642 17.3586 0.0174
3129.66580 17.3960 0.0202
3130.82826 17.4170 0.0216
3131.82775 17.3928 0.0258
3134.63504 17.3854 0.0192
3135.70134 17.4079 0.0182
3137.80932 17.4148 0.0207
3138.89841 17.4275 0.0199
3139.69719 17.3982 0.0157
3140.66467 17.4283 0.0165
3141.82834 17.4120 0.0153
3144.66060 17.3920 0.0168
3145.72839 17.4018 0.0180
3147.82202 17.3954 0.0173
3151.61735 17.4118 0.0240
3152.62629 17.4053 0.0171
3153.62767 17.4202 0.0194
3153.91823 17.4059 0.0197
3154.70387 17.4023 0.0198
3156.61202 17.4043 0.0214
3158.65247 17.4095 0.0232
3162.66959 17.4170 0.0172
3163.58785 17.3636 0.0158
3163.90923 17.3935 0.0213
3164.58128 17.3552 0.0150
3165.58097 17.3902 0.0172
3166.79183 17.4269 0.0237
3167.80649 17.3978 0.0201
3168.62209 17.4130 0.0158
3169.59239 17.3926 0.0147
3170.68727 17.4139 0.0143
3171.60521 17.3837 0.0151
3172.59493 17.4032 0.0146
3174.58095 17.4079 0.0150
3174.90007 17.3949 0.0182
3175.58219 17.4328 0.0154
3176.60816 17.3992 0.0180
3178.64401 17.3943 0.0179
3179.66841 17.3889 0.0153
3180.54298 17.3860 0.0166
3182.57735 17.3982 0.0187
3182.61657 17.3902 0.0182
3183.55009 17.3872 0.0167
3183.58020 17.4005 0.0148
3184.56023 17.3848 0.0154
3184.83068 17.3909 0.0178
3185.64388 17.3826 0.0154
3191.85954 17.4105 0.0215
3193.73115 17.4161 0.0193
3194.70664 17.4006 0.0166
3195.51543 17.3993 0.0164
3196.51379 17.3854 0.0245
3197.74952 17.4024 0.0166
3199.54946 17.3821 0.0179
3202.60932 17.3618 0.0177
3203.55337 17.4145 0.0141
3205.54989 17.3752 0.0166
3206.53190 17.4027 0.0153
3207.53492 17.4158 0.0221
3210.76250 17.3544 0.0178
3211.52133 17.4075 0.0176
3212.51629 17.3774 0.0224
3217.52674 17.3622 0.0171
3218.52416 17.3656 0.0198
3223.51554 17.3937 0.0211
3224.53096 17.4009 0.0161
3226.48590 17.3984 0.0204
3229.49446 17.3918 0.0149
3230.53444 17.4008 0.0155
3239.64306 17.3569 0.0178
3241.53044 17.3511 0.0192
3244.62897 17.3356 0.0291
3246.53110 17.3480 0.0182
3248.53873 17.3677 0.0185
3250.52366 17.3902 0.0179
3251.66737 17.3585 0.0183
3254.52595 17.3682 0.0191
3257.66342 17.3709 0.0162
3262.50704 17.3336 0.0219
3264.51459 17.3611 0.0185
3265.48577 17.3584 0.0232
3265.63025 17.3730 0.0199
3266.48845 17.3540 0.0213
3266.61471 17.4086 0.0240
3267.51676 17.3928 0.0194
3268.52382 17.3483 0.0179
3268.62630 17.3933 0.0177
3270.50830 17.3879 0.0327
3270.55515 17.3821 0.0325
3273.57360 17.3474 0.0237
3277.56394 17.3423 0.0186
3279.55852 17.3378 0.0195
3285.48149 17.3363 0.0328
3287.48277 17.3533 0.0268
3291.54125 17.3026 0.0195
3431.88098 16.9963 0.0118
3438.87920 16.9925 0.0119
3444.81581 16.9877 0.0099
3446.84078 16.9937 0.0125
3448.87043 16.9954 0.0101
3450.90945 17.0195 0.0112
3454.81631 16.9858 0.0189
3456.82393 17.0016 0.0116
3467.76231 16.9940 0.0123
3469.89778 16.9764 0.0096
3471.77445 17.0217 0.0160
3473.92846 16.9754 0.0143
3477.88768 17.0066 0.0112
3480.68650 16.9921 0.0103
3483.68136 16.9897 0.0119
3496.88526 16.9706 0.0139
3497.64856 16.9568 0.0147
3499.69090 16.9510 0.0094
3500.87748 16.9734 0.0110
3501.68245 16.9726 0.0123
3502.83937 16.9821 0.0108
3503.84102 16.9784 0.0108
3504.67306 16.9652 0.0123
3508.69095 16.9805 0.0148
3509.82697 16.9486 0.0101
3511.71405 16.9652 0.0121
3512.66518 16.9776 0.0133
3520.56538 16.9714 0.0141
3521.81615 16.9393 0.0114
3522.81167 16.9537 0.0118
3523.63467 16.9323 0.0109
3524.61884 17.0044 0.0095
3525.85022 16.9445 0.0108
3526.88336 16.9258 0.0123
3527.79647 16.9614 0.0117
3528.62685 16.9624 0.0107
3529.58406 16.9205 0.0102
3530.71865 16.9457 0.0089
3538.78689 16.9338 0.0102
3544.68118 16.9291 0.0137
3547.72582 16.9115 0.0132
3550.70152 16.9196 0.0088
3551.81408 16.9427 0.0126
3553.61681 16.9406 0.0120
3554.57227 16.9141 0.0148
3556.58081 16.9193 0.0120
3558.55067 16.9283 0.0124
3559.76728 16.8954 0.0091
3560.73532 16.9405 0.0109
3561.69988 16.9097 0.0091
3562.76347 16.9133 0.0101
3563.51289 16.9186 0.0112
3564.71669 16.9185 0.0132
3569.80031 16.9386 0.0147
3571.70190 16.8931 0.0191
3571.74184 16.9360 0.0238
3572.79793 16.9474 0.0165
3573.47266 16.9314 0.0187
3573.49962 16.9624 0.0186
3573.60881 16.9007 0.0129
3573.65452 16.9306 0.0112
3573.67514 16.9435 0.0115
3573.69858 16.9321 0.0104
3573.71996 16.9295 0.0110
3573.74994 16.9182 0.0120
3573.77206 16.9448 0.0125
3573.80341 16.9238 0.0169
3574.46928 16.9477 0.0141
3574.51789 16.9555 0.0105
3574.56210 16.9543 0.0113
3574.78377 16.9457 0.0123
3575.46445 16.9420 0.0161
3575.55060 16.9240 0.0096
3575.75727 16.9466 0.0112
3576.46715 16.9451 0.0126
3576.50879 16.9329 0.0112
3576.65507 16.9430 0.0107
3576.73943 16.9287 0.0120
3577.52067 16.9242 0.0096
3577.56123 16.9404 0.0104
3577.63484 16.9134 0.0105
3577.72275 16.9241 0.0098
3578.47145 16.9082 0.0110
3578.53455 16.9374 0.0090
3579.49291 16.9352 0.0101
3580.50860 16.9237 0.0105
3581.53832 16.9405 0.0106
3582.49710 16.9387 0.0115
3583.53677 16.9381 0.0105
3584.52293 16.9340 0.0099
3585.51352 16.9604 0.0098
3586.57187 16.9577 0.0100
3587.62790 16.9696 0.0136
3588.56444 16.9485 0.0092
3589.52320 16.9721 0.0102
3590.50324 16.9760 0.0100
3591.54812 16.9653 0.0097
3592.51452 16.9489 0.0110
3593.61008 16.9570 0.0107
3594.54539 16.9621 0.0101
3600.51159 16.9890 0.0202
3601.47459 16.9822 0.0128
3602.49964 16.9975 0.0136
3603.49364 16.9733 0.0137
3607.50977 16.9863 0.0106
3608.50134 16.9918 0.0131
3617.55488 17.0274 0.0138
3620.65854 17.0277 0.0115
3629.64286 17.0483 0.0176
3632.52909 17.0515 0.0143
3634.59237 17.0953 0.0129
3640.57284 17.1366 0.0127
3646.50038 17.1164 0.0168
3651.49199 17.1539 0.0191
3653.51988 17.1504 0.0193
3773.87644 17.3795 0.0200
3779.88168 17.3999 0.0202
3786.83278 17.3869 0.0183
3790.83364 17.4063 0.0196
3793.82366 17.3899 0.0160
3795.81335 17.4015 0.0188
3797.80858 17.4108 0.0167
3798.85674 17.3865 0.0147
3800.90390 17.3762 0.0183
3802.89764 17.4384 0.0173
3804.81213 17.3675 0.0176
3805.84958 17.3789 0.0156
3806.84610 17.4001 0.0157
3808.81928 17.4083 0.0152
3809.82294 17.4001 0.0154
3810.87095 17.4215 0.0163
3811.89817 17.4039 0.0163
3813.88388 17.3818 0.0166
3814.88139 17.4065 0.0170
3818.79121 17.3955 0.0138
3819.85491 17.4221 0.0135
3820.81865 17.3913 0.0137
3821.82293 17.3966 0.0138
3822.86934 17.4049 0.0148
3823.83308 17.4123 0.0132
3824.83480 17.3890 0.0173
3825.85661 17.4253 0.0147
3826.83452 17.3639 0.0156
3827.85741 17.3910 0.0138
3828.83296 17.4300 0.0175
3829.81116 17.4161 0.0139
3830.80077 17.4249 0.0166
3832.79513 17.3773 0.0143
3832.83132 17.4287 0.0140
3833.70170 17.4397 0.0167
3834.84369 17.4020 0.0143
3835.79411 17.4060 0.0141
3836.79218 17.3918 0.0160
3837.78905 17.4224 0.0159
3838.79322 17.3989 0.0201
3839.78918 17.4126 0.0167
3840.79629 17.4130 0.0159
3841.77438 17.4266 0.0171
3845.77268 17.4200 0.0204
3846.77978 17.4243 0.0151
3847.85545 17.4221 0.0194
3848.80341 17.4111 0.0149
3849.81036 17.4242 0.0155
3850.74949 17.4253 0.0151
3851.75941 17.4206 0.0150
3852.74790 17.3938 0.0163
3853.74067 17.4083 0.0124
3856.72956 17.4331 0.0158
3858.78969 17.4524 0.0160
3859.68690 17.3942 0.0183
3860.87985 17.4652 0.0198
3861.72170 17.4115 0.0165
3862.73510 17.4073 0.0143
3863.74859 17.4249 0.0137
3864.73989 17.4417 0.0142
3865.62528 17.4219 0.0164
3866.62552 17.4337 0.0175
3867.77819 17.4377 0.0170
3868.62670 17.4488 0.0214
3869.79080 17.4361 0.0219
3873.61144 17.4452 0.0181
3874.83469 17.4331 0.0159
3875.60607 17.4120 0.0141
3876.71389 17.4651 0.0126
3877.60064 17.4163 0.0142
3880.70751 17.3804 0.0147
3881.71217 17.4057 0.0150
3882.64717 17.4100 0.0139
3883.69977 17.4166 0.0138
3886.65851 17.4167 0.0150
3887.65410 17.3976 0.0137
3889.80880 17.4089 0.0157
3890.59944 17.4175 0.0163
3891.73214 17.4368 0.0171
3892.78501 17.3995 0.0146
3893.68313 17.4304 0.0180
3894.73067 17.4360 0.0167
3896.67292 17.4219 0.0198
3900.58338 17.3877 0.0170
3901.60358 17.4095 0.0167
3902.61817 17.3922 0.0139
3903.71395 17.4257 0.0165
3904.60118 17.3985 0.0139
3905.60142 17.4157 0.0136
3906.58950 17.4287 0.0169
3907.64632 17.4265 0.0218
3908.57947 17.4057 0.0144
3909.58554 17.4278 0.0140
3910.64071 17.4409 0.0147
3912.58695 17.4253 0.0133
3913.58446 17.4154 0.0133
3914.60241 17.4197 0.0151
3915.58233 17.4504 0.0164
3916.63352 17.4138 0.0150
3917.67394 17.4321 0.0166
3918.67276 17.4084 0.0149
3919.61377 17.4542 0.0170
3920.56573 17.4512 0.0157
3920.84332 17.4260 0.0165
3921.57783 17.4198 0.0218
3930.61870 17.4399 0.0182
3931.56386 17.4507 0.0185
3931.70146 17.3880 0.0149
3932.65435 17.4429 0.0151
3933.56797 17.4160 0.0143
3934.53870 17.4126 0.0167
3935.61688 17.4327 0.0150
3936.53917 17.4074 0.0158
3937.61478 17.4150 0.0154
3938.54782 17.4143 0.0177
3940.68389 17.4207 0.0128
3944.61885 17.4146 0.0143
3945.56922 17.3932 0.0150
3946.56641 17.3769 0.0172
3950.56988 17.4290 0.0152
3951.57857 17.4019 0.0180
3956.61568 17.3962 0.0196
3957.55332 17.4242 0.0198
3958.62577 17.4218 0.0199
3959.56599 17.4171 0.0172
3960.54367 17.4264 0.0146
3961.61886 17.4341 0.0233
3963.58882 17.4114 0.0145
3964.57858 17.4347 0.0143
3965.57215 17.3842 0.0131
3966.56002 17.4045 0.0147
3967.59249 17.4343 0.0183
3968.54660 17.4462 0.0172
3969.55398 17.4261 0.0149
3970.55888 17.4175 0.0170
3971.59889 17.4514 0.0180
3973.62862 17.4489 0.0164
3974.56102 17.4397 0.0207
3975.55600 17.4117 0.0151
3976.55351 17.4578 0.0147
3979.56814 17.4402 0.0190
3982.48710 17.3630 0.0319
3986.63007 17.4006 0.0214
3987.55008 17.4375 0.0166
3988.56299 17.4659 0.0144
3989.63275 17.4287 0.0237
3991.52582 17.4723 0.0219
3994.59437 17.4663 0.0211
3995.62205 17.3944 0.0130
3999.52853 17.4333 0.0184
4001.55193 17.4539 0.0172
4002.54864 17.4270 0.0145
4004.57150 17.4251 0.0181
4005.58697 17.4239 0.0167
4006.57266 17.3919 0.0168
4011.48970 17.4777 0.0211
4012.57655 17.4675 0.0246
4015.51629 17.4031 0.0231
4017.49091 17.4312 0.0181
4019.49517 17.4452 0.0197
4021.50110 17.4458 0.0265
4024.53073 17.4112 0.0181
4026.52626 17.4126 0.0170
4028.54235 17.4315 0.0193
4031.54230 17.4492 0.0260
4145.88188 17.4559 0.0276
4151.84141 17.4133 0.0216
4154.85104 17.4441 0.0179
4157.82133 17.4535 0.0187
4159.83766 17.4405 0.0197
4161.89127 17.4600 0.0208
4163.90723 17.4364 0.0213
4166.83966 17.4106 0.0247
4168.87459 17.4347 0.0201
4170.89166 17.4454 0.0204
4175.90396 17.4339 0.0169
4177.80153 17.4265 0.0190
4178.85483 17.4331 0.0187
4179.89456 17.4346 0.0182
4181.83135 17.4251 0.0169
4182.87971 17.4464 0.0169
4183.91200 17.4318 0.0170
4184.77104 17.4320 0.0165
4185.88965 17.4260 0.0184
4190.77630 17.4505 0.0204
4191.87593 17.4492 0.0229
4192.79457 17.4599 0.0227
4193.81300 17.4144 0.0191
4194.83452 17.4455 0.0172
4196.82300 17.4162 0.0185
4202.80453 17.4293 0.0162
4203.79260 17.4139 0.0159
4204.78472 17.4253 0.0165
4205.78306 17.4561 0.0170
4207.77944 17.4224 0.0171
4208.77644 17.4345 0.0160
4213.78367 17.4516 0.0174
4215.79013 17.4249 0.0184
4216.74788 17.4322 0.0168
4217.75547 17.4337 0.0152
4218.80744 17.4364 0.0206
4219.83029 17.4457 0.0196
4220.76556 17.4555 0.0182
4222.73714 17.4531 0.0213
4224.83663 17.4397 0.0222
4228.73495 17.4170 0.0188
4229.71928 17.4290 0.0176
4230.70913 17.4682 0.0196
4231.69139 17.4515 0.0156
4232.70360 17.4249 0.0213
4233.88470 17.4800 0.0224
4234.86770 17.4474 0.0183
4235.66517 17.4381 0.0180
4235.93942 17.4580 0.0241
4238.73473 17.4138 0.0182
4239.68534 17.4266 0.0161
4240.73172 17.4411 0.0161
4242.66465 17.4220 0.0238
4244.66270 17.4525 0.0198
4245.65602 17.4580 0.0168
4246.71483 17.4303 0.0174
4247.74167 17.4393 0.0186
4250.77873 17.4526 0.0223
4256.57161 17.4475 0.0252
4258.57853 17.4056 0.0218
4267.54803 17.4654 0.0218
4268.78418 17.4326 0.0173
4269.53104 17.4698 0.0276
4272.55446 17.4421 0.0171
4273.75302 17.4343 0.0176
4274.61246 17.4291 0.0205
4275.64530 17.4158 0.0199
4276.73765 17.4576 0.0249
4277.66107 17.4324 0.0185
4278.61847 17.4390 0.0224
4283.55609 17.4677 0.0222
4284.54792 17.4535 0.0206
4285.55132 17.4772 0.0214
4286.55083 17.4383 0.0259
4289.56462 17.4499 0.0225
4290.60813 17.4407 0.0191
4291.66848 17.4286 0.0168
4291.75184 17.4464 0.0200
4292.46359 17.4540 0.0259
4292.53321 17.4467 0.0169
4293.53947 17.4498 0.0169
4294.53251 17.4511 0.0175
4295.54680 17.4285 0.0179
4295.80036 17.4523 0.0176
4296.53697 17.4405 0.0170
4297.66055 17.4439 0.0180
4298.49974 17.4458 0.0202
4299.48144 17.4434 0.0190
4300.57821 17.4437 0.0170
4301.75945 17.4363 0.0163
4302.71570 17.4229 0.0180
4303.72397 17.4325 0.0194
4304.49548 17.5157 0.0308
4307.69527 17.4510 0.0203
4310.66212 17.4240 0.0254
4312.57080 17.4458 0.0211
4315.57817 17.4075 0.0180
4316.66097 17.4298 0.0219
4317.58476 17.4395 0.0182
4319.56160 17.3968 0.0197
4320.64837 17.4567 0.0190
4326.57955 17.4409 0.0178
4327.53739 17.4497 0.0212
4328.54308 17.4254 0.0161
4329.48036 17.4530 0.0217
4330.54914 17.4428 0.0164
4331.54486 17.4445 0.0186
4332.55882 17.4271 0.0167
4333.47986 17.4098 0.0236
4338.54655 17.4200 0.0221
4338.62936 17.4573 0.0226
4339.54270 17.4280 0.0174
4339.59858 17.4301 0.0196
4340.48123 17.4589 0.0260
4340.50408 17.4595 0.0265
4340.53341 17.4473 0.0265
4340.55959 17.4467 0.0257
4340.58443 17.4537 0.0224
4340.62156 17.4523 0.0214
4340.65466 17.4227 0.0201
4340.69562 17.3947 0.0251
4341.54714 17.4397 0.0210
4341.67308 17.4501 0.0313
4342.58321 17.4463 0.0185
4343.56272 17.4410 0.0166
4344.59282 17.4447 0.0210
4345.55892 17.4408 0.0172
4346.56451 17.4296 0.0237
4347.57843 17.4149 0.0198
4349.54712 17.4380 0.0163
4350.60494 17.4520 0.0175
4351.55245 17.4483 0.0167
4353.56897 17.4578 0.0210
4354.58830 17.4426 0.0191
4355.60467 17.4457 0.0217
4356.55325 17.4077 0.0176
4358.57244 17.4393 0.0194
4361.59856 17.4233 0.0236
4367.56277 17.4668 0.0227
4371.56193 17.4565 0.0195
4377.52740 17.4255 0.0186
4380.60685 17.4261 0.0213
4383.60236 17.4681 0.0279
4393.57490 17.4625 0.0219
4505.86467 17.4381 0.0205
4508.85681 17.4357 0.0160
4511.89433 17.4578 0.0209
4514.85515 17.4454 0.0228
4518.84477 17.4582 0.0243
4521.87662 17.4512 0.0189
4523.81748 17.4222 0.0224
4525.80957 17.4522 0.0318
4531.82546 17.4412 0.0207
4534.78599 17.4464 0.0249
4536.86584 17.4329 0.0176
4538.78676 17.4407 0.0191
4539.90025 17.4327 0.0165
4540.77103 17.4498 0.0167
4541.86802 17.4545 0.0167
4542.83145 17.4877 0.0212
4544.91695 17.4729 0.0267
4545.90361 17.4311 0.0170
4546.82940 17.4380 0.0202
4547.84886 17.4238 0.0177
4548.91465 17.4799 0.0261
4550.91046 17.4548 0.0189
4551.83058 17.4536 0.0186
4556.80319 17.4434 0.0156
4557.82618 17.4559 0.0189
4558.79484 17.4251 0.0157
4559.79343 17.4601 0.0178
4560.79382 17.4736 0.0169
4561.78273 17.4495 0.0156
4564.78691 17.4384 0.0148
4565.77150 17.4539 0.0147
4566.77235 17.4372 0.0159
4567.77128 17.4544 0.0168
4568.80021 17.4829 0.0155
4569.79052 17.4355 0.0166
4570.78090 17.4362 0.0158
4571.77157 17.4198 0.0194
4572.79476 17.4389 0.0200
4573.78239 17.4147 0.0161
4574.78473 17.4468 0.0192
4575.79352 17.4453 0.0192
4577.88250 17.4519 0.0196
4578.83614 17.4449 0.0250
4583.78829 17.4192 0.0217
4585.69927 17.4455 0.0209
4586.90433 17.4149 0.0182
4587.65739 17.4637 0.0226
4588.63732 17.4358 0.0200
4589.80105 17.4511 0.0187
4590.63816 17.4168 0.0245
4591.79703 17.4500 0.0165
4592.70875 17.4610 0.0184
4593.69777 17.4949 0.0177
4594.71904 17.4514 0.0173
4595.71133 17.4413 0.0165
4596.70334 17.4470 0.0163
4597.72802 17.4709 0.0176
4598.70404 17.4558 0.0142
4599.67658 17.4748 0.0187
4600.68895 17.4682 0.0148
4601.69161 17.4374 0.0148
4602.68397 17.4320 0.0175
4602.70675 17.4790 0.0165
4602.74112 17.4544 0.0153
4602.77827 17.4427 0.0154
4602.81304 17.4467 0.0158
4602.86559 17.4247 0.0147
4602.90337 17.4421 0.0161
4603.90700 17.4428 0.0174
4603.92994 17.4348 0.0190
4606.69192 17.4166 0.0180
4610.79525 17.4871 0.0226
4611.67089 17.4296 0.0183
4611.86175 17.4552 0.0186
4612.69531 17.4639 0.0179
4615.83783 17.4229 0.0222
4616.65374 17.4292 0.0160
4617.75342 17.4632 0.0175
4618.69470 17.4469 0.0171
4622.57606 17.4765 0.0241
4622.85343 17.4264 0.0197
4623.71503 17.4259 0.0167
4624.65151 17.4579 0.0208
4625.63944 17.4595 0.0214
4626.67183 17.4428 0.0204
4627.61073 17.4249 0.0177
4627.67274 17.4390 0.0149
4627.93402 17.4330 0.0173
4628.61273 17.4529 0.0175
4629.67749 17.4398 0.0157
4630.61098 17.4573 0.0175
4631.63597 17.4563 0.0156
4632.62276 17.4414 0.0171
4632.65126 17.4253 0.0160
4632.69535 17.4517 0.0163
4632.72081 17.4366 0.0169
4632.74483 17.4324 0.0171
4632.79008 17.4319 0.0169
4632.83643 17.4510 0.0186
4633.61638 17.4736 0.0178
4638.80024 17.4321 0.0183
4639.62129 17.4660 0.0192
4640.63821 17.4573 0.0200
4641.72071 17.4542 0.0180
4642.63675 17.4341 0.0162
4643.60291 17.4304 0.0202
4644.66428 17.4452 0.0177
4645.57672 17.4429 0.0200
4646.57323 17.4439 0.0160
4647.56687 17.4307 0.0201
4648.57127 17.4873 0.0192
4649.57339 17.4262 0.0173
4650.60605 17.4496 0.0189
4651.57755 17.4352 0.0187
4651.63582 17.4205 0.0175
4652.55036 17.4512 0.0199
4653.54432 17.4644 0.0224
4653.75571 17.4525 0.0200
4654.52962 17.4440 0.0198
4654.58351 17.4331 0.0183
4655.47088 17.4413 0.0223
4655.54413 17.4279 0.0194
4655.80414 17.4389 0.0200
4656.54609 17.4659 0.0180
4658.72744 17.4474 0.0219
4660.65754 17.4154 0.0193
4661.53415 17.4578 0.0196
4665.70192 17.4357 0.0204
4666.60720 17.4516 0.0193
4670.67211 17.4384 0.0182
4671.71931 17.4451 0.0173
4672.55308 17.4291 0.0160
4674.55900 17.4410 0.0186
4677.53561 17.4485 0.0187
4678.65183 17.4733 0.0152
4681.48168 17.4622 0.0181
4682.52530 17.4469 0.0178
4683.56382 17.4434 0.0197
4684.58307 17.4579 0.0185
4685.54749 17.4291 0.0184
4686.54846 17.4387 0.0178
4687.54847 17.4493 0.0181
4688.54173 17.4285 0.0173
4694.49161 17.4560 0.0256
4697.54526 17.4375 0.0184
4698.55412 17.4425 0.0165
4699.56621 17.4263 0.0190
4700.56672 17.4775 0.0180
4701.54961 17.4523 0.0211
4702.56451 17.4440 0.0185
4703.63189 17.4388 0.0199
4705.61584 17.4423 0.0199
4707.66104 17.4423 0.0184
4709.55980 17.4388 0.0232
4710.60035 17.4502 0.0189
4716.63263 17.4693 0.0376
4721.55057 17.4620 0.0240
4724.55743 17.4603 0.0199
4725.58501 17.4817 0.0246
4730.61951 17.4655 0.0214
4734.60121 17.4764 0.0181
4743.59370 17.4528 0.0263
4748.53732 17.4225 0.0248
4754.51271 17.4958 0.0253
4759.54333 17.4667 0.0275
4874.87174 17.4402 0.0197
4878.83178 17.4421 0.0218
4884.89879 17.4428 0.0198
4887.87118 17.4420 0.0144
4891.82772 17.4409 0.0217
4897.81706 17.4443 0.0172
4899.91244 17.4622 0.0262
4900.82365 17.5038 0.0196
4902.80068 17.4511 0.0188
4904.82900 17.4727 0.0168
4906.85141 17.4553 0.0220
4910.85806 17.4228 0.0165
4912.91338 17.4428 0.0171
4914.82274 17.4207 0.0164
4919.73944 17.4142 0.0158
4925.74238 17.4439 0.0150
4927.76874 17.4703 0.0190
4929.75804 17.4030 0.0201
4930.89732 17.4860 0.0201
4931.74210 17.4519 0.0195
4932.87504 17.4517 0.0170
4933.86976 17.4240 0.0189
4938.73926 17.4623 0.0166
4939.76229 17.4759 0.0193
4941.71869 17.4477 0.0165
4942.82312 17.4415 0.0157
4943.83161 17.4635 0.0165
4943.83779 17.4319 0.0156
4944.84703 17.4213 0.0136
4945.74058 17.4165 0.0152
4950.82275 17.4767 0.0163
4953.70535 17.4559 0.0174
4954.69951 17.4427 0.0164
4955.70647 17.4562 0.0167
4955.81796 17.4611 0.0187
