2452124.71829 17.6749  0.0805 5.18 8773.0  518.22  294.99
2452128.68925 17.5178  0.0219 4.93  806.0  518.22  294.99
2452131.60708 17.5030  0.0215 4.65  804.0  518.22  294.99
2452135.57284 17.5233  0.0180 3.88  679.0  518.22  294.99
2452140.55655 17.5151  0.0235 5.79  647.0  518.22  294.99
2452143.66538 17.5214  0.0184 4.02  607.0  518.22  294.99
2452162.63375 17.4989  0.0230 5.94  612.0  518.22  294.99
2452170.54020 17.4970  0.0194 4.26  739.0  518.22  294.99
2452173.61383 17.5246  0.0199 5.17  556.0  518.22  294.99
2452185.49195 17.5548  0.0269 5.36 1002.0  518.22  294.99
2452200.51718 17.5317  0.0281 4.78 1260.0  518.22  294.99
2452328.82967 17.4928  0.0218 4.24  927.0  518.22  294.99
2452344.88317 17.4822  0.0181 4.20  702.0  518.22  294.99
2452351.84508 17.4917  0.0205 4.86  721.0  518.22  294.99
2452360.85386 17.5010  0.0194 4.09  881.0  518.22  294.99
2452371.82840 17.4873  0.0190 4.37  707.0  518.22  294.99
2452381.83571 17.4889  0.0177 3.89  638.0  518.22  294.99
2452385.85600 17.4965  0.0192 4.05  748.0  518.22  294.99
2452389.85345 17.4957  0.0211 4.53  875.0  518.22  294.99
2452391.75300 17.4753  0.0314 5.97 1275.0  518.22  294.99
2452400.74206 17.5111  0.0207 4.20  755.0  518.22  294.99
2452400.76953 17.4943  0.0199 4.18  740.0  518.22  294.99
2452402.85457 17.5101  0.0207 4.20  853.0  518.22  294.99
2452404.90516 17.5123  0.0194 4.17  815.0  518.22  294.99
2452406.89194 17.5171  0.0220 4.59  808.0  518.22  294.99
2452414.81597 17.4853  0.0207 4.92  714.0  518.22  294.99
2452416.71299 17.5291  0.0211 4.44  727.0  518.22  294.99
2452424.77076 17.5102  0.0187 3.78  743.0  518.22  294.99
2452426.71384 17.4553  0.0207 4.64  987.0  518.22  294.99
2452428.80008 17.5415  0.0248 6.14  642.0  518.22  294.99
2452431.73273 17.4996  0.0207 5.03  746.0  518.22  294.99
2452433.70624 17.5130  0.0216 4.67  728.0  518.22  294.99
2452435.65910 17.4916  0.0175 3.88  824.0  518.22  294.99
2452437.71155 17.4829  0.0253 6.09  722.0  518.22  294.99
2452439.63276 17.4995  0.0186 4.68  723.0  518.22  294.99
2452441.63123 17.5176  0.0191 4.46  635.0  518.22  294.99
2452444.62926 17.4992  0.0199 4.21  717.0  518.22  294.99
2452446.72864 17.5050  0.0224 4.24  878.0  518.22  294.99
2452452.64021 17.5139  0.0263 5.37  911.0  518.22  294.99
2452458.77627 17.5067  0.0218 5.49  591.0  518.22  294.99
2452462.63612 17.4905  0.0177 4.19  553.0  518.22  294.99
2452464.59451 17.5089  0.0197 4.26  670.0  518.22  294.99
2452467.48736 17.4930  0.0223 4.67  915.0  518.22  294.99
2452469.49705 17.5264  0.0187 3.29  858.0  518.22  294.99
2452471.73259 17.4923  0.0168 3.67  624.0  518.22  294.99
2452473.48526 17.5539  0.0267 4.77 1082.0  518.22  294.99
2452483.56541 17.5044  0.0205 4.62  734.0  518.22  294.99
2452486.53385 17.5526  0.0301 7.14  661.0  518.22  294.99
2452490.51654 17.5279  0.0265 6.09  716.0  518.22  294.99
2452492.75532 17.5037  0.0306 6.54  970.0  518.22  294.99
2452495.54704 17.5247  0.0215 4.72  787.0  518.22  294.99
2452497.60515 17.5116  0.0176 3.47  608.0  518.22  294.99
2452499.65126 17.4937  0.0185 3.94  657.0  518.22  294.99
2452501.66944 17.5146  0.0190 3.93  705.0  518.22  294.99
2452503.61619 17.3589  0.0495 4.62 6935.0  518.22  294.99
2452508.48798 17.5123  0.0212 4.26 1134.0  518.22  294.99
2452511.66262 17.5325  0.0255 5.00  964.0  518.22  294.99
2452518.58143 17.5222  0.0236 5.39  670.0  518.22  294.99
2452521.59507 17.5173  0.0210 4.45  710.0  518.22  294.99
2452535.52459 17.5029  0.0295 6.11  962.0  518.22  294.99
2452541.49992 17.5186  0.0190 3.53  843.0  518.22  294.99
2452546.54194 17.5079  0.0241 4.53  935.0  518.22  294.99
2452555.54951 17.4884  0.0242 5.03  873.0  518.22  294.99
2452562.50262 17.4986  0.0252 4.55 1218.0  518.22  294.99
2452572.48602 17.4574  0.0499 6.00 3738.0  518.22  294.99
2452703.90673 17.5025  0.0221 4.60  883.0  518.22  294.99
2452712.91018 17.5223  0.0263 5.67  897.0  518.22  294.99
2452727.86924 17.4975  0.0179 3.88  755.0  518.22  294.99
2452732.88708 17.4951  0.0213 5.09  683.0  518.22  294.99
2452743.87445 17.4935  0.0174 3.75  656.0  518.22  294.99
2452752.78791 17.5074  0.0195 4.17  809.0  518.22  294.99
2452755.89721 17.5210  0.0205 4.58  767.0  518.22  294.99
2452759.88882 17.4895  0.0193 4.45  872.0  518.22  294.99
2452765.91559 17.4901  0.0202 4.23  860.0  518.22  294.99
2452770.64468 17.4946  0.0281 5.85 1000.0  518.22  294.99
2452782.88547 17.5250  0.0273 6.04  886.0  518.22  294.99
2452784.82754 17.5005  0.0190 3.58  749.0  518.22  294.99
2452786.71735 17.4975  0.0235 5.05  882.0  518.22  294.99
2452789.58793 17.5022  0.0225 4.30  926.0  518.22  294.99
2452791.54735 17.5662  0.0269 5.60  858.0  518.22  294.99
2452794.70857 17.4842  0.0201 5.59  656.0  518.22  294.99
2452796.64989 17.4967  0.0170 3.37  623.0  518.22  294.99
2452802.69961 17.5303  0.0274 5.58  977.0  518.22  294.99
2452808.74627 17.5039  0.0227 4.48  948.0  518.22  294.99
2452810.66829 17.5038  0.0194 3.76  784.0  518.22  294.99
2452812.64204 17.5119  0.0185 3.88  761.0  518.22  294.99
2452813.73428 17.4969  0.0207 4.56  612.0  518.22  294.99
2452815.67049 17.5180  0.0204 4.63  684.0  518.22  294.99
2452816.80566 17.5243  0.0210 4.37  790.0  518.22  294.99
2452817.81492 17.4829  0.0235 4.98  867.0  518.22  294.99
2452819.60124 17.5017  0.0192 3.76  850.0  518.22  294.99
2452821.57915 17.5209  0.0220 4.82  715.0  518.22  294.99
2452830.61634 17.5468  0.0458 6.72 2401.0  518.22  294.99
2452835.54620 17.5030  0.0270 4.23 1547.0  518.22  294.99
2452836.77742 17.5134  0.0262 4.29 1537.0  518.22  294.99
2452838.67070 17.4844  0.0220 5.22  704.0  518.22  294.99
2452840.64642 17.5295  0.0188 4.11  592.0  518.22  294.99
2452842.66158 17.6172  0.0186 4.77  631.0  518.22  294.99
2452844.70966 17.5063  0.0189 3.90  721.0  518.22  294.99
2452849.60273 17.5367  0.0252 6.59  743.0  518.22  294.99
2452851.63895 17.4870  0.0209 4.89  697.0  518.22  294.99
2452853.64630 17.4997  0.0177 3.87  610.0  518.22  294.99
2452856.52396 17.4914  0.0234 5.26  787.0  518.22  294.99
2452858.50116 17.5024  0.0243 4.59 1372.0  518.22  294.99
2452859.52211 17.5000  0.0313 4.64 2224.0  518.22  294.99
2452860.65453 17.4922  0.0288 4.30 2242.0  518.22  294.99
2452863.64826 17.5286  0.0288 5.29 1231.0  518.22  294.99
2452867.60782 17.5151  0.0219 5.24  679.0  518.22  294.99
2452870.68592 17.5361  0.0230 4.43  866.0  518.22  294.99
2452876.66129 17.4961  0.0188 4.05  618.0  518.22  294.99
2452878.68191 17.5378  0.0193 4.52  797.0  518.22  294.99
2452882.55932 17.5334  0.0226 6.08  617.0  518.22  294.99
2452885.61501 17.5242  0.0356 6.49 1423.0  518.22  294.99
2452893.66924 17.4940  0.0200 3.52 1131.0  518.22  294.99
2452896.53959 17.5235  0.0211 4.21  818.0  518.22  294.99
2452901.54713 17.5713  0.0255 5.53  831.0  518.22  294.99
2452915.50731 17.5443  0.0436 4.75 3901.0  518.22  294.99
2452925.53354 17.5048  0.0211 4.22  909.0  518.22  294.99
2452935.54734 17.5154  0.0279 5.28 1053.0  518.22  294.99
2453049.84686 17.5047  0.0211 3.44 1273.0  518.22  294.99
2453057.87450 17.4938  0.0167 3.11  726.0  518.22  294.99
2453066.90665 17.4999  0.0244 4.42 1317.0  518.22  294.99
2453069.85931 17.5318  0.0199 4.07  726.0  518.22  294.99
2453071.86691 17.5023  0.0200 3.83  870.0  518.22  294.99
2453074.85464 17.4887  0.0179 3.67  743.0  518.22  294.99
2453076.90120 17.5012  0.0221 4.60  937.0  518.22  294.99
2453078.90692 17.5555  0.0394 4.60 3435.0  518.22  294.99
2453081.80662 17.5048  0.0183 3.82  731.0  518.22  294.99
2453084.74938 17.5060  0.0191 4.49  604.0  518.22  294.99
2453086.74763 17.4874  0.0168 3.57  646.0  518.22  294.99
2453088.75125 17.5241  0.0168 3.53  599.0  518.22  294.99
2453090.85082 17.5088  0.0183 4.24  552.0  518.22  294.99
2453092.82594 17.5162  0.0233 6.54  536.0  518.22  294.99
2453097.78872 17.5151  0.0208 4.46  805.0  518.22  294.99
2453099.78685 17.5169  0.0208 4.72  759.0  518.22  294.99
2453101.72516 17.5151  0.0313 6.03 1184.0  518.22  294.99
2453103.73398 17.5212  0.0242 4.53 1081.0  518.22  294.99
2453106.74696 17.4950  0.0289 3.41 2694.0  518.22  294.99
2453107.87066 17.4519  0.0228 4.57 1476.0  518.22  294.99
2453109.70497 17.5429  0.0190 3.90  714.0  518.22  294.99
2453110.71565 17.4997  0.0231 5.30  898.0  518.22  294.99
2453112.71612 17.5156  0.0189 4.34  631.0  518.22  294.99
2453113.75935 17.5039  0.0159 3.86  505.0  518.22  294.99
2453115.75801 17.5260  0.0178 4.00  670.0  518.22  294.99
2453118.79569 17.4079  0.0160 4.73  692.0  518.22  294.99
2453122.76758 17.5162  0.0225 5.92  621.0  518.22  294.99
2453125.74540 17.5322  0.0259 6.43  671.0  518.22  294.99
2453126.68307 17.5088  0.0189 4.16  704.0  518.22  294.99
2453127.68514 17.5165  0.0194 3.69  813.0  518.22  294.99
2453128.70355 17.5141  0.0188 3.58  866.0  518.22  294.99
2453129.68303 17.5110  0.0218 4.03 1027.0  518.22  294.99
2453130.84547 17.5187  0.0237 5.18 1326.0  518.22  294.99
2453131.84495 17.5210  0.0328 4.77 2867.0  518.22  294.99
2453134.65219 17.4817  0.0237 4.25 1200.0  518.22  294.99
2453135.71847 17.5048  0.0191 4.32  711.0  518.22  294.99
2453137.82648 17.4878  0.0215 5.44  984.0  518.22  294.99
2453139.71489 17.5086  0.0168 4.10  512.0  518.22  294.99
2453140.68183 17.4928  0.0179 3.58  709.0  518.22  294.99
2453141.84552 17.5072  0.0156 4.45  513.0  518.22  294.99
2453144.67853 17.5015  0.0181 4.77  521.0  518.22  294.99
2453146.63300 17.5152  0.0230 5.85  636.0  518.22  294.99
2453151.63448 17.5249  0.0255 6.20  706.0  518.22  294.99
2453152.64348 17.5329  0.0188 4.08  622.0  518.22  294.99
2453153.64572 17.5377  0.0221 5.33  672.0  518.22  294.99
2453154.72101 17.5629  0.0240 6.09  670.0  518.22  294.99
2453156.63602 17.5099  0.0206 4.28  911.0  518.22  294.99
2453158.67374 17.5536  0.0296 5.13 1550.0  518.22  294.99
2453162.68681 17.5029  0.0182 3.85  778.0  518.22  294.99
2453163.60499 17.5246  0.0184 3.86  597.0  518.22  294.99
2453163.92639 17.5152  0.0271 5.03 1379.0  518.22  294.99
2453164.59846 17.5130  0.0179 3.94  560.0  518.22  294.99
2453165.59818 17.5161  0.0183 4.41  588.0  518.22  294.99
2453167.83339 17.4834  0.0204 5.23  655.0  518.22  294.99
2453168.63925 17.4971  0.0176 5.04  510.0  518.22  294.99
2453169.60952 17.5166  0.0180 3.56  709.0  518.22  294.99
2453170.70441 17.5227  0.0148 4.42  498.0  518.22  294.99
2453171.62242 17.5260  0.0168 3.79  550.0  518.22  294.99
2453172.61207 17.5225  0.0168 3.89  554.0  518.22  294.99
2453174.59814 17.5148  0.0168 3.73  619.0  518.22  294.99
2453175.59939 17.4924  0.0176 3.55  762.0  518.22  294.99
2453176.62537 17.4456  0.0177 6.23  443.0  518.22  294.99
2453178.66122 17.4824  0.0221 5.78  696.0  518.22  294.99
2453179.69299 17.5165  0.0195 5.49  556.0  518.22  294.99
2453180.56018 17.5102  0.0178 3.75  676.0  518.22  294.99
2453182.59451 17.5751  0.0242 5.50  658.0  518.22  294.99
2453182.64157 17.5499  0.0224 5.80  590.0  518.22  294.99
2453183.56729 17.5035  0.0173 3.85  606.0  518.22  294.99
2453183.59740 17.5083  0.0171 4.35  527.0  518.22  294.99
2453184.57739 17.5043  0.0163 3.66  575.0  518.22  294.99
2453184.84784 17.5652  0.0254 5.35  798.0  518.22  294.99
2453185.66110 17.5085  0.0187 3.78  774.0  518.22  294.99
2453191.87678 17.5289  0.0323 6.18 1192.0  518.22  294.99
2453193.74828 17.5040  0.0251 6.88  564.0  518.22  294.99
2453194.72704 17.4979  0.0202 5.12  671.0  518.22  294.99
2453195.53269 17.5391  0.0185 3.92  685.0  518.22  294.99
2453196.53099 17.5079  0.0235 5.16  836.0  518.22  294.99
2453197.77128 17.5076  0.0210 4.98  705.0  518.22  294.99
2453199.57178 17.5491  0.0231 6.12  545.0  518.22  294.99
2453202.62671 17.4953  0.0215 5.97  648.0  518.22  294.99
2453203.57054 17.5131  0.0156 3.47  568.0  518.22  294.99
2453205.56719 17.5023  0.0153 4.02  462.0  518.22  294.99
2453206.54905 17.5027  0.0159 4.25  516.0  518.22  294.99
2453207.55212 17.5270  0.0259 7.29  566.0  518.22  294.99
2453210.77973 17.5571  0.0261 5.89  783.0  518.22  294.99
2453211.53848 17.5085  0.0180 5.04  587.0  518.22  294.99
2453212.53352 17.5357  0.0275 6.94  723.0  518.22  294.99
2453217.54391 17.5162  0.0185 3.29 1111.0  518.22  294.99
2453218.54132 17.5506  0.0232 4.48 1014.0  518.22  294.99
2453223.53266 17.5208  0.0245 6.69  712.0  518.22  294.99
2453224.54816 17.5313  0.0183 3.76  712.0  518.22  294.99
2453226.50308 17.5159  0.0203 5.26  572.0  518.22  294.99
2453229.51163 17.5053  0.0179 3.80  668.0  518.22  294.99
2453230.55192 17.5135  0.0194 4.87  619.0  518.22  294.99
2453241.54765 17.5296  0.0492 6.17 3069.0  518.22  294.99
2453244.64616 17.5281  0.0303 4.46 1944.0  518.22  294.99
2453246.54835 17.5595  0.0223 5.08  757.0  518.22  294.99
2453248.55596 17.5293  0.0239 5.70  686.0  518.22  294.99
2453250.54089 17.4982  0.0186 4.27  654.0  518.22  294.99
2453257.68507 17.5408  0.0229 5.49  664.0  518.22  294.99
2453262.52427 17.5441  0.0242 5.10  850.0  518.22  294.99
2453266.50563 17.5635  0.0280 6.67  734.0  518.22  294.99
2453268.54923 17.5012  0.0203 4.50  781.0  518.22  294.99
2453270.57387 17.4874  0.0391 5.64 2335.0  518.22  294.99
2453274.51967 17.5112  0.0239 5.41  856.0  518.22  294.99
2453277.59648 17.3961  0.0268 4.94 1311.0  518.22  294.99
2453279.57573 17.5500  0.0268 6.33  726.0  518.22  294.99
2453287.49994 17.5069  0.0239 6.58  699.0  518.22  294.99
2453306.53816 17.5479  0.0362 6.02 1650.0  518.22  294.99
2453310.53617 17.5702  0.0337 6.02 1439.0  518.22  294.99
2453431.89806 17.5064  0.0175 3.63  705.0  518.22  294.99
2453438.89620 17.4754  0.0182 4.69  615.0  518.22  294.99
2453444.83288 17.5219  0.0168 3.93  562.0  518.22  294.99
2453446.85783 17.5106  0.0217 5.94  568.0  518.22  294.99
2453448.89244 17.4968  0.0162 4.01  529.0  518.22  294.99
2453452.77634 17.5000  0.0182 4.24  653.0  518.22  294.99
2453454.83339 17.5078  0.0198 4.30  956.0  518.22  294.99
2453456.84103 17.5373  0.0177 3.68  784.0  518.22  294.99
2453467.84273 17.5046  0.0171 4.37  513.0  518.22  294.99
2453469.91490 17.5409  0.0160 3.77  592.0  518.22  294.99
2453471.79154 17.5401  0.0256 6.56  578.0  518.22  294.99
2453477.90494 17.5481  0.0178 4.16  523.0  518.22  294.99
2453480.70361 17.5061  0.0164 4.17  529.0  518.22  294.99
2453483.69855 17.4951  0.0188 3.66  943.0  518.22  294.99
2453496.90234 17.5021  0.0213 4.93  828.0  518.22  294.99
2453497.66571 17.5284  0.0241 5.67  752.0  518.22  294.99
2453497.77889 17.5312  0.0205 4.94  711.0  518.22  294.99
2453499.70922 17.5143  0.0145 3.71  498.0  518.22  294.99
2453500.89462 17.5433  0.0212 5.11  680.0  518.22  294.99
2453501.70116 17.4992  0.0203 5.12  656.0  518.22  294.99
2453502.85656 17.5204  0.0168 3.60  727.0  518.22  294.99
2453503.85818 17.5069  0.0148 3.97  593.0  518.22  294.99
2453504.69396 17.4723  0.0173 4.67  478.0  518.22  294.99
2453508.70808 17.5028  0.0229 5.78  694.0  518.22  294.99
2453509.84656 17.5088  0.0149 3.57  581.0  518.22  294.99
2453511.73113 17.5356  0.0192 4.40  689.0  518.22  294.99
2453512.68226 17.4962  0.0224 5.22  783.0  518.22  294.99
2453520.58249 17.5611  0.0208 4.31  796.0  518.22  294.99
2453521.83327 17.5092  0.0192 4.36  794.0  518.22  294.99
2453522.82876 17.5580  0.0198 4.61  678.0  518.22  294.99
2453523.65181 17.5113  0.0172 4.16  496.0  518.22  294.99
2453524.63599 17.4645  0.0175 4.87  476.0  518.22  294.99
2453525.86735 17.5056  0.0174 4.23  666.0  518.22  294.99
2453526.90044 17.4836  0.0188 4.41  694.0  518.22  294.99
2453527.81358 17.4912  0.0209 5.45  614.0  518.22  294.99
2453528.64388 17.5439  0.0172 4.00  502.0  518.22  294.99
2453529.60121 17.5433  0.0169 3.97  482.0  518.22  294.99
2453530.73596 17.5066  0.0143 3.31  516.0  518.22  294.99
2453530.77594 17.5170  0.0147 3.42  531.0  518.22  294.99
2453537.78423 17.5412  0.0161 4.52  483.0  518.22  294.99
2453538.74407 17.4742  0.0154 3.94  618.0  518.22  294.99
2453538.80404 17.5065  0.0164 4.08  587.0  518.22  294.99
2453539.55258 17.5143  0.0235 5.67  718.0  518.22  294.99
2453539.81836 17.5920  0.0171 3.78  819.0  518.22  294.99
2453540.51950 17.5357  0.0294 5.48 1240.0  518.22  294.99
2453540.79297 17.5429  0.0218 4.17 1223.0  518.22  294.99
2453540.83058 17.4735  0.0261 5.21 1279.0  518.22  294.99
2453540.88289 17.4655  0.0182 5.22  658.0  518.22  294.99
2453541.62111 17.5007  0.0194 4.16  879.0  518.22  294.99
2453544.71301 17.4595  0.0273 3.82 3026.0  518.22  294.99
2453547.74295 17.5133  0.0188 4.83  533.0  518.22  294.99
2453550.71871 17.5091  0.0159 4.01  572.0  518.22  294.99
2453551.83122 17.4972  0.0181 4.76  567.0  518.22  294.99
2453553.63395 17.5402  0.0236 6.07  545.0  518.22  294.99
2453554.59285 17.5429  0.0237 6.13  590.0  518.22  294.99
2453556.59788 17.5448  0.0194 5.14  511.0  518.22  294.99
2453558.56781 17.5055  0.0179 4.30  617.0  518.22  294.99
2453559.78445 17.4719  0.0165 4.31  543.0  518.22  294.99
2453560.75916 17.5269  0.0170 4.35  449.0  518.22  294.99
2453561.72605 17.4902  0.0152 3.73  480.0  518.22  294.99
2453562.78261 17.4924  0.0172 3.82  539.0  518.22  294.99
2453563.53008 17.5252  0.0179 4.23  540.0  518.22  294.99
2453569.81748 17.5664  0.0295 5.46 1104.0  518.22  294.99
2453573.52803 17.5042  0.0235 5.77  772.0  518.22  294.99
2453574.57932 17.5265  0.0210 5.31  643.0  518.22  294.99
2453575.56773 17.4947  0.0154 3.43  627.0  518.22  294.99
2453576.52598 17.5169  0.0171 3.91  601.0  518.22  294.99
2453577.57833 17.5005  0.0179 4.79  500.0  518.22  294.99
2453578.55167 17.5206  0.0156 3.98  425.0  518.22  294.99
2453579.51009 17.5081  0.0158 3.94  464.0  518.22  294.99
2453580.52569 17.4515  0.0174 4.63  575.0  518.22  294.99
2453581.55542 17.5055  0.0186 4.43  611.0  518.22  294.99
2453582.51421 17.5044  0.0183 4.61  574.0  518.22  294.99
2453583.55394 17.4969  0.0160 3.80  513.0  518.22  294.99
2453584.54014 17.4819  0.0148 3.71  460.0  518.22  294.99
2453585.53061 17.5067  0.0147 3.43  525.0  518.22  294.99
2453586.58919 17.4887  0.0150 3.76  479.0  518.22  294.99
2453587.64506 17.4841  0.0201 5.68  504.0  518.22  294.99
2453588.58158 17.5058  0.0147 3.84  534.0  518.22  294.99
2453589.54031 17.4803  0.0146 3.46  530.0  518.22  294.99
2453590.52039 17.4843  0.0154 3.73  505.0  518.22  294.99
2453591.56551 17.4089  0.0147 3.84  521.0  518.22  294.99
2453592.53874 17.5258  0.0163 3.84  512.0  518.22  294.99
2453593.62723 17.4750  0.0160 4.21  496.0  518.22  294.99
2453594.58353 17.4987  0.0145 3.78  460.0  518.22  294.99
2453594.66140 17.5246  0.0182 4.41  525.0  518.22  294.99
2453601.49175 17.4689  0.0181 3.89  897.0  518.22  294.99
2453602.51683 17.5173  0.0249 5.60  820.0  518.22  294.99
2453603.51080 17.4922  0.0214 5.59  599.0  518.22  294.99
2453607.52691 17.4744  0.0157 3.91  586.0  518.22  294.99
2453608.51862 17.4733  0.0195 5.33  563.0  518.22  294.99
2453617.57199 17.4767  0.0202 5.69  536.0  518.22  294.99
2453620.67565 17.4928  0.0171 4.47  528.0  518.22  294.99
2453632.54629 17.4431  0.0219 5.10  872.0  518.22  294.99
2453634.60953 17.4414  0.0214 5.60  662.0  518.22  294.99
2453640.59000 17.4467  0.0192 5.27  579.0  518.22  294.99
2453646.51750 17.4362  0.0225 5.96  696.0  518.22  294.99
2453651.50911 17.3781  0.0209 4.76 1061.0  518.22  294.99
2453653.53703 17.3998  0.0237 4.20 1606.0  518.22  294.99
2453774.84521 17.3627  0.0175 4.61  675.0  518.22  294.99
2453780.82968 17.3193  0.0219 5.26 1089.0  518.22  294.99
2453786.83858 17.3294  0.0174 4.17  886.0  518.22  294.99
2453790.83643 17.3285  0.0208 4.93 1038.0  518.22  294.99
2453793.82648 17.3402  0.0170 4.28  848.0  518.22  294.99
2453795.81614 17.3066  0.0172 4.61  764.0  518.22  294.99
2453797.81135 17.3234  0.0154 3.64  795.0  518.22  294.99
2453798.85956 17.2982  0.0147 4.17  595.0  518.22  294.99
2453800.90668 17.2829  0.0194 4.11 1334.0  518.22  294.99
2453802.90041 17.3072  0.0162 4.75  657.0  518.22  294.99
2453804.81492 17.2783  0.0154 4.46  547.0  518.22  294.99
2453805.85237 17.3000  0.0146 4.03  637.0  518.22  294.99
2453806.84892 17.2661  0.0154 4.90  644.0  518.22  294.99
2453807.90843 17.2105  0.0134 3.39  794.0  518.22  294.99
2453808.82207 17.2318  0.0133 3.45  809.0  518.22  294.99
2453809.82575 17.2157  0.0135 3.51  838.0  518.22  294.99
2453809.90174 17.2325  0.0142 3.76  839.0  518.22  294.99
2453810.77149 17.2280  0.0160 4.14  945.0  518.22  294.99
2453810.87375 17.2349  0.0142 3.83  855.0  518.22  294.99
2453811.90097 17.2066  0.0146 4.34  619.0  518.22  294.99
2453812.86071 17.2194  0.0172 5.02  768.0  518.22  294.99
2453812.87784 17.2267  0.0162 4.71  769.0  518.22  294.99
2453812.91290 17.2295  0.0171 4.05 1092.0  518.22  294.99
2453813.81939 17.1916  0.0134 3.78  756.0  518.22  294.99
2453813.88665 17.2299  0.0149 4.28  744.0  518.22  294.99
2453814.88419 17.1984  0.0151 4.41  765.0  518.22  294.99
2453815.80467 17.1751  0.0147 3.53 1004.0  518.22  294.99
2453817.81279 17.1601  0.0134 3.69  772.0  518.22  294.99
2453818.79401 17.1492  0.0120 3.36  637.0  518.22  294.99
2453819.85775 17.1436  0.0113 3.63  527.0  518.22  294.99
2453820.82145 17.1423  0.0121 3.81  496.0  518.22  294.99
2453821.82571 17.1406  0.0122 4.06  529.0  518.22  294.99
2453822.87214 17.1181  0.0129 4.46  587.0  518.22  294.99
2453823.83588 17.1226  0.0114 3.53  507.0  518.22  294.99
2453824.83762 17.0985  0.0167 6.10  622.0  518.22  294.99
2453825.85940 17.1130  0.0124 4.04  587.0  518.22  294.99
2453826.83731 17.1198  0.0127 4.30  557.0  518.22  294.99
2453827.86021 17.1208  0.0121 4.10  488.0  518.22  294.99
2453828.83574 17.0934  0.0134 4.94  522.0  518.22  294.99
2453829.81397 17.1266  0.0121 3.71  519.0  518.22  294.99
2453830.80354 17.0852  0.0124 3.92  641.0  518.22  294.99
2453832.79793 17.1110  0.0122 3.90  515.0  518.22  294.99
2453832.83411 17.1313  0.0125 4.20  529.0  518.22  294.99
2453833.70449 17.1132  0.0131 4.04  632.0  518.22  294.99
2453834.84649 17.1271  0.0119 3.65  560.0  518.22  294.99
2453835.79689 17.1539  0.0124 3.71  566.0  518.22  294.99
2453836.79499 17.1391  0.0136 4.02  730.0  518.22  294.99
2453837.79183 17.1480  0.0135 3.88  681.0  518.22  294.99
2453838.79602 17.1669  0.0163 4.86  732.0  518.22  294.99
2453839.80438 17.1752  0.0150 4.14  820.0  518.22  294.99
2453840.79908 17.1827  0.0140 3.72  803.0  518.22  294.99
2453841.77722 17.2023  0.0141 3.69  872.0  518.22  294.99
2453845.77593 17.2659  0.0189 5.79  647.0  518.22  294.99
2453846.78256 17.2855  0.0144 3.90  594.0  518.22  294.99
2453847.85825 17.2963  0.0174 5.01  654.0  518.22  294.99
2453848.80624 17.2809  0.0138 3.94  555.0  518.22  294.99
2453849.81319 17.2902  0.0150 3.97  592.0  518.22  294.99
2453850.75230 17.2926  0.0150 4.03  597.0  518.22  294.99
2453851.76220 17.3306  0.0152 4.39  515.0  518.22  294.99
2453852.75072 17.3241  0.0169 4.83  582.0  518.22  294.99
2453853.74351 17.3423  0.0122 3.17  473.0  518.22  294.99
2453856.73236 17.3802  0.0156 3.67  661.0  518.22  294.99
2453858.79251 17.3820  0.0164 4.72  484.0  518.22  294.99
2453860.88268 17.3807  0.0181 4.81  755.0  518.22  294.99
2453861.72451 17.4201  0.0170 4.44  586.0  518.22  294.99
2453862.73791 17.3814  0.0148 3.57  664.0  518.22  294.99
2453863.75302 17.4087  0.0146 3.38  592.0  518.22  294.99
2453864.74270 17.4169  0.0148 3.58  575.0  518.22  294.99
2453865.62809 17.3915  0.0164 3.66  827.0  518.22  294.99
2453866.63196 17.4281  0.0188 4.07  873.0  518.22  294.99
2453867.78102 17.4250  0.0174 3.78  820.0  518.22  294.99
2453868.63063 17.4524  0.0230 4.12 1236.0  518.22  294.99
2453869.79362 17.4235  0.0213 4.24 1291.0  518.22  294.99
2453873.61482 17.4159  0.0196 5.04  653.0  518.22  294.99
2453874.83751 17.4463  0.0171 4.40  643.0  518.22  294.99
2453875.60887 17.4673  0.0158 3.91  524.0  518.22  294.99
2453876.71673 17.4388  0.0143 4.34  488.0  518.22  294.99
2453877.60346 17.4623  0.0156 4.10  506.0  518.22  294.99
2453880.71033 17.4679  0.0174 4.80  526.0  518.22  294.99
2453881.71499 17.4819  0.0150 3.46  612.0  518.22  294.99
2453882.64999 17.4862  0.0156 3.60  548.0  518.22  294.99
2453883.70258 17.4606  0.0151 3.75  532.0  518.22  294.99
2453886.66132 17.4829  0.0168 4.54  521.0  518.22  294.99
2453887.65694 17.4755  0.0173 4.66  514.0  518.22  294.99
2453889.81163 17.4708  0.0175 4.71  588.0  518.22  294.99
2453890.60227 17.5129  0.0193 4.45  684.0  518.22  294.99
2453891.73501 17.5024  0.0192 5.34  543.0  518.22  294.99
2453892.79107 17.4475  0.0178 4.93  577.0  518.22  294.99
2453893.68903 17.4916  0.0206 5.73  515.0  518.22  294.99
2453894.73351 17.5373  0.0189 5.15  540.0  518.22  294.99
2453896.67574 17.4637  0.0221 5.26  901.0  518.22  294.99
2453900.58621 17.4905  0.0189 4.38  806.0  518.22  294.99
2453901.60641 17.5054  0.0189 4.64  656.0  518.22  294.99
2453902.62100 17.5171  0.0166 3.77  631.0  518.22  294.99
2453903.71678 17.5399  0.0196 4.79  654.0  518.22  294.99
2453904.60403 17.4761  0.0154 4.09  525.0  518.22  294.99
2453905.60425 17.4653  0.0150 3.57  533.0  518.22  294.99
2453906.59232 17.4967  0.0174 3.80  611.0  518.22  294.99
2453907.65356 17.5405  0.0221 5.54  575.0  518.22  294.99
2453908.58232 17.4831  0.0162 3.35  814.0  518.22  294.99
2453909.52657 17.5075  0.0208 4.63  772.0  518.22  294.99
2453909.58835 17.4970  0.0152 3.77  484.0  518.22  294.99
2453909.70935 17.4805  0.0136 3.53  435.0  518.22  294.99
2453909.74716 17.5197  0.0143 3.76  421.0  518.22  294.99
2453909.79975 17.5066  0.0163 4.11  496.0  518.22  294.99
2453909.82902 17.4716  0.0163 4.20  522.0  518.22  294.99
2453910.51635 17.4921  0.0224 4.90  901.0  518.22  294.99
2453910.54709 17.4815  0.0208 4.86  736.0  518.22  294.99
2453910.59554 17.4870  0.0175 4.49  559.0  518.22  294.99
2453910.61628 17.5031  0.0155 3.53  529.0  518.22  294.99
2453910.64355 17.4931  0.0157 3.86  532.0  518.22  294.99
2453911.57955 17.4644  0.0187 4.64  662.0  518.22  294.99
2453912.49530 17.5063  0.0172 3.73  742.0  518.22  294.99
2453912.52123 17.5118  0.0158 3.35  666.0  518.22  294.99
2453912.55196 17.4886  0.0136 2.99  590.0  518.22  294.99
2453912.58981 17.4909  0.0142 3.23  595.0  518.22  294.99
2453912.61274 17.5075  0.0137 3.13  545.0  518.22  294.99
2453912.62179 17.5034  0.0135 3.11  525.0  518.22  294.99
2453912.65112 17.4820  0.0131 3.16  500.0  518.22  294.99
2453912.68672 17.5047  0.0130 3.16  453.0  518.22  294.99
2453912.71308 17.4975  0.0133 3.42  439.0  518.22  294.99
2453912.73933 17.4999  0.0131 3.46  423.0  518.22  294.99
2453912.77797 17.4809  0.0134 3.50  436.0  518.22  294.99
2453912.80701 17.4854  0.0149 4.02  458.0  518.22  294.99
2453912.83663 17.4809  0.0149 3.67  505.0  518.22  294.99
2453912.86603 17.4720  0.0157 3.76  581.0  518.22  294.99
2453913.48193 17.4829  0.0170 3.71  680.0  518.22  294.99
2453913.51415 17.4730  0.0146 3.11  579.0  518.22  294.99
2453913.54340 17.5131  0.0147 3.15  581.0  518.22  294.99
2453913.58730 17.4908  0.0146 3.59  486.0  518.22  294.99
2453913.61352 17.4999  0.0151 4.13  447.0  518.22  294.99
2453913.64864 17.4675  0.0144 3.66  465.0  518.22  294.99
2453913.68676 17.5021  0.0151 3.66  479.0  518.22  294.99
2453913.71612 17.5075  0.0195 5.33  548.0  518.22  294.99
2453913.74891 17.5071  0.0185 4.96  612.0  518.22  294.99
2453913.77917 17.4917  0.0159 3.88  598.0  518.22  294.99
2453913.81159 17.5117  0.0152 3.44  588.0  518.22  294.99
2453913.83863 17.4834  0.0158 3.80  574.0  518.22  294.99
2453913.86822 17.4938  0.0183 4.45  624.0  518.22  294.99
2453914.50629 17.4729  0.0254 6.47  722.0  518.22  294.99
2453914.54017 17.5086  0.0207 4.96  686.0  518.22  294.99
2453914.56709 17.4984  0.0174 4.13  631.0  518.22  294.99
2453914.59362 17.5125  0.0163 3.97  582.0  518.22  294.99
2453914.60527 17.5034  0.0170 4.26  592.0  518.22  294.99
2453914.62817 17.4842  0.0162 4.22  534.0  518.22  294.99
2453914.68198 17.5065  0.0148 4.09  516.0  518.22  294.99
2453914.74573 17.5099  0.0150 4.73  509.0  518.22  294.99
2453914.77172 17.4774  0.0165 4.80  564.0  518.22  294.99
2453915.48344 17.4808  0.0208 4.92  794.0  518.22  294.99
2453915.51889 17.5125  0.0185 4.28  675.0  518.22  294.99
2453915.54779 17.5100  0.0192 4.59  639.0  518.22  294.99
2453915.58515 17.4893  0.0173 4.56  525.0  518.22  294.99
2453915.61097 17.4859  0.0168 4.49  497.0  518.22  294.99
2453915.64861 17.4969  0.0149 3.88  461.0  518.22  294.99
2453915.69122 17.5159  0.0161 4.33  475.0  518.22  294.99
2453915.72095 17.5100  0.0166 4.73  486.0  518.22  294.99
2453915.74792 17.5224  0.0160 4.47  467.0  518.22  294.99
2453915.78007 17.5008  0.0163 4.70  455.0  518.22  294.99
2453915.81908 17.5157  0.0157 3.95  525.0  518.22  294.99
2453915.84796 17.5059  0.0193 5.22  558.0  518.22  294.99
2453916.53165 17.4640  0.0195 5.28  631.0  518.22  294.99
2453916.58356 17.5865  0.0218 5.62  566.0  518.22  294.99
2453916.62474 17.5542  0.0204 5.29  591.0  518.22  294.99
2453916.63636 17.5094  0.0174 5.00  572.0  518.22  294.99
2453916.69249 17.4846  0.0150 4.45  528.0  518.22  294.99
2453916.73031 17.5204  0.0228 6.57  568.0  518.22  294.99
2453916.76801 17.4863  0.0198 5.68  589.0  518.22  294.99
2453916.80129 17.5319  0.0240 6.54  581.0  518.22  294.99
2453916.83048 17.5348  0.0193 5.44  554.0  518.22  294.99
2453917.50630 17.5039  0.0226 5.87  689.0  518.22  294.99
2453917.54509 17.4685  0.0205 5.74  596.0  518.22  294.99
2453917.62668 17.5007  0.0189 4.93  608.0  518.22  294.99
2453917.66519 17.5347  0.0180 4.69  570.0  518.22  294.99
2453917.67678 17.5340  0.0188 4.97  611.0  518.22  294.99
2453917.70534 17.4923  0.0156 3.89  612.0  518.22  294.99
2453917.74327 17.4954  0.0186 4.99  588.0  518.22  294.99
2453917.78568 17.5604  0.0253 6.24  650.0  518.22  294.99
2453917.81186 17.5466  0.0241 5.74  687.0  518.22  294.99
2453917.83840 17.4818  0.0206 5.12  719.0  518.22  294.99
2453917.86816 17.5324  0.0253 5.65  801.0  518.22  294.99
2453918.49567 17.5643  0.0284 6.23  836.0  518.22  294.99
2453918.50979 17.5430  0.0239 5.21  735.0  518.22  294.99
2453918.56906 17.5459  0.0251 5.53  698.0  518.22  294.99
2453918.62884 17.4940  0.0178 4.83  584.0  518.22  294.99
2453918.66061 17.5250  0.0161 3.93  539.0  518.22  294.99
2453918.67561 17.4857  0.0174 4.52  554.0  518.22  294.99
2453918.74768 17.5450  0.0170 4.42  516.0  518.22  294.99
2453918.80959 17.5036  0.0197 4.82  636.0  518.22  294.99
2453918.83870 17.5207  0.0211 4.98  636.0  518.22  294.99
2453918.86488 17.5530  0.0250 5.68  738.0  518.22  294.99
2453919.48769 17.5018  0.0217 4.57  972.0  518.22  294.99
2453919.53635 17.5103  0.0187 4.12  810.0  518.22  294.99
2453919.61662 17.4903  0.0177 4.50  590.0  518.22  294.99
2453919.67772 17.5344  0.0213 5.98  538.0  518.22  294.99
2453919.74625 17.5116  0.0140 4.04  498.0  518.22  294.99
2453919.84835 17.5120  0.0229 5.95  712.0  518.22  294.99
2453920.47750 17.4987  0.0216 5.13  749.0  518.22  294.99
2453920.53340 17.5114  0.0167 3.90  560.0  518.22  294.99
2453920.56858 17.5406  0.0171 4.09  533.0  518.22  294.99
2453920.62895 17.5079  0.0171 4.26  507.0  518.22  294.99
2453920.66895 17.5171  0.0188 4.99  490.0  518.22  294.99
2453920.70013 17.5005  0.0194 5.39  531.0  518.22  294.99
2453920.72946 17.5180  0.0202 5.50  556.0  518.22  294.99
2453920.75598 17.4859  0.0147 3.50  540.0  518.22  294.99
2453920.78229 17.4717  0.0148 3.54  568.0  518.22  294.99
2453920.84619 17.4948  0.0178 3.86  792.0  518.22  294.99
2453921.47745 17.5335  0.0217 4.25  870.0  518.22  294.99
2453921.52645 17.5217  0.0195 3.95  740.0  518.22  294.99
2453921.58066 17.5227  0.0277 6.60  736.0  518.22  294.99
2453921.67495 17.4918  0.0212 5.58  594.0  518.22  294.99
2453922.70387 17.5525  0.0231 5.89  584.0  518.22  294.99
2453930.62589 17.4975  0.0171 4.24  677.0  518.22  294.99
2453931.56673 17.5047  0.0198 4.60  685.0  518.22  294.99
2453931.70431 17.4860  0.0189 5.10  571.0  518.22  294.99
2453932.65720 17.5353  0.0168 4.19  599.0  518.22  294.99
2453933.57081 17.5284  0.0158 3.45  617.0  518.22  294.99
2453934.54155 17.4865  0.0178 4.27  670.0  518.22  294.99
2453935.61971 17.5330  0.0170 4.79  477.0  518.22  294.99
2453936.54202 17.5244  0.0176 3.96  590.0  518.22  294.99
2453937.61762 17.4909  0.0161 3.95  546.0  518.22  294.99
2453938.55067 17.5137  0.0196 4.92  577.0  518.22  294.99
2453940.68674 17.5061  0.0142 3.88  466.0  518.22  294.99
2453944.63240 17.4883  0.0144 4.46  505.0  518.22  294.99
2453945.57207 17.5010  0.0161 4.11  602.0  518.22  294.99
2453946.56927 17.4788  0.0202 5.60  587.0  518.22  294.99
2453950.57269 17.5119  0.0165 4.56  521.0  518.22  294.99
2453951.58137 17.5112  0.0211 5.47  650.0  518.22  294.99
2453956.61851 17.5483  0.0230 5.00  884.0  518.22  294.99
2453957.55614 17.5229  0.0209 5.39  710.0  518.22  294.99
2453958.62858 17.4905  0.0212 4.85  890.0  518.22  294.99
2453959.56878 17.5173  0.0186 4.84  629.0  518.22  294.99
2453960.54649 17.5239  0.0157 4.07  501.0  518.22  294.99
2453961.63358 17.4991  0.0256 6.39  706.0  518.22  294.99
2453963.59164 17.5079  0.0162 4.11  520.0  518.22  294.99
2453964.58138 17.5089  0.0156 4.20  492.0  518.22  294.99
2453965.57498 17.5163  0.0155 4.23  486.0  518.22  294.99
2453966.56283 17.5262  0.0170 4.32  552.0  518.22  294.99
2453967.59531 17.4998  0.0195 5.18  550.0  518.22  294.99
2453968.54941 17.5049  0.0189 4.91  627.0  518.22  294.99
2453969.55680 17.5305  0.0170 4.58  504.0  518.22  294.99
2453970.56169 17.5093  0.0196 5.61  474.0  518.22  294.99
2453971.60173 17.5425  0.0231 5.84  540.0  518.22  294.99
2453973.63143 17.4975  0.0182 5.11  480.0  518.22  294.99
2453974.56383 17.5316  0.0241 6.70  543.0  518.22  294.99
2453975.55882 17.5317  0.0166 4.13  539.0  518.22  294.99
2453976.55633 17.5135  0.0164 4.17  550.0  518.22  294.99
2453979.57321 17.5151  0.0255 6.06  840.0  518.22  294.99
2453982.48991 17.4893  0.0422 6.11 2425.0  518.22  294.99
2453986.63290 17.5718  0.0246 5.18  816.0  518.22  294.99
2453987.55289 17.5107  0.0179 4.03  752.0  518.22  294.99
2453988.56581 17.4886  0.0153 3.67  588.0  518.22  294.99
2453989.63557 17.5227  0.0263 6.03  779.0  518.22  294.99
2453991.52865 17.5906  0.0242 6.11  582.0  518.22  294.99
2453994.59717 17.5353  0.0226 5.55  617.0  518.22  294.99
2453995.62485 17.5206  0.0161 4.58  431.0  518.22  294.99
2453999.53130 17.5278  0.0206 5.27  557.0  518.22  294.99
2454001.55475 17.5298  0.0179 4.46  711.0  518.22  294.99
2454002.55142 17.5318  0.0158 3.91  521.0  518.22  294.99
2454004.57427 17.4835  0.0205 5.29  678.0  518.22  294.99
2454005.58977 17.5305  0.0193 4.23  653.0  518.22  294.99
2454006.57546 17.5363  0.0181 4.14  626.0  518.22  294.99
2454011.49251 17.5017  0.0243 6.17  709.0  518.22  294.99
2454015.51909 17.5388  0.0267 5.89  885.0  518.22  294.99
2454017.49371 17.5022  0.0190 4.49  706.0  518.22  294.99
2454019.49796 17.5308  0.0235 5.89  691.0  518.22  294.99
2454021.50390 17.5815  0.0297 6.24  856.0  518.22  294.99
2454024.53353 17.5274  0.0189 4.52  688.0  518.22  294.99
2454026.52908 17.5363  0.0203 5.11  645.0  518.22  294.99
2454028.54516 17.4796  0.0215 5.22  734.0  518.22  294.99
2454031.54510 17.5976  0.0262 5.79  795.0  518.22  294.99
2454145.88464 17.5361  0.0305 6.13 1273.0  518.22  294.99
2454151.84708 17.5228  0.0236 5.63  695.0  518.22  294.99
2454154.85668 17.5162  0.0191 4.00  708.0  518.22  294.99
2454157.82701 17.5072  0.0207 4.77  838.0  518.22  294.99
2454159.84332 17.5317  0.0233 4.92  820.0  518.22  294.99
2454161.89691 17.4962  0.0226 5.29  859.0  518.22  294.99
2454164.83283 17.5026  0.0206 4.06  970.0  518.22  294.99
2454166.84531 17.5248  0.0294 5.84 1236.0  518.22  294.99
2454168.88025 17.5063  0.0221 4.33  964.0  518.22  294.99
2454170.89788 17.5128  0.0213 4.69 1032.0  518.22  294.99
2454175.90954 17.4965  0.0207 4.78  895.0  518.22  294.99
2454177.80716 17.5204  0.0197 4.90  622.0  518.22  294.99
2454178.86044 17.5277  0.0208 4.82  664.0  518.22  294.99
2454179.90023 17.5409  0.0202 3.82  705.0  518.22  294.99
2454181.83699 17.4862  0.0178 4.03  616.0  518.22  294.99
2454182.88536 17.5165  0.0170 3.63  622.0  518.22  294.99
2454183.91761 17.4984  0.0209 4.20  995.0  518.22  294.99
2454184.77671 17.5097  0.0217 5.57  626.0  518.22  294.99
2454185.89528 17.5168  0.0197 4.57  608.0  518.22  294.99
2454190.78194 17.5090  0.0229 5.02  779.0  518.22  294.99
2454191.88277 17.5266  0.0257 5.80  772.0  518.22  294.99
2454192.80019 17.5216  0.0222 4.69  843.0  518.22  294.99
2454193.81861 17.5001  0.0220 5.10  885.0  518.22  294.99
2454194.84014 17.5107  0.0192 4.04  762.0  518.22  294.99
2454196.82869 17.5110  0.0216 4.72  825.0  518.22  294.99
2454202.81015 17.4798  0.0173 4.24  688.0  518.22  294.99
2454203.79824 17.5131  0.0181 4.17  645.0  518.22  294.99
2454204.79036 17.5134  0.0184 4.13  621.0  518.22  294.99
2454205.78868 17.5179  0.0186 4.48  553.0  518.22  294.99
2454207.78506 17.5123  0.0184 4.26  635.0  518.22  294.99
2454208.78208 17.5272  0.0185 4.52  620.0  518.22  294.99
2454213.78931 17.4962  0.0184 4.24  644.0  518.22  294.99
2454215.79581 17.5161  0.0218 5.30  623.0  518.22  294.99
2454216.75353 17.5307  0.0186 4.27  614.0  518.22  294.99
2454217.76110 17.5007  0.0168 3.75  635.0  518.22  294.99
2454218.81311 17.5015  0.0234 5.56  678.0  518.22  294.99
2454219.83594 17.5181  0.0216 4.78  705.0  518.22  294.99
2454220.77416 17.5225  0.0195 4.15  741.0  518.22  294.99
2454222.74276 17.5312  0.0224 4.50  986.0  518.22  294.99
2454224.84229 17.4655  0.0350 4.48 3241.0  518.22  294.99
2454228.74058 17.4954  0.0231 4.46 1253.0  518.22  294.99
2454229.72496 17.5490  0.0227 5.07  709.0  518.22  294.99
2454230.71478 17.4740  0.0193 4.20  621.0  518.22  294.99
2454231.69705 17.5238  0.0170 4.11  658.0  518.22  294.99
2454232.70925 17.5217  0.0231 5.18  854.0  518.22  294.99
2454233.89313 17.5416  0.0232 5.01 1012.0  518.22  294.99
2454234.87337 17.4886  0.0204 4.61  770.0  518.22  294.99
2454235.67081 17.5120  0.0191 3.86  793.0  518.22  294.99
2454238.74040 17.4846  0.0191 4.65  661.0  518.22  294.99
2454239.69100 17.5174  0.0192 4.34  646.0  518.22  294.99
2454240.74078 17.4987  0.0175 3.76  715.0  518.22  294.99
2454243.59980 17.5370  0.0297 6.09  982.0  518.22  294.99
2454244.66838 17.5172  0.0191 4.23  722.0  518.22  294.99
2454245.66170 17.5546  0.0197 4.64  590.0  518.22  294.99
2454246.72047 17.4945  0.0191 4.40  706.0  518.22  294.99
2454247.75354 17.5176  0.0204 4.48  903.0  518.22  294.99
2454250.78445 17.5377  0.0242 4.66 1084.0  518.22  294.99
2454256.57727 17.5152  0.0312 6.22 1151.0  518.22  294.99
2454258.59416 17.5091  0.0262 6.58  689.0  518.22  294.99
2454267.55326 17.5203  0.0244 5.69  746.0  518.22  294.99
2454268.78942 17.5017  0.0199 4.79  677.0  518.22  294.99
2454269.53631 17.4936  0.0261 5.93  928.0  518.22  294.99
2454272.55972 17.4810  0.0195 3.93 1011.0  518.22  294.99
2454273.75828 17.4833  0.0207 4.46  855.0  518.22  294.99
2454274.62164 17.5236  0.0232 4.74  941.0  518.22  294.99
2454275.65053 17.5304  0.0219 4.69  786.0  518.22  294.99
2454276.74294 17.5447  0.0284 6.14  905.0  518.22  294.99
2454277.66632 17.5170  0.0196 4.14  745.0  518.22  294.99
2454278.62373 17.5263  0.0268 6.09  792.0  518.22  294.99
2454283.56135 17.5201  0.0233 4.60 1088.0  518.22  294.99
2454284.55316 17.5052  0.0222 3.97  985.0  518.22  294.99
2454285.55657 17.5451  0.0233 4.45  859.0  518.22  294.99
2454286.55609 17.5193  0.0261 5.39  996.0  518.22  294.99
2454289.59076 17.5216  0.0226 5.07  738.0  518.22  294.99
2454290.61338 17.5284  0.0223 5.44  565.0  518.22  294.99
2454291.67375 17.5256  0.0207 4.93  587.0  518.22  294.99
2454292.53847 17.4938  0.0176 3.93  719.0  518.22  294.99
2454294.53778 17.5015  0.0190 4.29  739.0  518.22  294.99
2454295.55590 17.5165  0.0197 4.65  598.0  518.22  294.99
2454296.54223 17.5090  0.0198 4.80  604.0  518.22  294.99
2454297.66582 17.5011  0.0178 4.17  534.0  518.22  294.99
2454298.50500 17.5118  0.0223 5.17  691.0  518.22  294.99
2454299.48783 17.5251  0.0201 4.22  749.0  518.22  294.99
2454300.58348 17.5437  0.0202 4.73  569.0  518.22  294.99
2454301.76472 17.5111  0.0190 4.53  637.0  518.22  294.99
2454302.72098 17.5009  0.0203 5.08  557.0  518.22  294.99
2454303.72930 17.5150  0.0215 5.24  555.0  518.22  294.99
2454304.50121 17.4936  0.0324 6.25 1295.0  518.22  294.99
2454310.66738 17.5013  0.0296 5.30 1313.0  518.22  294.99
2454312.57606 17.5108  0.0221 4.09 1055.0  518.22  294.99
2454315.58344 17.5169  0.0212 4.48  716.0  518.22  294.99
2454316.66623 17.5088  0.0224 5.42  638.0  518.22  294.99
2454317.59014 17.4870  0.0197 4.57  593.0  518.22  294.99
2454319.56686 17.5425  0.0223 4.92  692.0  518.22  294.99
2454320.65368 17.4759  0.0206 5.07  596.0  518.22  294.99
2454326.58484 17.5011  0.0194 4.62  630.0  518.22  294.99
2454327.54307 17.5062  0.0246 5.79  652.0  518.22  294.99
2454328.54892 17.4933  0.0176 4.06  640.0  518.22  294.99
2454329.48565 17.5199  0.0225 4.86  743.0  518.22  294.99
2454330.55483 17.5179  0.0195 4.66  597.0  518.22  294.99
2454331.55054 17.5337  0.0215 5.05  608.0  518.22  294.99
2454332.56455 17.5221  0.0183 3.94  631.0  518.22  294.99
2454333.48552 17.5123  0.0257 5.43  937.0  518.22  294.99
2454338.55224 17.4992  0.0235 4.79 1053.0  518.22  294.99
2454339.54841 17.4954  0.0186 3.78  935.0  518.22  294.99
2454340.48695 17.5319  0.0313 6.24 1117.0  518.22  294.99
2454341.55282 17.4851  0.0238 5.32  913.0  518.22  294.99
2454342.58891 17.5011  0.0201 4.10  791.0  518.22  294.99
2454343.56842 17.5216  0.0184 3.59  790.0  518.22  294.99
2454344.60973 17.4868  0.0218 4.44  905.0  518.22  294.99
2454345.56466 17.4972  0.0195 4.13  776.0  518.22  294.99
2454346.57025 17.5463  0.0270 5.81  792.0  518.22  294.99
2454347.58410 17.5238  0.0216 5.07  647.0  518.22  294.99
2454349.55285 17.5151  0.0184 4.23  558.0  518.22  294.99
2454350.61063 17.4947  0.0204 4.74  663.0  518.22  294.99
2454351.55815 17.5081  0.0192 4.19  648.0  518.22  294.99
2454353.57464 17.5078  0.0219 4.40  896.0  518.22  294.99
2454354.59400 17.5023  0.0221 5.14  697.0  518.22  294.99
2454355.61035 17.5475  0.0247 5.49  773.0  518.22  294.99
2454356.55892 17.5390  0.0214 4.72  695.0  518.22  294.99
2454358.57813 17.5100  0.0275 6.55  721.0  518.22  294.99
2454361.60429 17.5604  0.0302 6.40  959.0  518.22  294.99
2454367.56842 17.5065  0.0248 4.83 1087.0  518.22  294.99
2454371.56762 17.5235  0.0223 4.34 1003.0  518.22  294.99
2454377.53309 17.5171  0.0216 4.75  819.0  518.22  294.99
2454380.61255 17.5003  0.0237 4.97  982.0  518.22  294.99
2454393.58092 17.5444  0.0258 5.15 1067.0  518.22  294.99
2454505.86989 17.5551  0.0254 5.69  741.0  518.22  294.99
2454508.86200 17.4772  0.0169 4.03  653.0  518.22  294.99
2454512.84776 17.4845  0.0169 4.19  651.0  518.22  294.99
2454514.86609 17.4883  0.0228 6.04  677.0  518.22  294.99
2454518.85039 17.5510  0.0272 5.90  928.0  518.22  294.99
2454521.88224 17.5279  0.0206 4.42  799.0  518.22  294.99
2454523.82308 17.5587  0.0269 5.57 1006.0  518.22  294.99
2454525.81520 17.5240  0.0310 3.96 2440.0  518.22  294.99
2454531.88459 17.5620  0.0254 6.11  667.0  518.22  294.99
2454534.79161 17.4928  0.0240 6.13  729.0  518.22  294.99
2454536.87147 17.4982  0.0206 5.13  666.0  518.22  294.99
2454538.79237 17.5338  0.0208 4.38  770.0  518.22  294.99
2454539.90589 17.5246  0.0202 4.56  748.0  518.22  294.99
2454540.77665 17.5448  0.0194 4.18  743.0  518.22  294.99
2454541.87364 17.5213  0.0178 4.40  638.0  518.22  294.99
2454542.83708 17.5258  0.0204 5.90  624.0  518.22  294.99
2454545.90924 17.5002  0.0196 4.33  676.0  518.22  294.99
2454546.83509 17.5083  0.0216 4.94  816.0  518.22  294.99
2454547.85451 17.4829  0.0192 4.47  877.0  518.22  294.99
2454548.92032 17.5084  0.0351 4.84 2491.0  518.22  294.99
2454550.91607 17.4726  0.0229 4.17 1236.0  518.22  294.99
2454551.83624 17.4980  0.0213 4.35  985.0  518.22  294.99
2454556.80885 17.4933  0.0181 4.94  595.0  518.22  294.99
2454557.83186 17.5014  0.0188 4.61  626.0  518.22  294.99
2454558.80044 17.5137  0.0175 4.50  595.0  518.22  294.99
2454559.79907 17.4921  0.0177 4.50  542.0  518.22  294.99
2454560.79947 17.5190  0.0178 4.59  534.0  518.22  294.99
2454561.78837 17.5189  0.0170 4.77  574.0  518.22  294.99
2454564.79251 17.5153  0.0170 4.69  514.0  518.22  294.99
2454565.77713 17.5106  0.0159 4.17  572.0  518.22  294.99
2454566.77797 17.5276  0.0172 4.56  572.0  518.22  294.99
2454567.77691 17.4978  0.0182 4.60  605.0  518.22  294.99
2454568.80649 17.5287  0.0169 4.00  666.0  518.22  294.99
2454569.79616 17.5153  0.0168 4.22  565.0  518.22  294.99
2454570.78978 17.5222  0.0185 4.68  546.0  518.22  294.99
2454571.77730 17.5302  0.0219 5.54  620.0  518.22  294.99
2454572.80039 17.5340  0.0205 4.84  749.0  518.22  294.99
2454573.78803 17.5285  0.0179 4.31  673.0  518.22  294.99
2454574.79035 17.5518  0.0224 5.12  802.0  518.22  294.99
2454575.79919 17.5280  0.0204 4.33  803.0  518.22  294.99
2454577.88818 17.5354  0.0219 4.13  951.0  518.22  294.99
2454578.84179 17.5155  0.0262 5.39 1058.0  518.22  294.99
2454583.79395 17.5041  0.0201 4.34  943.0  518.22  294.99
2454585.70489 17.5118  0.0223 5.81  658.0  518.22  294.99
2454586.91000 17.5234  0.0239 4.96  860.0  518.22  294.99
2454587.66305 17.5509  0.0270 6.57  746.0  518.22  294.99
2454588.64697 17.4796  0.0214 5.26  748.0  518.22  294.99
2454589.80668 17.4826  0.0202 5.16  606.0  518.22  294.99
2454590.65029 17.5317  0.0240 5.37  854.0  518.22  294.99
2454591.80272 17.5285  0.0182 3.84  707.0  518.22  294.99
2454592.71440 17.5108  0.0197 4.93  861.0  518.22  294.99
2454593.70342 17.4939  0.0187 4.21  707.0  518.22  294.99
2454594.72466 17.4923  0.0192 4.75  695.0  518.22  294.99
2454595.71699 17.5336  0.0184 4.59  606.0  518.22  294.99
2454596.70897 17.4929  0.0203 5.27  609.0  518.22  294.99
2454597.73371 17.5156  0.0185 4.64  639.0  518.22  294.99
2454598.70969 17.5092  0.0156 3.83  490.0  518.22  294.99
2454599.68226 17.5571  0.0205 4.75  634.0  518.22  294.99
2454600.69459 17.5053  0.0154 3.55  575.0  518.22  294.99
2454601.69725 17.5344  0.0173 4.19  587.0  518.22  294.99
2454602.68963 17.5198  0.0182 3.90  915.0  518.22  294.99
2454603.91264 17.5308  0.0211 4.87  710.0  518.22  294.99
2454606.69757 17.4891  0.0188 3.72 1130.0  518.22  294.99
2454610.80094 17.4774  0.0185 3.47  936.0  518.22  294.99
2454611.67654 17.5103  0.0193 3.80  754.0  518.22  294.99
2454611.86738 17.4878  0.0204 4.18  991.0  518.22  294.99
2454612.70098 17.4795  0.0185 3.96  859.0  518.22  294.99
2454615.84351 17.4924  0.0222 5.10  758.0  518.22  294.99
2454616.65941 17.5067  0.0186 4.63  594.0  518.22  294.99
2454617.76187 17.5409  0.0195 4.46  646.0  518.22  294.99
2454618.70036 17.5285  0.0175 4.24  596.0  518.22  294.99
2454622.58172 17.5348  0.0255 5.91  823.0  518.22  294.99
2454622.85905 17.5043  0.0241 5.44  802.0  518.22  294.99
2454623.72071 17.5155  0.0192 4.47  645.0  518.22  294.99
2454624.65994 17.5287  0.0229 5.07  727.0  518.22  294.99
2454625.64507 17.5083  0.0226 5.72  652.0  518.22  294.99
2454626.68293 17.5247  0.0246 6.50  581.0  518.22  294.99
2454627.61637 17.5083  0.0220 5.76  597.0  518.22  294.99
2454628.61843 17.5168  0.0198 4.67  614.0  518.22  294.99
2454629.68313 17.5241  0.0172 3.82  530.0  518.22  294.99
2454630.61944 17.5122  0.0183 4.18  688.0  518.22  294.99
2454631.64165 17.5072  0.0169 4.08  606.0  518.22  294.99
2454632.62843 17.5006  0.0214 5.35  698.0  518.22  294.99
2454633.62202 17.5327  0.0190 3.86  846.0  518.22  294.99
2454638.80592 17.5021  0.0215 4.03 1011.0  518.22  294.99
2454639.62698 17.5053  0.0210 4.30 1008.0  518.22  294.99
2454640.64386 17.5180  0.0195 4.74  621.0  518.22  294.99
2454641.72638 17.4872  0.0215 5.27  660.0  518.22  294.99
2454642.64242 17.5089  0.0182 4.32  582.0  518.22  294.99
2454643.60856 17.4956  0.0209 5.73  604.0  518.22  294.99
2454644.66994 17.5012  0.0205 5.24  574.0  518.22  294.99
2454645.58239 17.5413  0.0210 4.99  726.0  518.22  294.99
2454646.57891 17.4850  0.0165 4.05  626.0  518.22  294.99
2454647.57254 17.5122  0.0214 4.49  867.0  518.22  294.99
2454648.57693 17.5336  0.0219 5.13  733.0  518.22  294.99
2454649.57906 17.5018  0.0204 5.14  626.0  518.22  294.99
2454650.61174 17.5053  0.0206 4.89  739.0  518.22  294.99
2454651.58322 17.5350  0.0229 5.15  775.0  518.22  294.99
2454652.55602 17.5083  0.0205 4.43  823.0  518.22  294.99
2454653.54996 17.5094  0.0260 5.95  832.0  518.22  294.99
2454654.58916 17.5306  0.0197 4.66  692.0  518.22  294.99
2454655.54978 17.5261  0.0206 4.23  916.0  518.22  294.99
2454656.55176 17.5335  0.0189 3.71  684.0  518.22  294.99
2454658.71048 17.5808  0.0266 5.77  751.0  518.22  294.99
2454660.66327 17.5027  0.0228 5.04  801.0  518.22  294.99
2454661.53986 17.5154  0.0210 3.77 1200.0  518.22  294.99
2454665.70767 17.4958  0.0232 3.96 1382.0  518.22  294.99
2454666.61290 17.5018  0.0219 4.34 1030.0  518.22  294.99
2454670.67778 17.5182  0.0213 5.04  636.0  518.22  294.99
2454671.72498 17.5398  0.0212 4.83  641.0  518.22  294.99
2454672.55879 17.5237  0.0188 4.38  622.0  518.22  294.99
2454674.56468 17.5147  0.0209 4.82  676.0  518.22  294.99
2454677.54131 17.5297  0.0210 5.13  666.0  518.22  294.99
2454681.48732 17.5093  0.0184 4.01  708.0  518.22  294.99
2454682.53100 17.5198  0.0196 4.50  684.0  518.22  294.99
2454683.56949 17.4979  0.0229 5.50  723.0  518.22  294.99
2454684.58875 17.4807  0.0201 4.17  744.0  518.22  294.99
2454685.55317 17.4844  0.0204 4.37  731.0  518.22  294.99
2454686.55419 17.5208  0.0197 4.23  690.0  518.22  294.99
2454687.55416 17.5428  0.0202 4.29  625.0  518.22  294.99
2454688.54739 17.5168  0.0201 4.11  710.0  518.22  294.99
2454694.49732 17.5588  0.0285 6.13  866.0  518.22  294.99
2454697.55096 17.5232  0.0220 5.25  667.0  518.22  294.99
2454698.57706 17.5237  0.0207 4.84  648.0  518.22  294.99
2454699.57978 17.5244  0.0241 5.59  678.0  518.22  294.99
2454700.57240 17.5259  0.0205 4.54  661.0  518.22  294.99
2454701.55532 17.5115  0.0211 4.74  715.0  518.22  294.99
2454702.57018 17.5265  0.0256 6.55  595.0  518.22  294.99
2454703.63759 17.5189  0.0237 6.04  635.0  518.22  294.99
2454705.62156 17.5289  0.0216 5.15  664.0  518.22  294.99
2454707.66679 17.5593  0.0210 4.95  639.0  518.22  294.99
2454709.56549 17.5240  0.0254 6.27  708.0  518.22  294.99
2454710.60602 17.5449  0.0196 4.79  692.0  518.22  294.99
2454716.63831 17.5270  0.0422 5.86 2628.0  518.22  294.99
2454721.55626 17.5178  0.0247 4.98  975.0  518.22  294.99
2454724.56310 17.4966  0.0212 4.16 1011.0  518.22  294.99
2454725.59071 17.4926  0.0250 5.16 1164.0  518.22  294.99
2454730.63240 17.5291  0.0244 6.50  811.0  518.22  294.99
2454739.54018 17.5161  0.0254 5.84  770.0  518.22  294.99
2454743.59940 17.5564  0.0274 6.48  785.0  518.22  294.99
2454748.54299 17.5341  0.0268 5.60  971.0  518.22  294.99
2454754.51840 17.4869  0.0254 5.22 1055.0  518.22  294.99
2454759.54900 17.5634  0.0296 6.13 1005.0  518.22  294.99
2454874.87734 17.4950  0.0223 5.39  875.0  518.22  294.99
2454878.83739 17.5029  0.0229 4.54 1276.0  518.22  294.99
2454884.90441 17.5207  0.0327 4.77 2228.0  518.22  294.99
2454887.87682 17.5079  0.0170 4.18  608.0  518.22  294.99
2454891.83331 17.5094  0.0235 5.95  672.0  518.22  294.99
2454897.86488 17.5109  0.0186 4.58  638.0  518.22  294.99
2454900.82927 17.5010  0.0193 3.93  849.0  518.22  294.99
2454902.80630 17.4985  0.0187 3.78  872.0  518.22  294.99
2454904.83460 17.4970  0.0172 3.88  771.0  518.22  294.99
2454906.85702 17.5069  0.0218 4.84  871.0  518.22  294.99
2454910.86368 17.5109  0.0190 4.06  848.0  518.22  294.99
2454912.91899 17.5530  0.0271 4.40 1982.0  518.22  294.99
2454914.82838 17.5042  0.0185 5.63  488.0  518.22  294.99
2454919.76881 17.4819  0.0155 4.11  636.0  518.22  294.99
2454925.74758 17.4985  0.0161 3.87  660.0  518.22  294.99
2454927.77860 17.5365  0.0209 4.89  709.0  518.22  294.99
2454929.76327 17.5000  0.0221 5.26  833.0  518.22  294.99
2454930.90268 17.5300  0.0225 4.52  911.0  518.22  294.99
2454931.74732 17.5247  0.0226 4.64  981.0  518.22  294.99
2454932.88025 17.5003  0.0199 3.89  889.0  518.22  294.99
2454933.87499 17.5255  0.0213 4.39  936.0  518.22  294.99
2454938.74449 17.5375  0.0192 4.20  688.0  518.22  294.99
2454939.76751 17.5170  0.0203 4.62  662.0  518.22  294.99
2454941.72392 17.5174  0.0182 4.46  630.0  518.22  294.99
2454942.82834 17.5163  0.0176 4.37  549.0  518.22  294.99
2454943.84301 17.5112  0.0176 4.36  590.0  518.22  294.99
2454944.85226 17.5340  0.0163 3.38  560.0  518.22  294.99
2454945.74581 17.5091  0.0164 4.09  580.0  518.22  294.99
2454949.68673 17.5304  0.0180 3.93  692.0  518.22  294.99
2454950.82798 17.5307  0.0185 3.92  672.0  518.22  294.99
2454953.71057 17.5131  0.0183 3.98  599.0  518.22  294.99
2454954.70474 17.5216  0.0197 5.02  558.0  518.22  294.99
2454955.71169 17.5107  0.0199 4.90  636.0  518.22  294.99
