2452125.56420 16.7673  0.0171 6.05 1372.0   95.52  104.50
2452129.64762 16.7659  0.0098 3.62  724.0   95.52  104.50
2452132.59101 16.7862  0.0117 4.79  770.0   95.52  104.50
2452135.72855 16.7643  0.0094 4.41  850.0   95.52  104.50
2452140.69098 16.7645  0.0134 6.28  780.0   95.52  104.50
2452144.57345 16.7859  0.0120 4.90  862.0   95.52  104.50
2452160.55996 16.7629  0.0128 5.33  838.0   95.52  104.50
2452168.62773 16.7585  0.0138 6.10  812.0   95.52  104.50
2452175.60142 16.7971  0.0189 5.39 2309.0   95.52  104.50
2452187.53684 16.7525  0.0120 4.92  999.0   95.52  104.50
2452206.53264 16.7787  0.0187 6.42 1505.0   95.52  104.50
2452331.87317 16.7529  0.0120 4.20 1089.0   95.52  104.50
2452345.90164 16.7724  0.0126 4.61  967.0   95.52  104.50
2452355.84756 16.7642  0.0113 4.29  813.0   95.52  104.50
2452364.90507 16.7607  0.0124 4.93  906.0   95.52  104.50
2452372.80569 16.7631  0.0104 3.56  782.0   95.52  104.50
2452403.86029 16.7567  0.0104 3.35  821.0   95.52  104.50
2452411.76498 16.7468  0.0076 4.65  582.0   95.52  104.50
2452414.73752 16.7651  0.0107 3.99  712.0   95.52  104.50
2452416.77893 16.7551  0.0114 4.37  839.0   95.52  104.50
2452424.87211 16.7313  0.0146 5.47 1129.0   95.52  104.50
2452428.77374 16.7560  0.0125 5.74  688.0   95.52  104.50
2452432.81625 16.7581  0.0159 6.86  863.0   95.52  104.50
2452434.68414 16.7463  0.0111 4.57  727.0   95.52  104.50
2452436.73246 16.7379  0.0109 4.32  738.0   95.52  104.50
2452438.70995 16.7450  0.0113 5.00  630.0   95.52  104.50
2452440.73996 16.7513  0.0114 4.55  748.0   95.52  104.50
2452443.71323 16.7582  0.0115 4.35  701.0   95.52  104.50
2452445.59416 16.7478  0.0108 3.74  833.0   95.52  104.50
2452448.58338 16.7230  0.0216 4.21 4971.0   95.52  104.50
2452453.83352 16.7590  0.0124 4.59 1032.0   95.52  104.50
2452456.54501 16.7453  0.0122 5.84  718.0   95.52  104.50
2452458.68197 16.7345  0.0102 4.26  599.0   95.52  104.50
2452460.75428 16.7226  0.0121 5.29  809.0   95.52  104.50
2452463.50349 16.7234  0.0119 4.77 1048.0   95.52  104.50
2452466.70863 16.7273  0.0104 4.17  672.0   95.52  104.50
2452468.57948 16.7356  0.0098 3.53  659.0   95.52  104.50
2452470.58273 16.7402  0.0113 4.82  700.0   95.52  104.50
2452472.58614 16.7551  0.0117 4.36 1414.0   95.52  104.50
2452481.48434 16.7344  0.0156 6.34 1012.0   95.52  104.50
2452484.58365 16.7011  0.0119 5.65  658.0   95.52  104.50
2452490.64289 16.6948  0.0120 5.91  659.0   95.52  104.50
2452493.60508 16.7060  0.0113 4.54  793.0   95.52  104.50
2452495.67646 16.6955  0.0101 3.81  776.0   95.52  104.50
2452497.76044 16.7022  0.0119 3.89 1305.0   95.52  104.50
2452498.46980 16.7067  0.0115 3.69 1364.0   95.52  104.50
2452500.49460 16.7039  0.0120 4.69  945.0   95.52  104.50
2452502.52737 16.6955  0.0104 4.17  841.0   95.52  104.50
2452508.62665 16.6987  0.0114 4.26 1016.0   95.52  104.50
2452512.57408 16.6968  0.0121 4.74  950.0   95.52  104.50
2452517.61594 16.6695  0.0103 4.02  810.0   95.52  104.50
2452520.54078 16.6686  0.0104 3.88  866.0   95.52  104.50
2452526.63176 16.6590  0.0104 4.61  683.0   95.52  104.50
2452537.61144 16.6380  0.0147 6.61 1101.0   95.52  104.50
2452542.47876 16.6368  0.0153 4.02 2988.0   95.52  104.50
2452547.54620 16.5975  0.0116 4.77 1122.0   95.52  104.50
2452551.58369 16.5899  0.0124 6.12  859.0   95.52  104.50
2452556.53713 16.5908  0.0113 4.83  984.0   95.52  104.50
2452564.49433 16.5527  0.0136 5.57 1397.0   95.52  104.50
2452575.49243 16.5201  0.0130 4.47 1931.0   95.52  104.50
2452706.87963 15.1496  0.0040 4.68  772.0   95.52  104.50
2452714.86386 15.4913  0.0047 3.99  685.0   95.52  104.50
2452728.89320 15.8916  0.0073 5.53  782.0   95.52  104.50
2452733.87629 15.9916  0.0077 4.69  963.0   95.52  104.50
2452744.86438 16.1812  0.0078 3.78  852.0   95.52  104.50
2452753.85001 16.3006  0.0093 5.07  904.0   95.52  104.50
2452756.90851 16.3154  0.0092 4.63  908.0   95.52  104.50
2452760.86210 16.3441  0.0095 5.20 1030.0   95.52  104.50
2452766.91526 16.4149  0.0097 4.34  936.0   95.52  104.50
2452770.78602 16.4281  0.0100 4.73  947.0   95.52  104.50
2452783.73060 16.5253  0.0092 4.40  737.0   95.52  104.50
2452785.83551 16.5317  0.0110 4.70 1085.0   95.52  104.50
2452786.89596 16.5518  0.0119 4.75 1286.0   95.52  104.50
2452789.70616 16.5561  0.0095 3.78  793.0   95.52  104.50
2452791.68536 16.5633  0.0098 4.57  650.0   95.52  104.50
2452794.89192 16.5739  0.0107 4.14 1010.0   95.52  104.50
2452796.77315 16.5848  0.0095 3.90  675.0   95.52  104.50
2452797.93584 16.6161  0.0104 4.53  974.0   95.52  104.50
2452803.59361 16.5868  0.0277 4.92 9462.0   95.52  104.50
2452809.67927 16.6380  0.0110 4.38  901.0   95.52  104.50
2452810.84616 16.6348  0.0111 4.04 1148.0   95.52  104.50
2452811.87790 16.6316  0.0110 4.35 1052.0   95.52  104.50
2452813.67469 16.6364  0.0110 5.35  640.0   95.52  104.50
2452814.69675 16.6487  0.0104 3.96  696.0   95.52  104.50
2452816.55997 16.6417  0.0104 4.18  752.0   95.52  104.50
2452818.54748 16.6517  0.0118 5.23  816.0   95.52  104.50
2452820.68504 16.6655  0.0109 4.31  844.0   95.52  104.50
2452826.71304 16.6681  0.0104 4.42  713.0   95.52  104.50
2452834.74947 16.6808  0.0202 4.36 3525.0   95.52  104.50
2452836.69174 16.5848  0.0134 3.12 4814.0   95.52  104.50
2452837.59124 16.6970  0.0158 5.48 1633.0   95.52  104.50
2452839.63945 16.7030  0.0127 5.31  872.0   95.52  104.50
2452841.65283 16.6960  0.0117 4.57  889.0   95.52  104.50
2452843.58556 16.6567  0.0098 4.69  868.0   95.52  104.50
2452845.61370 16.7027  0.0123 5.48  771.0   95.52  104.50
2452849.79305 16.7143  0.0152 6.26 1121.0   95.52  104.50
2452852.48996 16.7234  0.0146 5.96  998.0   95.52  104.50
2452854.48419 16.7237  0.0140 5.64 1026.0   95.52  104.50
2452856.67723 16.7258  0.0134 5.28 1063.0   95.52  104.50
2452858.64263 16.7032  0.0142 4.18 1999.0   95.52  104.50
2452862.56915 16.7042  0.0128 4.72 1088.0   95.52  104.50
2452865.67843 16.6995  0.0108 3.70 1053.0   95.52  104.50
2452868.55822 16.7126  0.0104 3.91  738.0   95.52  104.50
2452871.66546 16.7293  0.0104 3.51  852.0   95.52  104.50
2452876.54906 16.7107  0.0116 5.05  746.0   95.52  104.50
2452879.59322 16.7105  0.0117 4.93  742.0   95.52  104.50
2452885.48806 16.7289  0.0143 5.97 1014.0   95.52  104.50
2452894.59592 16.7200  0.0137 5.55  983.0   95.52  104.50
2452898.58077 16.7546  0.0138 4.96 1009.0   95.52  104.50
2452904.55355 16.7477  0.0142 5.94  896.0   95.52  104.50
2452908.61640 16.7239  0.0167 7.37  950.0   95.52  104.50
2452909.54809 16.7460  0.0132 5.22  934.0   95.52  104.50
2452917.58697 16.7339  0.0129 4.62 1186.0   95.52  104.50
2452930.53067 16.7314  0.0123 3.94 1116.0   95.52  104.50
2453051.86594 16.7403  0.0159 5.25 1694.0   95.52  104.50
2453058.85943 16.7416  0.0106 3.99  853.0   95.52  104.50
2453062.89433 16.7896  0.0087 3.76  744.0   95.52  104.50
2453063.88304 16.7627  0.0097 4.04  796.0   95.52  104.50
2453067.85793 16.7516  0.0103 3.59  753.0   95.52  104.50
2453070.81786 16.7490  0.0155 6.19 1153.0   95.52  104.50
2453072.89668 16.7516  0.0104 3.53  823.0   95.52  104.50
2453075.79359 16.7544  0.0128 4.75 1099.0   95.52  104.50
2453079.85003 16.7567  0.0127 3.43 1834.0   95.52  104.50
2453082.81288 16.7437  0.0102 3.51  715.0   95.52  104.50
2453082.83644 16.7743  0.0105 3.77  683.0   95.52  104.50
2453082.87561 16.7451  0.0106 4.32  707.0   95.52  104.50
2453082.89961 16.7577  0.0108 4.49  691.0   95.52  104.50
2453083.77264 16.7568  0.0099 3.59  695.0   95.52  104.50
2453083.87165 16.7668  0.0105 4.24  701.0   95.52  104.50
2453084.75267 16.7603  0.0117 5.25  690.0   95.52  104.50
2453085.87157 16.7501  0.0099 3.91  647.0   95.52  104.50
2453086.80248 16.7607  0.0102 3.72  707.0   95.52  104.50
2453087.82318 16.7579  0.0107 4.68  654.0   95.52  104.50
2453088.75821 16.7785  0.0103 3.94  668.0   95.52  104.50
2453089.76334 16.7598  0.0110 4.29  754.0   95.52  104.50
2453090.82604 16.7506  0.0106 4.79  603.0   95.52  104.50
2453091.78666 16.7633  0.0101 3.79  660.0   95.52  104.50
2453092.87883 16.7442  0.0126 6.11  636.0   95.52  104.50
2453093.89080 16.7533  0.0128 6.35  676.0   95.52  104.50
2453096.82416 16.7548  0.0125 5.71  779.0   95.52  104.50
2453097.79269 16.7695  0.0135 5.39  891.0   95.52  104.50
2453097.87705 16.7534  0.0101 4.01  715.0   95.52  104.50
2453097.89617 16.7578  0.0102 4.15  709.0   95.52  104.50
2453097.91547 16.7335  0.0102 4.30  735.0   95.52  104.50
2453098.75097 16.7445  0.0105 3.88  887.0   95.52  104.50
2453098.86797 16.7573  0.0098 3.86  688.0   95.52  104.50
2453099.78987 16.7598  0.0115 4.58  847.0   95.52  104.50
2453100.82195 16.7447  0.0110 4.32  837.0   95.52  104.50
2453102.78472 16.7343  0.0112 3.65 1002.0   95.52  104.50
2453103.85855 16.7517  0.0119 4.59  971.0   95.52  104.50
2453106.79298 16.7297  0.0165 3.99 2879.0   95.52  104.50
2453108.73060 16.7608  0.0100 3.61  811.0   95.52  104.50
2453109.75719 16.7595  0.0101 3.65  763.0   95.52  104.50
2453110.79666 16.7192  0.0106 4.06  859.0   95.52  104.50
2453111.83069 16.7554  0.0107 4.66  697.0   95.52  104.50
2453112.80394 16.7427  0.0105 5.06  600.0   95.52  104.50
2453113.83778 16.7486  0.0101 4.74  595.0   95.52  104.50
2453114.74794 16.7584  0.0098 3.89  683.0   95.52  104.50
2453115.83047 16.7475  0.0106 4.68  668.0   95.52  104.50
2453118.89196 16.7404  0.0113 4.86  826.0   95.52  104.50
2453122.87544 16.7806  0.0146 6.72  786.0   95.52  104.50
2453125.83203 16.7416  0.0124 5.65  765.0   95.52  104.50
2453126.86134 16.7625  0.0107 4.19  856.0   95.52  104.50
2453127.76690 16.7347  0.0112 3.96  920.0   95.52  104.50
2453128.78527 16.7659  0.0112 4.10  937.0   95.52  104.50
2453129.75998 16.7615  0.0121 4.13 1064.0   95.52  104.50
2453131.64756 16.7780  0.0178 4.87 2242.0   95.52  104.50
2453134.72772 16.7423  0.0166 4.64 2106.0   95.52  104.50
2453134.84497 16.7489  0.0132 4.61 1154.0   95.52  104.50
2453135.82813 16.7494  0.0101 3.65  831.0   95.52  104.50
2453137.90373 16.7807  0.0120 4.67 1064.0   95.52  104.50
2453138.78799 16.7488  0.0103 4.45  711.0   95.52  104.50
2453139.83215 16.7493  0.0100 3.95  657.0   95.52  104.50
2453140.83957 16.7480  0.0107 4.52  685.0   95.52  104.50
2453142.73177 16.7614  0.0102 4.21  667.0   95.52  104.50
2453144.75233 16.7473  0.0103 4.49  646.0   95.52  104.50
2453146.72588 16.7581  0.0116 5.73  654.0   95.52  104.50
2453151.71460 16.7543  0.0125 6.05  673.0   95.52  104.50
2453152.71836 16.7695  0.0112 4.43  748.0   95.52  104.50
2453152.93173 16.7486  0.0142 5.80  980.0   95.52  104.50
2453153.72235 16.7649  0.0142 7.01  697.0   95.52  104.50
2453154.78243 16.7601  0.0127 6.01  799.0   95.52  104.50
2453156.76583 16.7599  0.0117 4.56  904.0   95.52  104.50
2453158.83638 16.7469  0.0138 4.71 1310.0   95.52  104.50
2453162.77732 16.7358  0.0119 4.76  965.0   95.52  104.50
2453163.73865 16.7403  0.0103 3.61  863.0   95.52  104.50
2453164.69690 16.7547  0.0105 4.11  721.0   95.52  104.50
2453165.76820 16.7639  0.0091 3.47  650.0   95.52  104.50
2453166.85609 16.7610  0.0146 5.99  944.0   95.52  104.50
2453168.55581 16.7566  0.0113 4.93  756.0   95.52  104.50
2453168.89407 16.7436  0.0120 4.43 1001.0   95.52  104.50
2453169.69068 16.7463  0.0108 4.22  704.0   95.52  104.50
2453170.76326 16.7449  0.0099 3.90  658.0   95.52  104.50
2453171.84111 16.7426  0.0080 3.61  749.0   95.52  104.50
2453172.70279 16.7662  0.0088 3.98  584.0   95.52  104.50
2453174.67439 16.7593  0.0095 3.52  681.0   95.52  104.50
2453175.68374 16.7614  0.0094 3.04  763.0   95.52  104.50
2453176.72672 16.7683  0.0139 6.77  689.0   95.52  104.50
2453178.74489 16.7331  0.0110 4.75  822.0   95.52  104.50
2453179.75787 16.7456  0.0105 4.72  638.0   95.52  104.50
2453180.67061 16.7589  0.0092 3.48  585.0   95.52  104.50
2453182.73777 16.7545  0.0101 4.23  614.0   95.52  104.50
2453183.69624 16.7404  0.0121 5.67  691.0   95.52  104.50
2453184.66377 16.7441  0.0095 3.63  652.0   95.52  104.50
2453185.81975 16.7493  0.0114 4.26  896.0   95.52  104.50
2453193.49749 16.7310  0.0139 6.04 1007.0   95.52  104.50
2453194.60693 16.7535  0.0117 4.32 1003.0   95.52  104.50
2453195.66342 16.7379  0.0098 3.71  668.0   95.52  104.50
2453196.70712 16.7553  0.0122 5.40  765.0   95.52  104.50
2453197.49303 16.7654  0.0114 4.13  946.0   95.52  104.50
2453197.60708 16.7514  0.0103 4.16  677.0   95.52  104.50
2453197.66013 16.7507  0.0109 4.81  643.0   95.52  104.50
2453197.74030 16.7274  0.0104 4.42  705.0   95.52  104.50
2453197.80477 16.7714  0.0122 4.86  913.0   95.52  104.50
2453197.83745 16.7467  0.0130 5.10 1090.0   95.52  104.50
2453198.70176 16.7452  0.0103 4.96  606.0   95.52  104.50
2453199.57912 16.7550  0.0123 6.07  660.0   95.52  104.50
2453199.75189 16.7635  0.0129 6.08  719.0   95.52  104.50
2453201.49717 16.7396  0.0111 5.03  863.0   95.52  104.50
2453202.50268 16.7499  0.0108 4.72  704.0   95.52  104.50
2453203.62369 16.7576  0.0090 3.32  611.0   95.52  104.50
2453204.58457 16.7773  0.0092 4.44  572.0   95.52  104.50
2453205.72626 16.7542  0.0088 3.65  524.0   95.52  104.50
2453206.63384 16.7406  0.0097 4.68  560.0   95.52  104.50
2453209.67564 16.7707  0.0121 5.95  634.0   95.52  104.50
2453210.62194 16.7526  0.0109 4.48  781.0   95.52  104.50
2453211.71959 16.7747  0.0125 6.35  585.0   95.52  104.50
2453217.61639 16.7485  0.0109 3.58 1029.0   95.52  104.50
2453218.61570 16.7599  0.0129 4.88 1107.0   95.52  104.50
2453219.68205 16.7712  0.0157 7.03  855.0   95.52  104.50
2453223.61311 16.7414  0.0135 7.10  695.0   95.52  104.50
2453224.66281 16.7448  0.0097 3.34  716.0   95.52  104.50
2453226.57609 16.7453  0.0107 5.56  534.0   95.52  104.50
2453228.55863 16.7669  0.0107 4.90  608.0   95.52  104.50
2453229.59234 16.7391  0.0092 3.35  634.0   95.52  104.50
2453230.63093 16.7410  0.0093 3.89  533.0   95.52  104.50
2453231.53194 16.7347  0.0115 5.39  737.0   95.52  104.50
2453232.56063 16.7301  0.0136 7.12  686.0   95.52  104.50
2453238.58155 16.7516  0.0112 4.93  722.0   95.52  104.50
2453239.54126 16.7527  0.0107 4.73  709.0   95.52  104.50
2453240.61801 16.7540  0.0119 5.82  653.0   95.52  104.50
2453241.61700 16.7325  0.0192 4.78 3127.0   95.52  104.50
2453245.51118 16.7390  0.0136 6.03 1075.0   95.52  104.50
2453246.66947 16.7549  0.0151 6.40  955.0   95.52  104.50
2453247.63899 16.7392  0.0124 4.85  918.0   95.52  104.50
2453249.49051 16.7504  0.0117 5.52  642.0   95.52  104.50
2453250.61810 16.7592  0.0125 5.30  848.0   95.52  104.50
2453253.61142 16.7540  0.0103 5.03  579.0   95.52  104.50
2453256.59428 16.7904  0.0131 6.06  662.0   95.52  104.50
2453259.58648 16.7405  0.0126 6.23  654.0   95.52  104.50
2453267.49346 16.7520  0.0135 6.53  900.0   95.52  104.50
2453271.57904 16.8231  0.0262 5.98 3326.0   95.52  104.50
2453274.59059 16.7618  0.0137 6.06  893.0   95.52  104.50
2453278.56459 16.7771  0.0141 4.82 1324.0   95.52  104.50
2453281.54536 16.7640  0.0119 5.30  698.0   95.52  104.50
2453288.50689 16.8562  0.0166 7.41  717.0   95.52  104.50
2453293.48183 16.7265  0.0182 5.34 2336.0   95.52  104.50
2453294.51107 16.7791  0.0107 6.26  432.0   95.52  104.50
2453295.48624 16.7690  0.0141 5.06 1281.0   95.52  104.50
2453296.50923 16.7476  0.0091 4.65  492.0   95.52  104.50
2453299.48962 16.7507  0.0098 4.88  685.0   95.52  104.50
2453308.52960 16.7751  0.0179 6.76 1243.0   95.52  104.50
2453309.54783 16.7412  0.0147 5.88 1219.0   95.52  104.50
2453312.49660 16.7658  0.0212 7.73 1564.0   95.52  104.50
2453416.86609 16.7540  0.0105 4.54  726.0   95.52  104.50
2453421.85535 16.7629  0.0101 4.90  605.0   95.52  104.50
2453425.88232 16.7488  0.0125 5.33  907.0   95.52  104.50
2453428.87837 16.7437  0.0100 4.02  740.0   95.52  104.50
2453432.85198 16.7658  0.0147 4.14 2052.0   95.52  104.50
2453442.85261 16.7591  0.0104 4.75  672.0   95.52  104.50
2453444.90550 16.7286  0.0103 4.54  725.0   95.52  104.50
2453447.81868 16.7729  0.0103 4.70  656.0   95.52  104.50
2453449.83155 16.7706  0.0103 5.15  603.0   95.52  104.50
2453452.85212 16.7550  0.0093 3.70  653.0   95.52  104.50
2453454.90559 16.7753  0.0114 4.61  975.0   95.52  104.50
2453458.76473 16.7577  0.0105 4.19  918.0   95.52  104.50
2453459.81237 16.7788  0.0112 4.41  943.0   95.52  104.50
2453468.84117 16.7440  0.0089 3.45  670.0   95.52  104.50
2453469.84807 16.7327  0.0087 3.62  592.0   95.52  104.50
2453471.87559 16.7328  0.0114 5.98  614.0   95.52  104.50
2453473.84355 16.7723  0.0110 5.10  629.0   95.52  104.50
2453474.86700 16.7649  0.0106 5.28  593.0   95.52  104.50
2453474.88798 16.7591  0.0099 4.59  606.0   95.52  104.50
2453476.73615 16.7221  0.0072 3.53  545.0   95.52  104.50
2453478.75547 16.7587  0.0095 4.20  535.0   95.52  104.50
2453479.89266 16.7612  0.0088 3.63  620.0   95.52  104.50
2453481.78338 16.7553  0.0091 3.57  644.0   95.52  104.50
2453484.73913 16.7700  0.0138 3.39 2790.0   95.52  104.50
2453496.68754 16.7481  0.0103 4.61  736.0   95.52  104.50
2453497.75497 16.7531  0.0111 5.25  733.0   95.52  104.50
2453498.90069 16.7616  0.0106 4.54  765.0   95.52  104.50
2453499.71252 16.7619  0.0085 3.84  566.0   95.52  104.50
2453500.69539 16.7911  0.0097 4.16  605.0   95.52  104.50
2453501.73154 16.7658  0.0102 4.93  718.0   95.52  104.50
2453502.73195 16.7584  0.0094 3.76  705.0   95.52  104.50
2453503.65698 16.7600  0.0090 3.84  649.0   95.52  104.50
2453504.83760 16.7835  0.0096 4.40  548.0   95.52  104.50
2453506.84924 16.7426  0.0100 4.64  665.0   95.52  104.50
2453508.71568 16.7398  0.0131 6.61  731.0   95.52  104.50
2453509.74626 16.7599  0.0090 4.24  573.0   95.52  104.50
2453510.88161 16.7379  0.0090 3.52  662.0   95.52  104.50
2453511.79838 16.7622  0.0095 3.47  807.0   95.52  104.50
2453512.81779 16.7800  0.0118 4.34 1037.0   95.52  104.50
2453517.82145 16.7597  0.0102 3.93  925.0   95.52  104.50
2453520.77867 16.7667  0.0102 4.56  690.0   95.52  104.50
2453522.70466 16.7601  0.0081 3.03  545.0   95.52  104.50
2453523.76577 16.7506  0.0089 3.41  623.0   95.52  104.50
2453523.90827 16.7710  0.0119 5.56  811.0   95.52  104.50
2453524.66793 16.7722  0.0101 4.85  551.0   95.52  104.50
2453525.66200 16.7482  0.0094 4.27  576.0   95.52  104.50
2453526.71478 16.7561  0.0090 3.76  594.0   95.52  104.50
2453527.74855 16.7433  0.0091 4.16  562.0   95.52  104.50
2453528.68942 16.7579  0.0094 4.35  528.0   95.52  104.50
2453529.64742 16.7516  0.0085 3.95  468.0   95.52  104.50
2453530.65545 16.7570  0.0080 2.97  550.0   95.52  104.50
2453538.62554 16.7529  0.0094 4.31  636.0   95.52  104.50
2453540.61956 16.7765  0.0110 4.70  754.0   95.52  104.50
2453544.82063 16.7677  0.0126 4.85 1106.0   95.52  104.50
2453547.75215 16.7595  0.0114 5.58  597.0   95.52  104.50
2453550.59900 16.7636  0.0103 4.48  750.0   95.52  104.50
2453551.60130 16.7637  0.0072 3.64  516.0   95.52  104.50
2453552.62999 16.7406  0.0101 4.41  751.0   95.52  104.50
2453553.75769 16.7545  0.0114 5.27  731.0   95.52  104.50
2453554.70736 16.7709  0.0109 4.99  600.0   95.52  104.50
2453556.68744 16.7553  0.0090 4.04  531.0   95.52  104.50
2453558.49823 16.7621  0.0111 4.71  849.0   95.52  104.50
2453558.79691 16.7477  0.0102 5.26  533.0   95.52  104.50
2453559.57979 16.8028  0.0114 5.66  643.0   95.52  104.50
2453560.56814 16.7523  0.0097 4.21  596.0   95.52  104.50
2453561.51231 16.7507  0.0108 4.19  884.0   95.52  104.50
2453562.55296 16.7642  0.0097 4.16  590.0   95.52  104.50
2453562.80430 16.7348  0.0104 4.37  690.0   95.52  104.50
2453563.60712 16.7328  0.0086 3.51  549.0   95.52  104.50
2453564.58886 16.7659  0.0116 5.86  589.0   95.52  104.50
2453568.81542 16.7379  0.0131 6.30  855.0   95.52  104.50
2453569.47884 16.7565  0.0209 5.35 2937.0   95.52  104.50
2453572.80594 16.7443  0.0170 5.01 2394.0   95.52  104.50
2453573.61601 16.7406  0.0125 5.70  856.0   95.52  104.50
2453574.65704 16.7344  0.0111 5.01  697.0   95.52  104.50
2453575.50455 16.7665  0.0095 4.07  648.0   95.52  104.50
2453576.65851 16.7573  0.0098 4.48  605.0   95.52  104.50
2453577.72618 16.7523  0.0109 5.60  549.0   95.52  104.50
2453578.63139 16.7426  0.0092 4.53  472.0   95.52  104.50
2453579.58867 16.7405  0.0089 4.03  544.0   95.52  104.50
2453579.75641 16.7421  0.0100 5.02  566.0   95.52  104.50
2453580.61848 16.7585  0.0093 4.23  573.0   95.52  104.50
2453581.64195 16.7656  0.0093 3.95  555.0   95.52  104.50
2453582.58995 16.7707  0.0085 3.77  457.0   95.52  104.50
2453583.60403 16.7673  0.0101 5.14  476.0   95.52  104.50
2453584.61277 16.7352  0.0084 3.54  502.0   95.52  104.50
2453585.60298 16.7581  0.0093 4.67  484.0   95.52  104.50
2453586.64877 16.7799  0.0092 3.90  530.0   95.52  104.50
2453589.64141 16.7548  0.0081 3.38  486.0   95.52  104.50
2453590.61033 16.7512  0.0088 3.64  546.0   95.52  104.50
2453592.61716 16.7716  0.0089 3.99  528.0   95.52  104.50
2453593.63833 16.7404  0.0088 4.74  456.0   95.52  104.50
2453594.67158 16.7808  0.0101 4.72  588.0   95.52  104.50
2453601.61742 16.7534  0.0104 4.11  849.0   95.52  104.50
2453601.71898 16.7942  0.0129 5.13 1153.0   95.52  104.50
2453602.46982 16.7780  0.0163 5.55 1523.0   95.52  104.50
2453602.52032 16.7459  0.0124 5.34  871.0   95.52  104.50
2453602.63347 16.7492  0.0108 4.31  896.0   95.52  104.50
2453603.60753 16.7582  0.0097 4.22  644.0   95.52  104.50
2453606.63433 16.7429  0.0114 5.63  702.0   95.52  104.50
2453607.60585 16.7523  0.0099 4.84  544.0   95.52  104.50
2453608.61276 16.7455  0.0094 4.55  512.0   95.52  104.50
2453615.54422 16.7528  0.0093 4.61  541.0   95.52  104.50
2453616.55593 16.7517  0.0114 5.36  709.0   95.52  104.50
2453618.53256 16.7579  0.0096 4.34  599.0   95.52  104.50
2453619.55716 16.7748  0.0105 4.59  733.0   95.52  104.50
2453621.55679 16.7695  0.0118 6.09  587.0   95.52  104.50
2453628.53068 16.7505  0.0113 4.44 1007.0   95.52  104.50
2453629.61537 16.7345  0.0123 5.05  999.0   95.52  104.50
2453631.50029 16.7749  0.0128 4.97  963.0   95.52  104.50
2453633.51333 16.7683  0.0110 5.35  667.0   95.52  104.50
2453637.60950 16.7286  0.0118 5.88  727.0   95.52  104.50
2453639.56312 16.7334  0.0085 3.34  618.0   95.52  104.50
2453641.51523 16.7421  0.0123 5.48  794.0   95.52  104.50
2453643.59163 16.7564  0.0140 6.54  836.0   95.52  104.50
2453648.50744 16.7564  0.0103 4.75  664.0   95.52  104.50
2453650.54487 16.7512  0.0107 4.27  789.0   95.52  104.50
2453654.51670 16.7427  0.0154 4.50 1749.0   95.52  104.50
2453655.49014 16.7496  0.0125 4.24 1203.0   95.52  104.50
2453657.50284 16.7255  0.0132 5.10 1083.0   95.52  104.50
2453660.49698 16.7796  0.0136 4.62 1207.0   95.52  104.50
2453662.50224 16.7708  0.0120 4.82  944.0   95.52  104.50
2453666.52971 16.7767  0.0113 3.86 1154.0   95.52  104.50
2453775.87869 16.7690  0.0118 5.07  818.0   95.52  104.50
2453781.86413 16.8088  0.0143 5.89  909.0   95.52  104.50
2453784.84806 16.7559  0.0106 3.89  960.0   95.52  104.50
2453787.83872 16.7467  0.0112 4.57  945.0   95.52  104.50
2453790.86941 16.7479  0.0124 4.13 1196.0   95.52  104.50
2453790.90130 16.7650  0.0138 3.43 2288.0   95.52  104.50
2453791.85947 16.7711  0.0114 4.68  779.0   95.52  104.50
2453792.86601 16.7333  0.0085 3.67  613.0   95.52  104.50
2453793.87699 16.7817  0.0101 3.76  802.0   95.52  104.50
2453794.82301 16.7722  0.0119 5.62  721.0   95.52  104.50
2453795.90224 16.7544  0.0120 4.58 1106.0   95.52  104.50
2453796.86272 16.7647  0.0101 4.37  680.0   95.52  104.50
2453797.90246 16.7613  0.0099 3.62  937.0   95.52  104.50
2453798.80132 16.7625  0.0103 4.41  730.0   95.52  104.50
2453799.85735 16.7468  0.0118 4.96  887.0   95.52  104.50
2453799.90542 16.7850  0.0141 4.72 1543.0   95.52  104.50
2453800.88368 16.7522  0.0099 4.53  600.0   95.52  104.50
2453801.78413 16.7575  0.0110 4.47  826.0   95.52  104.50
2453801.86589 16.7547  0.0100 3.62  749.0   95.52  104.50
2453801.90589 16.7622  0.0130 4.22 1230.0   95.52  104.50
2453802.78982 16.7554  0.0105 4.35  756.0   95.52  104.50
2453802.83147 16.7706  0.0102 3.93  763.0   95.52  104.50
2453802.91188 16.7540  0.0159 4.61 2097.0   95.52  104.50
2453803.78004 16.7490  0.0104 3.53  982.0   95.52  104.50
2453803.86674 16.7815  0.0096 3.17  778.0   95.52  104.50
2453803.90678 16.7822  0.0112 4.07  991.0   95.52  104.50
2453804.78153 16.7450  0.0117 5.52  717.0   95.52  104.50
2453804.90458 16.7659  0.0121 6.14  741.0   95.52  104.50
2453805.78281 16.7575  0.0119 5.29  825.0   95.52  104.50
2453805.87941 16.7661  0.0101 4.01  694.0   95.52  104.50
2453806.80291 16.7358  0.0103 4.26  779.0   95.52  104.50
2453807.78232 16.7776  0.0140 5.79 1045.0   95.52  104.50
2453807.81663 16.7496  0.0118 4.80  965.0   95.52  104.50
2453808.77632 16.7659  0.0117 4.55 1085.0   95.52  104.50
2453809.77914 16.7456  0.0106 4.04 1066.0   95.52  104.50
2453810.76809 16.7424  0.0116 4.51 1053.0   95.52  104.50
2453810.82375 16.7524  0.0109 4.15  939.0   95.52  104.50
2453811.81975 16.7732  0.0125 5.49  787.0   95.52  104.50
2453812.81149 16.7605  0.0112 4.44  858.0   95.52  104.50
2453813.78729 16.7432  0.0104 4.14  813.0   95.52  104.50
2453814.80431 16.7500  0.0104 3.87  948.0   95.52  104.50
2453815.80831 16.7508  0.0105 3.69  925.0   95.52  104.50
2453817.80766 16.7550  0.0106 3.81  989.0   95.52  104.50
2453818.86652 16.7521  0.0096 3.97  711.0   95.52  104.50
2453819.78212 16.7686  0.0091 3.74  592.0   95.52  104.50
2453820.75242 16.7483  0.0094 3.75  696.0   95.52  104.50
2453820.91992 16.7398  0.0124 3.65 1727.0   95.52  104.50
2453821.75288 16.7415  0.0100 4.45  621.0   95.52  104.50
2453822.79501 16.7674  0.0105 4.59  694.0   95.52  104.50
2453823.75105 16.7688  0.0099 4.43  645.0   95.52  104.50
2453824.76855 16.7565  0.0121 5.72  729.0   95.52  104.50
2453825.78216 16.7918  0.0133 6.48  663.0   95.52  104.50
2453826.76211 16.7873  0.0102 4.70  599.0   95.52  104.50
2453827.78179 16.7744  0.0099 4.55  571.0   95.52  104.50
2453828.75538 16.7702  0.0122 5.91  683.0   95.52  104.50
2453829.79071 16.7562  0.0098 4.39  609.0   95.52  104.50
2453830.71243 16.7488  0.0105 4.72  803.0   95.52  104.50
2453831.70888 16.7571  0.0097 3.97  755.0   95.52  104.50
2453832.72337 16.7630  0.0096 3.83  663.0   95.52  104.50
2453833.74173 16.7442  0.0097 4.65  580.0   95.52  104.50
2453834.71103 16.7798  0.0124 5.30  825.0   95.52  104.50
2453835.71640 16.7534  0.0113 4.87  831.0   95.52  104.50
2453835.90247 16.7570  0.0091 3.55  604.0   95.52  104.50
2453836.74482 16.7629  0.0128 5.49  874.0   95.52  104.50
2453836.91245 16.7573  0.0094 3.63  704.0   95.52  104.50
2453837.71135 16.7493  0.0121 5.10  950.0   95.52  104.50
2453837.88358 16.7555  0.0093 3.33  779.0   95.52  104.50
2453838.71882 16.7617  0.0133 5.49 1019.0   95.52  104.50
2453839.72017 16.7453  0.0126 5.48 1008.0   95.52  104.50
2453839.90667 16.7665  0.0125 4.88 1021.0   95.52  104.50
2453840.73216 16.7256  0.0115 4.74  988.0   95.52  104.50
2453840.89094 16.7602  0.0102 3.69  895.0   95.52  104.50
2453841.69011 16.7415  0.0124 5.06 1086.0   95.52  104.50
2453841.92150 16.7617  0.0107 3.48 1244.0   95.52  104.50
2453842.82346 16.7423  0.0100 3.54  967.0   95.52  104.50
2453845.69983 16.7864  0.0193 5.56 2312.0   95.52  104.50
2453845.88357 16.7795  0.0163 5.33 1537.0   95.52  104.50
2453846.68027 16.7560  0.0113 5.30  783.0   95.52  104.50
2453847.77696 16.7467  0.0115 5.47  696.0   95.52  104.50
2453848.73196 16.7731  0.0112 5.55  601.0   95.52  104.50
2453849.72769 16.7480  0.0099 4.19  680.0   95.52  104.50
2453849.93054 16.7752  0.0119 3.95 1157.0   95.52  104.50
2453850.67431 16.7510  0.0102 4.36  734.0   95.52  104.50
2453850.72852 16.7605  0.0102 4.29  651.0   95.52  104.50
2453850.84686 16.7583  0.0106 4.43  701.0   95.52  104.50
2453850.91841 16.7588  0.0108 4.17  848.0   95.52  104.50
2453851.68810 16.7590  0.0107 5.21  674.0   95.52  104.50
2453851.85334 16.7439  0.0109 5.11  662.0   95.52  104.50
2453852.67886 16.7694  0.0116 5.31  728.0   95.52  104.50
2453852.90736 16.7717  0.0120 5.56  685.0   95.52  104.50
2453853.66714 16.7636  0.0101 4.80  675.0   95.52  104.50
2453853.83477 16.7622  0.0087 3.52  566.0   95.52  104.50
2453853.90627 16.7556  0.0087 3.34  631.0   95.52  104.50
2453854.66152 16.7930  0.0136 6.28  773.0   95.52  104.50
2453855.76268 16.7691  0.0078 3.40  619.0   95.52  104.50
2453856.65711 16.7821  0.0104 3.96  887.0   95.52  104.50
2453856.82348 16.7862  0.0109 4.14  729.0   95.52  104.50
2453857.89376 16.7419  0.0095 3.97  747.0   95.52  104.50
2453858.68574 16.7485  0.0095 4.43  617.0   95.52  104.50
2453859.77616 16.7691  0.0095 4.33  566.0   95.52  104.50
2453860.79238 16.7563  0.0122 6.17  701.0   95.52  104.50
2453861.64599 16.7842  0.0114 4.80  817.0   95.52  104.50
2453861.75295 16.7527  0.0094 4.04  591.0   95.52  104.50
2453862.65104 16.7557  0.0106 4.34  885.0   95.52  104.50
2453862.83902 16.7636  0.0091 3.39  722.0   95.52  104.50
2453862.91507 16.7841  0.0102 3.57  896.0   95.52  104.50
2453863.66663 16.7584  0.0102 4.30  923.0   95.52  104.50
2453863.88688 16.7487  0.0092 3.61  655.0   95.52  104.50
2453864.65471 16.7231  0.0108 4.65  788.0   95.52  104.50
2453864.84715 16.7325  0.0087 3.44  602.0   95.52  104.50
2453865.71462 16.7545  0.0100 3.71  779.0   95.52  104.50
2453865.85819 16.7650  0.0109 4.86  711.0   95.52  104.50
2453865.92717 16.7331  0.0092 3.81  684.0   95.52  104.50
2453866.66621 16.7331  0.0101 3.90  833.0   95.52  104.50
2453866.80586 16.7367  0.0096 3.88  667.0   95.52  104.50
2453866.88406 16.7494  0.0101 3.79  774.0   95.52  104.50
2453867.68110 16.7641  0.0107 3.34 1260.0   95.52  104.50
2453867.86672 16.7572  0.0102 3.49 1010.0   95.52  104.50
2453868.68902 16.7511  0.0122 4.26 1187.0   95.52  104.50
2453868.83309 16.7299  0.0119 4.41 1077.0   95.52  104.50
2453868.91295 16.7466  0.0123 4.25 1194.0   95.52  104.50
2453869.66652 16.7497  0.0108 3.39 1336.0   95.52  104.50
2453869.84830 16.7796  0.0129 4.27 1309.0   95.52  104.50
2453872.86366 16.7610  0.0099 3.61  839.0   95.52  104.50
2453873.67210 16.7513  0.0096 3.78  722.0   95.52  104.50
2453873.81440 16.7507  0.0096 3.91  686.0   95.52  104.50
2453873.88626 16.7720  0.0103 3.89  777.0   95.52  104.50
2453874.72393 16.7740  0.0111 4.74  632.0   95.52  104.50
2453874.89795 16.7524  0.0102 4.13  747.0   95.52  104.50
2453875.68448 16.7673  0.0090 3.82  576.0   95.52  104.50
2453875.83952 16.7439  0.0091 3.73  656.0   95.52  104.50
2453875.93761 16.7589  0.0103 4.17  881.0   95.52  104.50
2453876.61160 16.7544  0.0093 4.20  609.0   95.52  104.50
2453877.68855 16.7516  0.0085 3.44  563.0   95.52  104.50
2453877.83728 16.7559  0.0096 4.16  671.0   95.52  104.50
2453877.91135 16.7719  0.0126 5.30  854.0   95.52  104.50
2453879.64452 16.7455  0.0085 4.10  535.0   95.52  104.50
2453880.81378 16.7612  0.0104 4.57  725.0   95.52  104.50
2453880.89283 16.7605  0.0097 4.20  763.0   95.52  104.50
2453881.63930 16.7279  0.0102 4.41  754.0   95.52  104.50
2453881.85480 16.7635  0.0094 3.52  734.0   95.52  104.50
2453881.90141 16.7336  0.0090 3.17  858.0   95.52  104.50
2453882.62423 16.7398  0.0101 4.42  680.0   95.52  104.50
2453882.77772 16.7609  0.0092 3.82  640.0   95.52  104.50
2453882.85158 16.7343  0.0096 3.92  726.0   95.52  104.50
2453882.92037 16.7437  0.0092 3.64  713.0   95.52  104.50
2453883.61176 16.7412  0.0114 5.29  760.0   95.52  104.50
2453883.80885 16.7722  0.0105 4.69  621.0   95.52  104.50
2453886.57109 16.7579  0.0101 5.51  689.0   95.52  104.50
2453886.77231 16.7607  0.0096 4.25  606.0   95.52  104.50
2453886.84758 16.7516  0.0089 3.69  593.0   95.52  104.50
2453886.94553 16.7337  0.0155 6.29 1169.0   95.52  104.50
2453887.62486 16.7557  0.0099 4.85  619.0   95.52  104.50
2453887.75131 16.7585  0.0097 4.69  563.0   95.52  104.50
2453887.85544 16.7521  0.0104 4.77  654.0   95.52  104.50
2453887.92752 16.7590  0.0104 4.45  799.0   95.52  104.50
2453889.63890 16.7447  0.0093 4.18  603.0   95.52  104.50
2453889.91372 16.7608  0.0113 4.47  931.0   95.52  104.50
2453891.64827 16.7521  0.0107 5.07  638.0   95.52  104.50
2453891.76999 16.7683  0.0119 5.64  660.0   95.52  104.50
2453891.85218 16.7518  0.0101 4.41  679.0   95.52  104.50
2453892.90092 16.7365  0.0097 4.05  774.0   95.52  104.50
2453893.58287 16.7375  0.0109 5.07  829.0   95.52  104.50
2453893.82924 16.7636  0.0115 5.26  685.0   95.52  104.50
2453894.64312 16.7720  0.0117 5.65  611.0   95.52  104.50
2453894.85844 16.7452  0.0116 5.52  640.0   95.52  104.50
2453896.57913 16.7301  0.0135 5.44 1162.0   95.52  104.50
2453900.50691 16.7720  0.0147 6.33 1107.0   95.52  104.50
2453900.69232 16.7449  0.0106 3.91 1035.0   95.52  104.50
2453900.77666 16.7695  0.0108 3.90  920.0   95.52  104.50
2453900.84516 16.7420  0.0106 3.89 1002.0   95.52  104.50
2453901.52177 16.7497  0.0120 5.55  813.0   95.52  104.50
2453901.69796 16.7631  0.0099 3.80  821.0   95.52  104.50
2453901.77569 16.7516  0.0102 4.38  694.0   95.52  104.50
2453901.84879 16.7683  0.0115 4.75  840.0   95.52  104.50
2453902.53330 16.7516  0.0118 5.52  772.0   95.52  104.50
2453902.72034 16.7430  0.0096 3.90  685.0   95.52  104.50
2453902.83319 16.7453  0.0123 5.10  904.0   95.52  104.50
2453903.87423 16.7479  0.0121 5.12  835.0   95.52  104.50
2453904.53264 16.7434  0.0103 4.57  740.0   95.52  104.50
2453904.69510 16.7429  0.0086 3.34  629.0   95.52  104.50
2453904.76457 16.7465  0.0093 3.53  643.0   95.52  104.50
2453904.83729 16.7489  0.0096 3.54  728.0   95.52  104.50
2453905.52947 16.7474  0.0102 4.17  834.0   95.52  104.50
2453905.70582 16.7598  0.0098 4.03  676.0   95.52  104.50
2453905.77609 16.7419  0.0088 3.35  706.0   95.52  104.50
2453905.84469 16.7589  0.0089 3.37  717.0   95.52  104.50
2453906.53734 16.7563  0.0120 5.07  838.0   95.52  104.50
2453906.73019 16.7485  0.0090 3.73  602.0   95.52  104.50
2453906.80337 16.7666  0.0098 3.86  687.0   95.52  104.50
2453906.89196 16.7661  0.0116 5.11  824.0   95.52  104.50
2453907.57162 16.7523  0.0104 4.93  598.0   95.52  104.50
2453907.75696 16.7703  0.0136 6.45  699.0   95.52  104.50
2453907.84140 16.7630  0.0128 5.54  788.0   95.52  104.50
2453908.50963 16.7470  0.0124 4.96 1027.0   95.52  104.50
2453908.69570 16.7529  0.0095 3.74  677.0   95.52  104.50
2453908.77341 16.7718  0.0098 3.86  652.0   95.52  104.50
2453908.85610 16.7406  0.0096 3.90  705.0   95.52  104.50
2453909.50923 16.7657  0.0147 5.89 1166.0   95.52  104.50
2453909.68769 16.7496  0.0085 3.57  497.0   95.52  104.50
2453909.69997 16.7629  0.0088 3.65  517.0   95.52  104.50
2453909.74372 16.7566  0.0086 3.59  499.0   95.52  104.50
2453909.76212 16.7463  0.0086 3.63  505.0   95.52  104.50
2453909.78242 16.7678  0.0088 3.60  528.0   95.52  104.50
2453909.82598 16.7438  0.0096 4.21  593.0   95.52  104.50
2453909.86203 16.7595  0.0108 4.60  737.0   95.52  104.50
2453910.52972 16.7388  0.0118 4.85  928.0   95.52  104.50
2453912.50415 16.7637  0.0101 4.31  826.0   95.52  104.50
2453912.69556 16.7575  0.0080 3.14  512.0   95.52  104.50
2453912.78691 16.7554  0.0086 3.63  523.0   95.52  104.50
2453912.87481 16.7513  0.0099 4.50  674.0   95.52  104.50
2453913.49704 16.7286  0.0092 3.61  721.0   95.52  104.50
2453913.69893 16.7412  0.0090 3.78  559.0   95.52  104.50
2453913.79441 16.7606  0.0091 3.64  645.0   95.52  104.50
2453913.88042 16.7458  0.0107 4.91  708.0   95.52  104.50
2453914.52304 16.7365  0.0108 4.76  775.0   95.52  104.50
2453914.75460 16.7526  0.0088 4.32  601.0   95.52  104.50
2453915.49878 16.7492  0.0109 4.78  850.0   95.52  104.50
2453915.51593 16.7686  0.0104 4.45  775.0   95.52  104.50
2453915.54482 16.7730  0.0110 4.81  739.0   95.52  104.50
2453915.57381 16.7438  0.0098 4.47  624.0   95.52  104.50
2453915.60800 16.7471  0.0104 5.16  567.0   95.52  104.50
2453915.64564 16.7523  0.0090 4.04  524.0   95.52  104.50
2453915.68430 16.7587  0.0093 4.10  552.0   95.52  104.50
2453915.69432 16.7466  0.0099 4.72  557.0   95.52  104.50
2453915.70309 16.7724  0.0098 4.60  545.0   95.52  104.50
2453915.75111 16.7449  0.0095 4.58  537.0   95.52  104.50
2453915.77711 16.7583  0.0099 4.97  530.0   95.52  104.50
2453915.79499 16.7739  0.0095 4.32  541.0   95.52  104.50
2453915.81205 16.7458  0.0093 4.20  585.0   95.52  104.50
2453915.84500 16.7612  0.0114 5.71  622.0   95.52  104.50
2453915.87428 16.7671  0.0108 4.93  695.0   95.52  104.50
2453916.51427 16.7606  0.0109 5.25  761.0   95.52  104.50
2453916.53479 16.7729  0.0120 5.47  750.0   95.52  104.50
2453916.54350 16.7824  0.0117 5.48  737.0   95.52  104.50
2453916.58679 16.7433  0.0114 5.89  609.0   95.52  104.50
2453916.62171 16.7190  0.0102 5.07  647.0   95.52  104.50
2453916.68951 16.7436  0.0088 4.02  610.0   95.52  104.50
2453916.72728 16.7460  0.0096 4.96  601.0   95.52  104.50
2453916.76501 16.7693  0.0121 5.77  683.0   95.52  104.50
2453916.79783 16.7738  0.0130 6.59  649.0   95.52  104.50
2453916.82744 16.7880  0.0104 5.30  620.0   95.52  104.50
2453917.49061 16.7574  0.0107 5.21  825.0   95.52  104.50
2453917.52165 16.7594  0.0123 6.27  722.0   95.52  104.50
2453917.54204 16.7450  0.0105 5.33  667.0   95.52  104.50
2453917.62364 16.7758  0.0110 5.13  677.0   95.52  104.50
2453917.66187 16.7521  0.0111 5.56  654.0   95.52  104.50
2453917.70226 16.7526  0.0093 3.73  692.0   95.52  104.50
2453917.74014 16.7568  0.0106 4.98  644.0   95.52  104.50
2453917.78239 16.7456  0.0136 6.72  724.0   95.52  104.50
2453917.79448 16.7368  0.0107 4.75  725.0   95.52  104.50
2453918.50369 16.7669  0.0112 5.01  850.0   95.52  104.50
2453918.51293 16.7548  0.0109 4.92  815.0   95.52  104.50
2453918.52240 16.7270  0.0107 4.94  854.0   95.52  104.50
2453918.53510 16.7392  0.0115 5.45  805.0   95.52  104.50
2453918.56295 16.7671  0.0121 5.26  756.0   95.52  104.50
2453918.58581 16.8052  0.0128 5.55  740.0   95.52  104.50
2453918.60482 16.7311  0.0120 4.80 1057.0   95.52  104.50
2453918.62574 16.7604  0.0106 5.22  654.0   95.52  104.50
2453918.65390 16.7631  0.0095 3.87  635.0   95.52  104.50
2453918.67901 16.7570  0.0101 4.40  622.0   95.52  104.50
2453918.70231 16.7763  0.0099 4.13  606.0   95.52  104.50
2453918.72680 16.7565  0.0111 5.38  597.0   95.52  104.50
2453918.74443 16.7586  0.0097 4.37  595.0   95.52  104.50
2453918.78254 16.7427  0.0105 4.69  662.0   95.52  104.50
2453918.80640 16.7521  0.0108 4.57  723.0   95.52  104.50
2453918.83583 16.7676  0.0119 5.38  731.0   95.52  104.50
2453918.86805 16.7831  0.0144 6.26  837.0   95.52  104.50
2453919.48461 16.7325  0.0119 4.80 1085.0   95.52  104.50
2453919.49657 16.7609  0.0120 4.86 1044.0   95.52  104.50
2453919.56389 16.7569  0.0116 5.16  787.0   95.52  104.50
2453919.63954 16.7433  0.0101 4.42  679.0   95.52  104.50
2453919.67472 16.7603  0.0100 4.94  614.0   95.52  104.50
2453919.72910 16.7742  0.0087 4.22  580.0   95.52  104.50
2453919.79320 16.7296  0.0083 3.97  621.0   95.52  104.50
2453919.84527 16.8060  0.0133 5.99  787.0   95.52  104.50
2453920.47445 16.7405  0.0117 5.02  871.0   95.52  104.50
2453920.48637 16.7302  0.0114 4.94  808.0   95.52  104.50
2453920.50422 16.7446  0.0109 4.87  738.0   95.52  104.50
2453920.53028 16.7504  0.0098 4.18  665.0   95.52  104.50
2453920.59162 16.7616  0.0101 4.29  588.0   95.52  104.50
2453920.68293 16.7268  0.0111 5.56  572.0   95.52  104.50
2453920.76493 16.7356  0.0089 3.58  625.0   95.52  104.50
2453920.83467 16.7438  0.0098 3.97  795.0   95.52  104.50
2453921.47445 16.7511  0.0113 4.01  991.0   95.52  104.50
2453921.48635 16.7418  0.0112 4.22  923.0   95.52  104.50
2453921.56911 16.7572  0.0116 4.40  862.0   95.52  104.50
2453921.64019 16.7445  0.0122 5.76  678.0   95.52  104.50
2453921.68380 16.7576  0.0125 5.84  661.0   95.52  104.50
2453921.77209 16.7877  0.0135 6.26  672.0   95.52  104.50
2453921.80543 16.7715  0.0136 6.00  726.0   95.52  104.50
2453922.68356 16.7460  0.0124 6.29  660.0   95.52  104.50
2453922.73034 16.7775  0.0128 6.00  705.0   95.52  104.50
2453930.48647 16.7551  0.0108 4.40  860.0   95.52  104.50
2453930.76065 16.7609  0.0134 5.32 1005.0   95.52  104.50
2453931.47136 16.7478  0.0134 5.43 1025.0   95.52  104.50
2453932.50289 16.7619  0.0115 5.03  840.0   95.52  104.50
2453932.77819 16.7542  0.0106 4.51  737.0   95.52  104.50
2453933.48393 16.7491  0.0102 4.20  853.0   95.52  104.50
2453933.67376 16.7631  0.0083 3.38  544.0   95.52  104.50
2453933.74927 16.7544  0.0089 3.28  712.0   95.52  104.50
2453934.46669 16.7592  0.0116 4.19 1158.0   95.52  104.50
2453934.68345 16.7531  0.0095 4.45  548.0   95.52  104.50
2453934.75249 16.7562  0.0099 4.27  645.0   95.52  104.50
2453935.51663 16.7572  0.0102 4.60  657.0   95.52  104.50
2453935.68783 16.7557  0.0124 6.38  624.0   95.52  104.50
2453935.75647 16.7463  0.0099 4.74  569.0   95.52  104.50
2453936.46998 16.7695  0.0141 5.39 1031.0   95.52  104.50
2453936.63528 16.7412  0.0093 3.65  654.0   95.52  104.50
2453936.71184 16.7457  0.0099 4.09  670.0   95.52  104.50
2453937.47622 16.7616  0.0135 4.91 1046.0   95.52  104.50
2453937.75326 16.7516  0.0119 6.14  649.0   95.52  104.50
2453938.47460 16.7581  0.0132 5.33  915.0   95.52  104.50
2453938.66244 16.7331  0.0101 5.62  528.0   95.52  104.50
2453938.75145 16.7567  0.0115 5.46  609.0   95.52  104.50
2453939.54206 16.7847  0.0092 4.27  627.0   95.52  104.50
2453940.66033 16.7688  0.0085 4.07  538.0   95.52  104.50
2453940.79117 16.7605  0.0101 4.84  622.0   95.52  104.50
2453942.52799 16.7857  0.0141 7.18  656.0   95.52  104.50
2453944.50774 16.7484  0.0100 4.46  770.0   95.52  104.50
2453944.57108 16.7498  0.0089 4.73  616.0   95.52  104.50
2453944.61022 16.7570  0.0090 4.68  574.0   95.52  104.50
2453944.65586 16.7634  0.0093 4.63  565.0   95.52  104.50
2453945.46987 16.7416  0.0112 4.60  916.0   95.52  104.50
2453945.51612 16.7592  0.0101 4.39  689.0   95.52  104.50
2453945.54658 16.7697  0.0103 4.68  648.0   95.52  104.50
2453945.65690 16.7313  0.0096 4.13  669.0   95.52  104.50
2453945.69039 16.7504  0.0093 3.96  604.0   95.52  104.50
2453945.74623 16.7682  0.0108 5.14  633.0   95.52  104.50
2453945.79034 16.7655  0.0121 5.77  749.0   95.52  104.50
2453946.47325 16.6534  0.0116 5.36  801.0   95.52  104.50
2453946.55445 16.7474  0.0104 4.68  656.0   95.52  104.50
2453946.67844 16.7377  0.0100 4.78  568.0   95.52  104.50
2453946.75587 16.7489  0.0104 5.38  561.0   95.52  104.50
2453950.49010 16.7698  0.0114 5.27  718.0   95.52  104.50
2453950.69984 16.7618  0.0100 4.59  585.0   95.52  104.50
2453951.48993 16.7623  0.0116 4.86  785.0   95.52  104.50
2453951.72245 16.7542  0.0115 4.60  950.0   95.52  104.50
2453955.51206 16.7215  0.0142 5.59 1199.0   95.52  104.50
2453956.52096 16.7772  0.0156 6.65 1006.0   95.52  104.50
2453957.48308 16.7679  0.0114 4.41  982.0   95.52  104.50
2453959.47964 16.7580  0.0118 5.13  800.0   95.52  104.50
2453959.66092 16.7647  0.0111 4.93  699.0   95.52  104.50
2453960.47587 16.7629  0.0115 4.73  824.0   95.52  104.50
2453960.65492 16.7610  0.0090 3.61  632.0   95.52  104.50
2453960.72705 16.7535  0.0109 4.48  858.0   95.52  104.50
2453961.53238 16.7627  0.0119 5.18  745.0   95.52  104.50
2453963.50856 16.7601  0.0106 4.79  655.0   95.52  104.50
2453963.68015 16.7309  0.0095 4.44  599.0   95.52  104.50
2453964.49288 16.7597  0.0108 4.94  678.0   95.52  104.50
2453964.70156 16.7594  0.0101 4.84  582.0   95.52  104.50
2453965.48188 16.7475  0.0105 4.80  648.0   95.52  104.50
2453965.67441 16.7532  0.0090 3.99  543.0   95.52  104.50
2453966.51187 16.7724  0.0104 4.10  727.0   95.52  104.50
2453966.66487 16.7728  0.0103 4.77  592.0   95.52  104.50
2453967.49338 16.7682  0.0130 6.60  682.0   95.52  104.50
2453967.69025 16.7671  0.0096 4.63  511.0   95.52  104.50
2453968.47369 16.7648  0.0123 4.95  964.0   95.52  104.50
2453968.64555 16.7512  0.0099 4.11  601.0   95.52  104.50
2453968.71470 16.7714  0.0118 5.65  704.0   95.52  104.50
2453969.50228 16.7685  0.0111 5.27  631.0   95.52  104.50
2453969.65609 16.7550  0.0104 4.82  586.0   95.52  104.50
2453970.48284 16.7547  0.0116 5.43  679.0   95.52  104.50
2453970.66376 16.7650  0.0111 5.49  565.0   95.52  104.50
2453971.52097 16.7682  0.0132 6.33  620.0   95.52  104.50
2453971.69702 16.7425  0.0100 4.88  585.0   95.52  104.50
2453973.54768 16.7505  0.0115 6.10  550.0   95.52  104.50
2453974.48257 16.7524  0.0117 5.38  720.0   95.52  104.50
2453974.66163 16.7570  0.0108 5.42  591.0   95.52  104.50
2453975.48530 16.7676  0.0130 6.37  671.0   95.52  104.50
2453975.65676 16.7417  0.0104 4.92  685.0   95.52  104.50
2453976.48205 16.7546  0.0094 3.73  723.0   95.52  104.50
2453976.64923 16.7607  0.0113 5.19  739.0   95.52  104.50
2453979.48508 16.7680  0.0142 5.83  920.0   95.52  104.50
2453982.54117 16.7676  0.0146 5.51 1192.0   95.52  104.50
2453983.49160 16.7442  0.0164 6.00 1273.0   95.52  104.50
2453986.55483 16.7491  0.0132 6.36  819.0   95.52  104.50
2453987.48273 16.7590  0.0119 5.52  705.0   95.52  104.50
2453987.64370 16.7516  0.0113 5.33  824.0   95.52  104.50
2453988.48566 16.7625  0.0098 4.31  659.0   95.52  104.50
2453990.61682 16.7678  0.0124 6.13  680.0   95.52  104.50
2453993.58679 16.7640  0.0129 6.37  641.0   95.52  104.50
2453995.54349 16.7404  0.0098 4.52  650.0   95.52  104.50
2453996.54195 16.7372  0.0116 5.80  641.0   95.52  104.50
2453999.56423 16.7375  0.0116 5.53  662.0   95.52  104.50
2454001.49450 16.7496  0.0124 5.51  795.0   95.52  104.50
2454003.51478 16.7747  0.0096 3.95  693.0   95.52  104.50
2454004.49006 16.7630  0.0097 3.84  759.0   95.52  104.50
2454006.49686 16.7704  0.0120 5.09  811.0   95.52  104.50
2454011.59357 16.7586  0.0135 5.71  986.0   95.52  104.50
2454012.54488 16.7615  0.0131 5.55  882.0   95.52  104.50
2454016.49235 16.7731  0.0129 5.38  855.0   95.52  104.50
2454018.51759 16.7415  0.0128 5.18  798.0   95.52  104.50
2454020.50697 16.7780  0.0132 6.28  686.0   95.52  104.50
2454023.51584 16.7314  0.0133 5.29 1049.0   95.52  104.50
2454025.53525 16.7301  0.0105 4.37  899.0   95.52  104.50
2454027.54017 16.7423  0.0122 5.51  849.0   95.52  104.50
2454030.53197 16.7608  0.0130 5.84  760.0   95.52  104.50
2454036.51320 16.7928  0.0168 6.12 1334.0   95.52  104.50
2454040.49435 16.7248  0.0204 5.71 2297.0   95.52  104.50
2454042.52439 16.7617  0.0165 6.53 1170.0   95.52  104.50
2454140.88499 16.7654  0.0183 6.12 1590.0   95.52  104.50
2454143.88227 16.7545  0.0149 4.87 1447.0   95.52  104.50
2454149.87419 16.7761  0.0131 5.43  832.0   95.52  104.50
2454153.86054 16.7508  0.0115 4.39  839.0   95.52  104.50
2454155.89649 16.7606  0.0135 4.53 1190.0   95.52  104.50
2454158.85847 16.7513  0.0124 4.90  872.0   95.52  104.50
2454161.82644 16.7570  0.0118 5.06  839.0   95.52  104.50
2454162.90779 16.7320  0.0156 4.18 2253.0   95.52  104.50
2454164.81498 16.7529  0.0125 4.40 1174.0   95.52  104.50
2454165.89537 16.7438  0.0156 5.53 1565.0   95.52  104.50
2454167.89933 16.7390  0.0113 4.00  947.0   95.52  104.50
2454169.90291 16.7527  0.0117 3.90  958.0   95.52  104.50
2454174.90536 16.7620  0.0116 4.39  871.0   95.52  104.50
2454175.85648 16.7780  0.0118 5.38  719.0   95.52  104.50
2454176.87886 16.7800  0.0111 3.59  839.0   95.52  104.50
2454178.77116 16.7906  0.0112 4.64  738.0   95.52  104.50
2454179.82996 16.7540  0.0108 3.62  780.0   95.52  104.50
2454180.90933 16.7514  0.0135 5.57  869.0   95.52  104.50
2454183.84731 16.7648  0.0119 5.25  719.0   95.52  104.50
2454184.88777 16.7767  0.0091 3.86  619.0   95.52  104.50
2454185.86368 16.7889  0.0119 4.85  668.0   95.52  104.50
2454189.89071 16.7568  0.0135 6.01  745.0   95.52  104.50
2454191.85341 16.7752  0.0145 6.03  897.0   95.52  104.50
2454192.76866 16.7547  0.0144 5.69 1015.0   95.52  104.50
2454194.76808 16.7516  0.0128 4.92  951.0   95.52  104.50
2454196.75834 16.7440  0.0134 5.15 1056.0   95.52  104.50
2454202.73976 16.7843  0.0119 4.34  923.0   95.52  104.50
2454203.72793 16.7455  0.0101 3.63  698.0   95.52  104.50
2454203.91234 16.7735  0.0108 3.47  861.0   95.52  104.50
2454204.71622 16.7566  0.0120 4.98  820.0   95.52  104.50
2454205.71665 16.7513  0.0112 4.93  671.0   95.52  104.50
2454207.70612 16.7728  0.0126 5.23  836.0   95.52  104.50
2454207.88135 16.7543  0.0105 3.73  695.0   95.52  104.50
2454208.72824 16.7535  0.0110 4.17  724.0   95.52  104.50
2454209.76097 16.7499  0.0096 4.01  676.0   95.52  104.50
2454211.74090 16.7702  0.0123 5.36  659.0   95.52  104.50
2454212.90224 16.7800  0.0138 5.83  712.0   95.52  104.50
2454213.73487 16.7692  0.0115 5.06  646.0   95.52  104.50
2454215.72486 16.7525  0.0121 5.08  760.0   95.52  104.50
2454216.68217 16.7466  0.0118 4.80  823.0   95.52  104.50
2454216.87558 16.7398  0.0075 4.73  320.0   95.52  104.50
2454217.68781 16.7712  0.0110 4.04  844.0   95.52  104.50
2454218.71201 16.7612  0.0136 5.84  798.0   95.52  104.50
2454219.73346 16.7556  0.0131 5.98  753.0   95.52  104.50
2454220.67039 16.7473  0.0136 5.69  950.0   95.52  104.50
2454221.71112 16.7512  0.0123 4.56 1005.0   95.52  104.50
2454222.89075 16.7567  0.0115 3.57 1049.0   95.52  104.50
2454223.67476 16.7858  0.0151 4.17 2030.0   95.52  104.50
2454224.76546 16.7502  0.0137 4.67 1246.0   95.52  104.50
2454228.65972 16.7489  0.0138 5.37 1068.0   95.52  104.50
2454228.89142 16.7642  0.0132 4.91 1054.0   95.52  104.50
2454229.65452 16.7473  0.0142 6.20  909.0   95.52  104.50
2454229.85159 16.7494  0.0120 4.64  900.0   95.52  104.50
2454229.91317 16.7627  0.0114 3.99  921.0   95.52  104.50
2454230.66434 16.7571  0.0111 4.13  759.0   95.52  104.50
2454230.85233 16.7573  0.0118 4.53  801.0   95.52  104.50
2454230.91404 16.7700  0.0149 5.88  973.0   95.52  104.50
2454231.64869 16.7394  0.0105 4.89  806.0   95.52  104.50
2454231.82412 16.7675  0.0117 4.32  841.0   95.52  104.50
2454231.91707 16.7690  0.0133 5.09  964.0   95.52  104.50
2454232.73150 16.7701  0.0130 5.07  946.0   95.52  104.50
2454232.89854 16.7602  0.0131 5.10  904.0   95.52  104.50
2454233.76198 16.7751  0.0170 7.25  936.0   95.52  104.50
2454234.68868 16.7694  0.0130 5.28  861.0   95.52  104.50
2454235.87376 16.7588  0.0119 4.63  790.0   95.52  104.50
2454237.67483 16.7987  0.0114 5.50  749.0   95.52  104.50
2454238.71245 16.7706  0.0115 4.61  752.0   95.52  104.50
2454238.85841 16.7650  0.0117 4.28  972.0   95.52  104.50
2454238.92015 16.7601  0.0136 5.20 1118.0   95.52  104.50
2454239.61765 16.7770  0.0154 6.66  857.0   95.52  104.50
2454240.65989 16.7585  0.0114 4.59  812.0   95.52  104.50
2454240.78207 16.7719  0.0116 4.55  753.0   95.52  104.50
2454240.92248 16.7447  0.0116 4.42  879.0   95.52  104.50
2454243.62245 16.7567  0.0138 5.75  932.0   95.52  104.50
2454243.71870 16.7689  0.0134 5.93  753.0   95.52  104.50
2454243.81227 16.7644  0.0121 4.78  795.0   95.52  104.50
2454243.93000 16.7599  0.0128 4.79  993.0   95.52  104.50
2454244.59824 16.7409  0.0150 6.34 1055.0   95.52  104.50
2454244.69058 16.7577  0.0122 5.07  780.0   95.52  104.50
2454244.78717 16.7646  0.0107 3.63  797.0   95.52  104.50
2454245.59097 16.7618  0.0098 5.21  524.0   95.52  104.50
2454245.68467 16.7650  0.0104 4.21  621.0   95.52  104.50
2454245.77784 16.7560  0.0102 3.95  615.0   95.52  104.50
2454246.64967 16.7511  0.0117 4.94  747.0   95.52  104.50
2454246.74267 16.7548  0.0118 4.80  774.0   95.52  104.50
2454246.83594 16.7533  0.0117 4.36  885.0   95.52  104.50
2454247.63267 16.7493  0.0127 5.00 1045.0   95.52  104.50
2454247.79116 16.7497  0.0106 3.96  749.0   95.52  104.50
2454250.71300 16.7548  0.0126 4.48 1098.0   95.52  104.50
2454251.78453 16.7218  0.0162 5.39 1523.0   95.52  104.50
2454256.59982 16.7550  0.0155 6.40 1081.0   95.52  104.50
2454256.74667 16.7541  0.0129 5.04  914.0   95.52  104.50
2454256.84447 16.7300  0.0159 6.41 1122.0   95.52  104.50
2454257.63170 16.7457  0.0137 5.81  867.0   95.52  104.50
2454258.61548 16.7236  0.0143 6.70  784.0   95.52  104.50
2454258.73817 16.7509  0.0116 4.58  786.0   95.52  104.50
2454258.83345 16.7501  0.0124 4.89  921.0   95.52  104.50
2454267.57549 16.7238  0.0128 5.65  836.0   95.52  104.50
2454268.76291 16.7436  0.0120 5.13  773.0   95.52  104.50
2454268.88330 16.7509  0.0143 5.92  968.0   95.52  104.50
2454269.55784 16.7664  0.0120 4.52  880.0   95.52  104.50
2454269.67889 16.7467  0.0108 4.86  632.0   95.52  104.50
2454269.76961 16.7706  0.0110 4.43  700.0   95.52  104.50
2454270.55334 16.7737  0.0124 4.75 1011.0   95.52  104.50
2454272.62176 16.7647  0.0108 3.86  809.0   95.52  104.50
2454272.77089 16.7663  0.0111 4.00  817.0   95.52  104.50
2454272.84240 16.7611  0.0120 4.35  962.0   95.52  104.50
2454273.59874 16.7575  0.0139 5.75  948.0   95.52  104.50
2454273.77960 16.7408  0.0129 4.64 1061.0   95.52  104.50
2454273.83940 16.7481  0.0130 4.51 1119.0   95.52  104.50
2454274.59123 16.7641  0.0136 4.72 1152.0   95.52  104.50
2454274.74578 16.7519  0.0113 3.97  874.0   95.52  104.50
2454274.80490 16.7480  0.0126 4.77  958.0   95.52  104.50
2454275.58394 16.7422  0.0125 4.78 1009.0   95.52  104.50
2454275.75939 16.7661  0.0129 4.75 1021.0   95.52  104.50
2454275.81785 16.7897  0.0151 5.63 1056.0   95.52  104.50
2454275.87901 16.7754  0.0174 6.34 1316.0   95.52  104.50
2454276.56874 16.7611  0.0151 5.94 1022.0   95.52  104.50
2454277.51254 16.7381  0.0148 5.11 1294.0   95.52  104.50
2454277.68775 16.7502  0.0115 4.30  836.0   95.52  104.50
2454277.74820 16.7671  0.0123 4.87  819.0   95.52  104.50
2454277.80682 16.7542  0.0142 5.51 1044.0   95.52  104.50
2454278.54635 16.7340  0.0148 5.51 1221.0   95.52  104.50
2454278.73361 16.7660  0.0152 6.34  910.0   95.52  104.50
2454278.80658 16.7566  0.0170 6.68 1196.0   95.52  104.50
2454283.49203 16.7518  0.0140 4.19 1475.0   95.52  104.50
2454283.70178 16.7402  0.0138 4.31 1253.0   95.52  104.50
2454284.48706 16.7784  0.0144 5.09 1115.0   95.52  104.50
2454284.71754 16.7471  0.0109 3.40  971.0   95.52  104.50
2454284.77974 16.7670  0.0128 4.76 1098.0   95.52  104.50
2454284.84482 16.7710  0.0162 5.53 1494.0   95.52  104.50
2454285.48555 16.7728  0.0143 4.66 1253.0   95.52  104.50
2454285.67743 16.7591  0.0133 4.83  917.0   95.52  104.50
2454285.74212 16.7437  0.0121 5.01  787.0   95.52  104.50
2454285.80767 16.7631  0.0130 5.16  872.0   95.52  104.50
2454286.48584 16.7562  0.0165 5.97 1340.0   95.52  104.50
2454286.77540 16.7739  0.0123 4.08 1416.0   95.52  104.50
2454289.48636 16.7713  0.0151 5.92 1040.0   95.52  104.50
2454289.71290 16.7720  0.0130 5.24  869.0   95.52  104.50
2454289.77794 16.7588  0.0130 5.22  873.0   95.52  104.50
2454289.84476 16.7675  0.0139 5.95  900.0   95.52  104.50
2454290.54398 16.7538  0.0124 5.20  724.0   95.52  104.50
2454291.64634 16.7523  0.0109 4.17  673.0   95.52  104.50
2454291.76874 16.7498  0.0133 5.90  771.0   95.52  104.50
2454292.47206 16.7511  0.0130 4.62 1101.0   95.52  104.50
2454292.65018 16.7531  0.0109 3.98  743.0   95.52  104.50
2454292.70980 16.7453  0.0106 4.05  710.0   95.52  104.50
2454292.76853 16.7577  0.0105 3.57  748.0   95.52  104.50
2454292.83169 16.7591  0.0141 4.95 1000.0   95.52  104.50
2454293.47238 16.7660  0.0130 4.83  982.0   95.52  104.50
2454293.73710 16.7651  0.0105 3.73  664.0   95.52  104.50
2454293.81470 16.7774  0.0121 4.87  773.0   95.52  104.50
2454294.47169 16.7587  0.0122 4.50 1008.0   95.52  104.50
2454295.47323 16.7743  0.0150 6.65  902.0   95.52  104.50
2454295.67671 16.7545  0.0100 4.00  546.0   95.52  104.50
2454295.73541 16.7753  0.0102 3.97  566.0   95.52  104.50
2454295.81244 16.7756  0.0120 5.38  671.0   95.52  104.50
2454296.47450 16.7597  0.0130 5.28  848.0   95.52  104.50
2454296.66192 16.7631  0.0103 4.00  564.0   95.52  104.50
2454296.75068 16.7447  0.0106 4.37  639.0   95.52  104.50
2454297.49530 16.7573  0.0135 5.87  811.0   95.52  104.50
2454297.69504 16.7597  0.0109 4.49  612.0   95.52  104.50
2454297.79779 16.7598  0.0115 5.75  655.0   95.52  104.50
2454298.52998 16.7692  0.0122 5.02  675.0   95.52  104.50
2454298.63580 16.7623  0.0118 5.48  595.0   95.52  104.50
2454298.72931 16.7626  0.0117 5.30  637.0   95.52  104.50
2454299.51282 16.7485  0.0112 4.60  734.0   95.52  104.50
2454299.60617 16.7607  0.0102 4.00  587.0   95.52  104.50
2454299.69838 16.7479  0.0111 4.92  576.0   95.52  104.50
2454299.78856 16.7699  0.0130 6.15  646.0   95.52  104.50
2454300.50385 16.7818  0.0125 4.89  747.0   95.52  104.50
2454300.62813 16.7570  0.0098 3.66  561.0   95.52  104.50
2454300.72456 16.7781  0.0114 4.60  624.0   95.52  104.50
2454301.49876 16.7566  0.0118 4.46  919.0   95.52  104.50
2454301.59104 16.7649  0.0103 3.72  742.0   95.52  104.50
2454301.68769 16.7742  0.0104 3.82  658.0   95.52  104.50
2454301.78624 16.7601  0.0106 4.20  644.0   95.52  104.50
2454302.55953 16.7729  0.0116 4.91  814.0   95.52  104.50
2454302.66643 16.7519  0.0122 5.60  647.0   95.52  104.50
2454303.64645 16.7634  0.0132 6.28  621.0   95.52  104.50
2454304.53254 16.7385  0.0163 6.36 1150.0   95.52  104.50
2454304.64193 16.7631  0.0127 4.61  971.0   95.52  104.50
2454305.65775 16.7544  0.0139 6.42  722.0   95.52  104.50
2454306.51947 16.7441  0.0149 6.15 1013.0   95.52  104.50
2454306.65729 16.7466  0.0121 4.87  858.0   95.52  104.50
2454307.75784 16.7749  0.0128 4.36 1231.0   95.52  104.50
2454310.76369 16.7702  0.0160 4.76 1888.0   95.52  104.50
2454311.73333 16.7401  0.0153 5.13 1389.0   95.52  104.50
2454312.50314 16.7377  0.0153 5.51 1245.0   95.52  104.50
2454312.69831 16.7408  0.0130 5.33  925.0   95.52  104.50
2454312.79590 16.7556  0.0145 5.76 1080.0   95.52  104.50
2454314.49668 16.7651  0.0129 6.02  674.0   95.52  104.50
2454315.53727 16.7466  0.0112 4.32  756.0   95.52  104.50
2454316.56613 16.7505  0.0105 4.25  652.0   95.52  104.50
2454317.48854 16.7584  0.0112 4.32  760.0   95.52  104.50
2454319.49759 16.7606  0.0123 4.93  804.0   95.52  104.50
2454319.75205 16.7534  0.0131 5.32  851.0   95.52  104.50
2454320.51311 16.7625  0.0124 5.32  698.0   95.52  104.50
2454326.47613 16.7853  0.0127 5.01  852.0   95.52  104.50
2454327.56922 16.7553  0.0130 5.74  698.0   95.52  104.50
2454328.49634 16.7700  0.0123 4.40  924.0   95.52  104.50
2454328.67329 16.7681  0.0129 5.29  753.0   95.52  104.50
2454329.50698 16.7649  0.0114 4.44  743.0   95.52  104.50
2454329.65482 16.7545  0.0122 4.86  715.0   95.52  104.50
2454329.71362 16.7542  0.0139 6.16  784.0   95.52  104.50
2454330.51904 16.7429  0.0107 4.27  684.0   95.52  104.50
2454330.67003 16.7571  0.0111 4.61  673.0   95.52  104.50
2454331.49923 16.7620  0.0120 4.89  758.0   95.52  104.50
2454331.66575 16.7320  0.0121 5.67  638.0   95.52  104.50
2454332.47697 16.7438  0.0114 4.02  919.0   95.52  104.50
2454333.50804 16.7729  0.0129 4.85  879.0   95.52  104.50
2454333.66911 16.7722  0.0118 4.41  806.0   95.52  104.50
2454334.48126 16.7292  0.0233 5.41 3743.0   95.52  104.50
2454334.51815 16.7700  0.0218 5.18 3286.0   95.52  104.50
2454334.57890 16.7845  0.0218 4.18 4589.0   95.52  104.50
2454338.48065 16.7518  0.0133 4.05 1378.0   95.52  104.50
2454339.50089 16.7764  0.0133 4.35 1172.0   95.52  104.50
2454339.67203 16.7475  0.0147 5.64 1102.0   95.52  104.50
2454340.56952 16.7632  0.0139 4.89 1144.0   95.52  104.50
2454341.48181 16.7691  0.0156 5.78 1097.0   95.52  104.50
2454342.47783 16.7718  0.0144 5.89  954.0   95.52  104.50
2454342.51113 16.7522  0.0124 4.99  793.0   95.52  104.50
2454343.47919 16.7478  0.0114 3.68 1049.0   95.52  104.50
2454343.68692 16.7773  0.0136 5.48  877.0   95.52  104.50
2454344.51786 16.7785  0.0141 5.41  860.0   95.52  104.50
2454345.48324 16.7530  0.0114 4.09  894.0   95.52  104.50
2454346.49188 16.7534  0.0122 4.83  907.0   95.52  104.50
2454347.51084 16.7363  0.0129 5.51  734.0   95.52  104.50
2454348.49430 16.7547  0.0118 4.73  771.0   95.52  104.50
2454348.50141 16.7572  0.0111 4.12  748.0   95.52  104.50
2454350.50644 16.7479  0.0118 4.40  827.0   95.52  104.50
2454351.48167 16.7514  0.0119 4.37  859.0   95.52  104.50
2454352.49236 16.7703  0.0143 6.00  845.0   95.52  104.50
2454353.48907 16.7522  0.0112 3.85  886.0   95.52  104.50
2454354.51764 16.7696  0.0108 3.56  847.0   95.52  104.50
2454355.50822 16.7619  0.0118 4.41  949.0   95.52  104.50
2454356.48572 16.7633  0.0109 3.75  807.0   95.52  104.50
2454357.56892 16.7655  0.0139 5.99  800.0   95.52  104.50
2454358.52617 16.7537  0.0138 5.94  823.0   95.52  104.50
2454359.49500 16.7736  0.0125 4.75  882.0   95.52  104.50
2454361.54798 16.7942  0.0162 6.11 1001.0   95.52  104.50
2454362.48340 16.7694  0.0140 4.40 1526.0   95.52  104.50
2454365.54039 16.7546  0.0164 6.21 1102.0   95.52  104.50
2454367.51668 16.7365  0.0123 4.32 1108.0   95.52  104.50
2454368.55230 16.7624  0.0151 5.80 1048.0   95.52  104.50
2454369.50996 16.7702  0.0175 6.43 1166.0   95.52  104.50
2454370.53920 16.7708  0.0116 3.63 1062.0   95.52  104.50
2454371.51155 16.7649  0.0114 3.73  946.0   95.52  104.50
2454372.49660 16.7819  0.0109 3.62  814.0   95.52  104.50
2454373.56265 16.7508  0.0123 4.12  946.0   95.52  104.50
2454375.51692 16.7641  0.0161 6.34 1107.0   95.52  104.50
2454377.58680 16.7767  0.0155 6.61  911.0   95.52  104.50
2454378.49684 16.7711  0.0123 4.87  818.0   95.52  104.50
2454379.51219 16.7595  0.0151 5.95  921.0   95.52  104.50
2454380.52373 16.7528  0.0115 4.04  869.0   95.52  104.50
2454381.50169 16.7804  0.0160 5.94 1020.0   95.52  104.50
2454382.59022 16.7760  0.0143 5.54  994.0   95.52  104.50
2454383.51521 16.7439  0.0114 4.21  880.0   95.52  104.50
2454384.55218 16.7667  0.0140 5.77  846.0   95.52  104.50
2454387.53949 16.7500  0.0134 5.14  983.0   95.52  104.50
2454393.50956 16.7566  0.0114 3.71 1061.0   95.52  104.50
2454394.56696 16.7612  0.0156 5.42 1266.0   95.52  104.50
2454395.53839 16.7992  0.0155 5.18 1136.0   95.52  104.50
2454396.55087 16.7866  0.0171 5.28 1535.0   95.52  104.50
2454397.50972 16.7629  0.0143 4.58 1324.0   95.52  104.50
2454398.51734 16.7690  0.0140 4.47 1344.0   95.52  104.50
2454399.55295 16.7510  0.0155 5.39 1420.0   95.52  104.50
2454400.51229 16.7438  0.0149 5.05 1449.0   95.52  104.50
2454402.52693 16.7654  0.0170 6.11 1198.0   95.52  104.50
2454403.52791 16.7755  0.0159 5.66 1127.0   95.52  104.50
2454411.53287 16.7884  0.0186 6.68 1351.0   95.52  104.50
2454506.87947 16.7472  0.0147 5.55 1190.0   95.52  104.50
2454510.87867 16.7656  0.0118 4.58  917.0   95.52  104.50
2454513.83994 16.8021  0.0135 5.56  977.0   95.52  104.50
2454517.83405 16.7876  0.0175 6.11 1391.0   95.52  104.50
2454519.81994 16.7823  0.0148 5.73 1123.0   95.52  104.50
2454522.84884 16.7555  0.0142 5.85 1032.0   95.52  104.50
2454524.83249 16.7732  0.0121 4.52 1055.0   95.52  104.50
2454530.79464 16.7493  0.0101 3.70  858.0   95.52  104.50
2454533.82343 16.7723  0.0116 5.29  708.0   95.52  104.50
2454535.87837 16.7545  0.0117 5.19  759.0   95.52  104.50
2454537.77802 16.7637  0.0120 5.53  754.0   95.52  104.50
2454538.87197 16.7695  0.0114 4.59  787.0   95.52  104.50
2454539.83315 16.7756  0.0107 4.52  691.0   95.52  104.50
2454540.84304 16.7677  0.0106 4.15  756.0   95.52  104.50
2454541.77213 16.7591  0.0107 4.60  707.0   95.52  104.50
2454542.76665 16.7572  0.0133 5.55  928.0   95.52  104.50
2454543.76228 16.7404  0.0123 5.37  874.0   95.52  104.50
2454544.75913 16.7456  0.0144 6.12 1039.0   95.52  104.50
2454545.74582 16.7685  0.0162 6.28 1131.0   95.52  104.50
2454546.75246 16.7739  0.0135 4.93 1125.0   95.52  104.50
2454547.76662 16.7645  0.0116 3.91 1113.0   95.52  104.50
2454548.81952 16.7560  0.0117 4.50  950.0   95.52  104.50
2454550.79176 16.7614  0.0131 5.61  904.0   95.52  104.50
2454551.73810 16.7588  0.0130 4.74 1122.0   95.52  104.50
2454552.78173 16.7468  0.0215 4.96 3721.0   95.52  104.50
2454556.73440 16.7398  0.0103 4.43  675.0   95.52  104.50
2454556.92433 16.7641  0.0133 3.86 1614.0   95.52  104.50
2454557.75199 16.7700  0.0110 4.91  654.0   95.52  104.50
2454558.77218 16.7454  0.0101 4.25  663.0   95.52  104.50
2454559.72503 16.7794  0.0102 4.43  604.0   95.52  104.50
2454559.91398 16.7578  0.0108 4.32  719.0   95.52  104.50
2454560.72131 16.7804  0.0124 6.30  607.0   95.52  104.50
2454560.91458 16.7637  0.0100 3.66  700.0   95.52  104.50
2454561.71781 16.7438  0.0106 4.46  740.0   95.52  104.50
2454561.90340 16.7578  0.0093 3.52  654.0   95.52  104.50
2454564.70805 16.7683  0.0113 5.21  658.0   95.52  104.50
2454564.90827 16.7643  0.0102 4.26  647.0   95.52  104.50
2454565.70617 16.7755  0.0100 4.16  674.0   95.52  104.50
2454565.89678 16.7693  0.0091 3.06  658.0   95.52  104.50
2454566.70551 16.7635  0.0103 4.35  668.0   95.52  104.50
2454566.89858 16.7546  0.0095 3.42  669.0   95.52  104.50
2454566.90996 16.7448  0.0096 3.74  670.0   95.52  104.50
2454566.92548 16.7327  0.0117 3.70 1493.0   95.52  104.50
2454567.69771 16.7406  0.0117 5.23  797.0   95.52  104.50
2454567.79754 16.7631  0.0101 4.02  663.0   95.52  104.50
2454567.90443 16.7603  0.0106 4.10  735.0   95.52  104.50
2454568.70324 16.7766  0.0121 5.42  705.0   95.52  104.50
2454569.71291 16.7788  0.0126 5.77  711.0   95.52  104.50
2454569.92247 16.7584  0.0114 4.59  831.0   95.52  104.50
2454570.70080 16.7569  0.0123 5.55  792.0   95.52  104.50
2454571.69198 16.7512  0.0136 6.06  865.0   95.52  104.50
2454571.88997 16.7621  0.0098 3.73  665.0   95.52  104.50
2454572.70376 16.7877  0.0141 6.30  843.0   95.52  104.50
2454573.71758 16.7706  0.0115 4.85  902.0   95.52  104.50
2454573.92605 16.7637  0.0115 4.19 1022.0   95.52  104.50
2454574.72000 16.7589  0.0115 4.28  941.0   95.52  104.50
2454575.72542 16.7412  0.0117 4.30 1014.0   95.52  104.50
2454576.73311 16.7434  0.0119 4.24 1155.0   95.52  104.50
2454577.81455 16.7422  0.0111 4.06  900.0   95.52  104.50
2454578.76837 16.7183  0.0165 5.38 1923.0   95.52  104.50
2454579.84506 16.7674  0.0124 4.57 1079.0   95.52  104.50
2454583.71205 16.7750  0.0138 5.87  907.0   95.52  104.50
2454583.79685 16.7510  0.0108 4.27  815.0   95.52  104.50
2454583.83225 16.7523  0.0120 3.84 1328.0   95.52  104.50
2454583.86149 16.7530  0.0104 4.06  747.0   95.52  104.50
2454583.89280 16.7593  0.0105 4.30  719.0   95.52  104.50
2454583.92076 16.7401  0.0105 3.98  862.0   95.52  104.50
2454585.69323 16.7751  0.0139 6.28  742.0   95.52  104.50
2454585.71261 16.7648  0.0113 4.80  727.0   95.52  104.50
2454585.73255 16.7738  0.0128 5.47  770.0   95.52  104.50
2454585.74670 16.7612  0.0121 5.39  747.0   95.52  104.50
2454585.76700 16.7606  0.0117 5.36  721.0   95.52  104.50
2454585.77888 16.7894  0.0135 5.58  959.0   95.52  104.50
2454585.79887 16.7690  0.0129 5.52 1011.0   95.52  104.50
2454585.83989 16.7489  0.0105 4.21  748.0   95.52  104.50
2454585.87092 16.7702  0.0108 4.19  801.0   95.52  104.50
2454585.92114 16.7661  0.0121 5.25  811.0   95.52  104.50
2454586.72187 16.7872  0.0133 6.40  711.0   95.52  104.50
2454586.74045 16.7564  0.0130 6.05  733.0   95.52  104.50
2454586.89295 16.7417  0.0113 4.46  888.0   95.52  104.50
2454586.92719 16.7786  0.0152 5.99 1035.0   95.52  104.50
2454587.74870 16.7634  0.0124 5.71  723.0   95.52  104.50
2454587.90712 16.7467  0.0124 5.43  817.0   95.52  104.50
2454588.71388 16.7520  0.0115 5.49  717.0   95.52  104.50
2454589.69618 16.7504  0.0115 5.12  738.0   95.52  104.50
2454589.85151 16.7565  0.0112 4.34  717.0   95.52  104.50
2454589.91354 16.7540  0.0117 4.57  787.0   95.52  104.50
2454590.67355 16.7566  0.0119 4.89  852.0   95.52  104.50
2454590.87923 16.7396  0.0112 4.58  814.0   95.52  104.50
2454591.68537 16.7613  0.0118 4.74  901.0   95.52  104.50
2454591.85740 16.7571  0.0114 4.53  847.0   95.52  104.50
2454591.91953 16.7563  0.0116 4.18  995.0   95.52  104.50
2454592.64384 16.7833  0.0120 4.32 1026.0   95.52  104.50
2454592.83303 16.7511  0.0123 4.14 1078.0   95.52  104.50
2454592.89642 16.7459  0.0116 3.93 1076.0   95.52  104.50
2454593.63314 16.7564  0.0127 4.98  941.0   95.52  104.50
2454593.84264 16.7429  0.0103 3.80  813.0   95.52  104.50
2454593.90474 16.7766  0.0116 4.15  938.0   95.52  104.50
2454594.65417 16.7610  0.0131 5.62  831.0   95.52  104.50
2454594.84889 16.7381  0.0111 4.62  789.0   95.52  104.50
2454594.91462 16.7703  0.0122 5.04  835.0   95.52  104.50
2454595.63966 16.7593  0.0132 5.79  842.0   95.52  104.50
2454595.83782 16.7491  0.0111 4.79  691.0   95.52  104.50
2454595.89991 16.7563  0.0113 4.74  738.0   95.52  104.50
2454596.63296 16.7707  0.0118 5.01  811.0   95.52  104.50
2454596.91267 16.7676  0.0114 4.73  748.0   95.52  104.50
2454597.66344 16.7566  0.0112 4.96  672.0   95.52  104.50
2454597.85476 16.7392  0.0107 4.25  798.0   95.52  104.50
2454597.92586 16.7592  0.0122 4.79  924.0   95.52  104.50
2454598.63320 16.7549  0.0100 4.39  645.0   95.52  104.50
2454598.87803 16.7448  0.0099 3.82  683.0   95.52  104.50
2454599.61203 16.7714  0.0126 4.78  949.0   95.52  104.50
2454599.81607 16.7570  0.0099 3.77  648.0   95.52  104.50
2454600.62121 16.7328  0.0105 4.74  687.0   95.52  104.50
2454600.92779 16.7716  0.0118 4.03 1038.0   95.52  104.50
2454601.62682 16.7447  0.0112 4.15  942.0   95.52  104.50
2454601.84314 16.7545  0.0093 3.95  585.0   95.52  104.50
2454601.90509 16.7711  0.0101 4.33  646.0   95.52  104.50
2454602.61421 16.7575  0.0104 3.92  845.0   95.52  104.50
2454602.82880 16.7626  0.0103 4.18  789.0   95.52  104.50
2454603.74682 16.7604  0.0109 4.35  748.0   95.52  104.50
2454606.61456 16.7629  0.0137 4.95 1424.0   95.52  104.50
2454610.75376 16.7499  0.0103 3.62  879.0   95.52  104.50
2454610.92373 16.7654  0.0125 4.11 1169.0   95.52  104.50
2454611.60634 16.7669  0.0143 5.77  982.0   95.52  104.50
2454611.83928 16.7650  0.0106 3.53  950.0   95.52  104.50
2454612.62773 16.7800  0.0135 5.63 1005.0   95.52  104.50
2454615.76941 16.7946  0.0124 5.27  765.0   95.52  104.50
2454616.57842 16.7816  0.0142 6.26  845.0   95.52  104.50
2454616.79493 16.7614  0.0104 4.58  612.0   95.52  104.50
2454616.86469 16.7667  0.0116 4.78  776.0   95.52  104.50
2454617.63875 16.7738  0.0111 4.72  701.0   95.52  104.50
2454618.58998 16.7681  0.0133 6.10  797.0   95.52  104.50
2454621.67600 16.7592  0.0098 4.41  674.0   95.52  104.50
2454622.77172 16.7746  0.0123 5.65  771.0   95.52  104.50
2454622.88996 16.7734  0.0124 4.79  953.0   95.52  104.50
2454623.60334 16.7721  0.0135 6.25  742.0   95.52  104.50
2454623.84371 16.7672  0.0133 5.48  877.0   95.52  104.50
2454623.91460 16.7677  0.0148 6.15 1038.0   95.52  104.50
2454624.55544 16.7988  0.0146 5.88  977.0   95.52  104.50
2454624.78734 16.7594  0.0115 5.31  668.0   95.52  104.50
2454624.85394 16.7621  0.0111 4.33  713.0   95.52  104.50
2454624.92296 16.7843  0.0146 5.96  957.0   95.52  104.50
2454625.58165 16.7426  0.0125 5.80  739.0   95.52  104.50
2454625.76978 16.7450  0.0121 5.07  795.0   95.52  104.50
2454625.86365 16.7700  0.0119 4.73  814.0   95.52  104.50
2454626.57743 16.7779  0.0133 6.00  748.0   95.52  104.50
2454626.83204 16.7502  0.0114 5.16  671.0   95.52  104.50
2454627.53699 16.7496  0.0114 4.26  924.0   95.52  104.50
2454627.80552 16.7642  0.0098 3.96  573.0   95.52  104.50
2454627.89220 16.7729  0.0101 4.06  621.0   95.52  104.50
2454628.57030 16.7476  0.0114 4.80  800.0   95.52  104.50
2454628.73406 16.7518  0.0103 4.27  658.0   95.52  104.50
2454628.79967 16.7678  0.0110 4.37  675.0   95.52  104.50
2454628.86165 16.7809  0.0106 4.26  658.0   95.52  104.50
2454629.58353 16.7464  0.0114 4.76  726.0   95.52  104.50
2454629.80322 16.7584  0.0109 4.14  794.0   95.52  104.50
2454629.81232 16.7698  0.0110 4.14  798.0   95.52  104.50
2454629.85146 16.7362  0.0109 4.16  825.0   95.52  104.50
2454629.87476 16.7645  0.0103 3.69  789.0   95.52  104.50
2454629.88549 16.7664  0.0104 3.95  794.0   95.52  104.50
2454629.92301 16.7663  0.0131 5.58  849.0   95.52  104.50
2454630.52767 16.7673  0.0134 5.30  965.0   95.52  104.50
2454630.53697 16.7574  0.0142 5.82  984.0   95.52  104.50
2454630.57899 16.7535  0.0108 4.11  764.0   95.52  104.50
2454630.61384 16.7629  0.0102 3.79  704.0   95.52  104.50
2454630.66850 16.7724  0.0100 3.78  690.0   95.52  104.50
2454630.70277 16.7668  0.0103 3.91  719.0   95.52  104.50
2454630.73814 16.7776  0.0105 4.11  715.0   95.52  104.50
2454630.74702 16.7575  0.0104 4.01  752.0   95.52  104.50
2454630.82512 16.7449  0.0107 4.30  744.0   95.52  104.50
2454630.89321 16.7694  0.0115 4.39  857.0   95.52  104.50
2454631.54250 16.7518  0.0106 3.76 1003.0   95.52  104.50
2454631.75831 16.7568  0.0111 4.82  725.0   95.52  104.50
2454631.83608 16.7785  0.0115 4.57  765.0   95.52  104.50
2454631.91104 16.7510  0.0133 5.00 1193.0   95.52  104.50
2454632.53983 16.7512  0.0147 5.49 1221.0   95.52  104.50
2454632.80272 16.7538  0.0107 3.82  857.0   95.52  104.50
2454633.54585 16.7559  0.0115 3.82 1103.0   95.52  104.50
2454633.64771 16.7390  0.0111 4.21  886.0   95.52  104.50
2454633.76932 16.7785  0.0117 3.96  981.0   95.52  104.50
2454638.73136 16.7765  0.0137 5.73  881.0   95.52  104.50
2454638.82906 16.7573  0.0118 4.42 1026.0   95.52  104.50
2454639.54405 16.7869  0.0141 4.94 1167.0   95.52  104.50
2454639.65024 16.7561  0.0113 4.03  949.0   95.52  104.50
2454639.82960 16.7791  0.0148 5.24 1300.0   95.52  104.50
2454640.57015 16.7678  0.0109 4.10  827.0   95.52  104.50
2454640.70105 16.7686  0.0103 3.89  686.0   95.52  104.50
2454640.80833 16.7666  0.0135 6.05  782.0   95.52  104.50
2454641.59296 16.7755  0.0115 4.93  702.0   95.52  104.50
2454641.74857 16.7788  0.0113 4.77  754.0   95.52  104.50
2454642.56873 16.7580  0.0114 4.80  772.0   95.52  104.50
2454642.72922 16.7449  0.0106 4.87  623.0   95.52  104.50
2454642.80715 16.7510  0.0116 4.84  784.0   95.52  104.50
2454643.52188 16.7680  0.0136 5.75  948.0   95.52  104.50
2454644.64134 16.7885  0.0119 5.14  688.0   95.52  104.50
2454644.82062 16.7619  0.0110 4.52  741.0   95.52  104.50
2454645.49552 16.7440  0.0125 4.33 1235.0   95.52  104.50
2454645.74620 16.7616  0.0116 4.88  715.0   95.52  104.50
2454645.82204 16.7623  0.0117 4.54  824.0   95.52  104.50
2454645.88680 16.7588  0.0150 5.75 1185.0   95.52  104.50
2454646.49738 16.7599  0.0116 4.06  999.0   95.52  104.50
2454646.82948 16.7827  0.0119 4.29  889.0   95.52  104.50
2454647.49186 16.7501  0.0129 4.12 1333.0   95.52  104.50
2454647.71671 16.7699  0.0121 4.86  820.0   95.52  104.50
2454647.81011 16.7744  0.0136 5.43  916.0   95.52  104.50
2454648.48728 16.7712  0.0132 4.55 1151.0   95.52  104.50
2454648.52026 16.7680  0.0117 3.93  898.0   95.52  104.50
2454648.60975 16.7499  0.0113 4.80  777.0   95.52  104.50
2454648.62503 16.7602  0.0110 4.18  799.0   95.52  104.50
2454648.62983 16.7559  0.0110 4.21  784.0   95.52  104.50
2454648.63927 16.7623  0.0107 4.11  731.0   95.52  104.50
2454648.64758 16.7638  0.0104 3.95  722.0   95.52  104.50
2454648.65596 16.7575  0.0102 4.02  688.0   95.52  104.50
2454648.66712 16.7467  0.0098 3.62  686.0   95.52  104.50
2454648.67656 16.7755  0.0109 4.16  683.0   95.52  104.50
2454648.68591 16.7726  0.0109 4.36  680.0   95.52  104.50
2454648.70080 16.7661  0.0114 4.70  677.0   95.52  104.50
2454648.71328 16.7761  0.0114 4.53  677.0   95.52  104.50
2454648.72159 16.7520  0.0113 4.83  677.0   95.52  104.50
2454648.73003 16.7763  0.0113 4.49  665.0   95.52  104.50
2454648.73593 16.7688  0.0108 4.46  666.0   95.52  104.50
2454648.74871 16.7465  0.0109 4.67  666.0   95.52  104.50
2454648.75703 16.7663  0.0107 4.33  651.0   95.52  104.50
2454648.76534 16.7605  0.0107 4.35  675.0   95.52  104.50
2454648.77381 16.7785  0.0115 4.86  693.0   95.52  104.50
2454648.78213 16.7970  0.0118 4.92  702.0   95.52  104.50
2454648.83765 16.7544  0.0122 4.90  855.0   95.52  104.50
2454649.50041 16.7533  0.0133 5.25  986.0   95.52  104.50
2454649.54102 16.7525  0.0119 4.93  863.0   95.52  104.50
2454649.59725 16.7509  0.0106 4.76  605.0   95.52  104.50
2454649.69673 16.7618  0.0110 4.60  681.0   95.52  104.50
2454649.71088 16.7617  0.0104 4.10  653.0   95.52  104.50
2454649.82538 16.7455  0.0128 5.72  792.0   95.52  104.50
2454650.49973 16.7379  0.0130 4.76 1143.0   95.52  104.50
2454650.53190 16.7322  0.0141 5.77 1057.0   95.52  104.50
2454650.74936 16.7602  0.0105 4.13  630.0   95.52  104.50
2454650.83434 16.7718  0.0129 5.45  806.0   95.52  104.50
2454651.49213 16.7681  0.0131 4.52 1142.0   95.52  104.50
2454652.48372 16.7621  0.0140 5.35 1108.0   95.52  104.50
2454652.68630 16.7651  0.0120 5.30  737.0   95.52  104.50
2454652.76786 16.7642  0.0115 5.06  678.0   95.52  104.50
2454652.82145 16.7617  0.0130 5.56  818.0   95.52  104.50
2454653.48016 16.7797  0.0153 5.82 1175.0   95.52  104.50
2454653.69924 16.7634  0.0117 4.73  811.0   95.52  104.50
2454653.76448 16.7565  0.0117 4.81  817.0   95.52  104.50
2454654.51544 16.7423  0.0125 5.66  796.0   95.52  104.50
2454654.72005 16.7711  0.0114 4.86  711.0   95.52  104.50
2454654.79542 16.7585  0.0118 4.44  929.0   95.52  104.50
2454655.47996 16.7922  0.0149 5.52 1222.0   95.52  104.50
2454655.70431 16.7713  0.0102 4.41  590.0   95.52  104.50
2454655.76623 16.7711  0.0108 4.35  705.0   95.52  104.50
2454656.48195 16.7593  0.0108 3.86  902.0   95.52  104.50
2454656.67174 16.7673  0.0117 4.68  854.0   95.52  104.50
2454656.78735 16.7627  0.0118 4.15 1073.0   95.52  104.50
2454657.55649 16.7573  0.0128 5.39  886.0   95.52  104.50
2454658.64026 16.7530  0.0113 4.78  739.0   95.52  104.50
2454659.57328 16.7494  0.0128 5.66  775.0   95.52  104.50
2454660.52971 16.7863  0.0151 6.09 1011.0   95.52  104.50
2454661.47005 16.7695  0.0135 4.42 1486.0   95.52  104.50
2454661.66759 16.7485  0.0145 4.57 1765.0   95.52  104.50
2454661.73218 16.7683  0.0131 3.88 1553.0   95.52  104.50
2454661.79929 16.7597  0.0156 4.57 1870.0   95.52  104.50
2454665.63727 16.7864  0.0148 4.57 1585.0   95.52  104.50
2454666.48153 16.7709  0.0157 5.75 1351.0   95.52  104.50
2454666.66615 16.7605  0.0122 4.74  977.0   95.52  104.50
2454669.59162 16.7641  0.0130 5.64  872.0   95.52  104.50
2454670.62760 16.7625  0.0120 5.43  705.0   95.52  104.50
2454671.54860 16.7723  0.0107 4.62  630.0   95.52  104.50
2454671.75554 16.7634  0.0116 4.93  703.0   95.52  104.50
2454672.48330 16.7517  0.0104 4.11  892.0   95.52  104.50
2454672.74680 16.7406  0.0115 4.52  863.0   95.52  104.50
2454672.78577 16.7620  0.0115 4.76  792.0   95.52  104.50
2454674.48774 16.7810  0.0137 6.12  760.0   95.52  104.50
2454677.46831 16.7459  0.0139 4.78 1418.0   95.52  104.50
2454677.61473 16.7968  0.0123 5.58  617.0   95.52  104.50
2454677.69851 16.7661  0.0119 5.34  679.0   95.52  104.50
2454678.66542 16.7582  0.0104 4.58  592.0   95.52  104.50
2454679.56106 16.7575  0.0130 6.18  680.0   95.52  104.50
2454681.50976 16.7380  0.0117 5.23  747.0   95.52  104.50
2454681.60981 16.7667  0.0110 5.11  608.0   95.52  104.50
2454682.48079 16.7635  0.0106 3.78  801.0   95.52  104.50
2454682.55672 16.7705  0.0110 4.17  722.0   95.52  104.50
2454682.73337 16.7642  0.0105 3.98  701.0   95.52  104.50
2454683.47730 16.7724  0.0138 5.32 1031.0   95.52  104.50
2454683.68619 16.7497  0.0119 5.41  666.0   95.52  104.50
2454683.74940 16.7797  0.0139 6.70  634.0   95.52  104.50
2454684.48296 16.7585  0.0130 5.12  960.0   95.52  104.50
2454684.74775 16.7440  0.0112 5.04  679.0   95.52  104.50
2454685.52515 16.7533  0.0117 4.23  880.0   95.52  104.50
2454686.48039 16.7625  0.0125 4.94  895.0   95.52  104.50
2454687.50638 16.7722  0.0122 5.11  787.0   95.52  104.50
2454687.71976 16.7711  0.0131 5.28  945.0   95.52  104.50
2454688.47699 16.7399  0.0141 5.48 1063.0   95.52  104.50
2454688.66701 16.7507  0.0106 4.10  715.0   95.52  104.50
2454688.72868 16.7423  0.0129 5.66  794.0   95.52  104.50
2454693.52145 16.7617  0.0121 3.99 1347.0   95.52  104.50
2454694.51990 16.7951  0.0159 6.36  948.0   95.52  104.50
2454697.47690 16.7636  0.0133 5.81  816.0   95.52  104.50
2454697.70211 16.7473  0.0150 6.82  910.0   95.52  104.50
2454698.48113 16.7507  0.0108 4.69  681.0   95.52  104.50
2454699.48005 16.7699  0.0125 5.52  781.0   95.52  104.50
2454700.48835 16.7638  0.0114 4.60  780.0   95.52  104.50
2454701.48367 16.7670  0.0122 4.96  836.0   95.52  104.50
2454701.67248 16.7793  0.0122 6.18  569.0   95.52  104.50
2454702.48205 16.7793  0.0124 5.37  797.0   95.52  104.50
2454703.59000 16.7530  0.0112 5.12  684.0   95.52  104.50
2454704.56814 16.7643  0.0115 4.52  807.0   95.52  104.50
2454705.48593 16.7743  0.0122 5.32  813.0   95.52  104.50
2454705.66395 16.7531  0.0129 6.24  653.0   95.52  104.50
2454707.58686 16.7645  0.0114 5.21  680.0   95.52  104.50
2454708.51865 16.7582  0.0110 4.73  748.0   95.52  104.50
2454709.49466 16.7540  0.0127 5.61  835.0   95.52  104.50
2454710.52217 16.7372  0.0112 5.14  796.0   95.52  104.50
2454711.50424 16.7470  0.0125 5.53  789.0   95.52  104.50
2454715.55841 16.7672  0.0133 6.14  772.0   95.52  104.50
2454715.60386 16.7778  0.0140 6.21  836.0   95.52  104.50
2454716.48207 16.7777  0.0128 3.80 1503.0   95.52  104.50
2454716.49208 16.7500  0.0127 3.83 1553.0   95.52  104.50
2454716.55512 16.7400  0.0134 4.05 1697.0   95.52  104.50
2454716.57773 16.7359  0.0145 4.46 1792.0   95.52  104.50
2454716.65701 16.7568  0.0182 5.29 2171.0   95.52  104.50
2454720.50772 16.7610  0.0150 5.81 1078.0   95.52  104.50
2454720.60253 16.7601  0.0129 4.65 1047.0   95.52  104.50
2454721.50861 16.7905  0.0161 6.27 1077.0   95.52  104.50
2454722.62086 16.7595  0.0134 4.82 1156.0   95.52  104.50
2454724.48766 16.7733  0.0143 5.69  995.0   95.52  104.50
2454725.56155 16.7482  0.0128 4.49 1079.0   95.52  104.50
2454726.52613 16.8065  0.0152 6.09  882.0   95.52  104.50
2454728.57061 16.7550  0.0128 5.16  755.0   95.52  104.50
2454729.51113 16.7708  0.0123 5.49  727.0   95.52  104.50
2454730.59698 16.7611  0.0114 4.64  726.0   95.52  104.50
2454731.53406 16.7775  0.0126 5.38  729.0   95.52  104.50
2454733.48565 16.7664  0.0124 4.73  876.0   95.52  104.50
2454734.53208 16.7680  0.0128 5.16  822.0   95.52  104.50
2454737.52029 16.7873  0.0136 6.27  714.0   95.52  104.50
2454738.56022 16.7585  0.0137 6.30  719.0   95.52  104.50
2454739.56406 16.7497  0.0142 6.28  818.0   95.52  104.50
2454740.53236 16.7701  0.0144 6.52  762.0   95.52  104.50
2454741.50512 16.7691  0.0121 5.23  761.0   95.52  104.50
2454743.51359 16.7857  0.0130 5.10  781.0   95.52  104.50
2454750.58025 16.7799  0.0153 5.70 1197.0   95.52  104.50
2454756.49608 16.7743  0.0157 6.25  998.0   95.52  104.50
2454765.49778 16.7912  0.0129 5.01 1060.0   95.52  104.50
2454867.87339 16.7560  0.0124 4.49 1094.0   95.52  104.50
2454870.88202 16.7384  0.0117 4.45 1050.0   95.52  104.50
2454872.88477 16.7501  0.0165 6.06 1382.0   95.52  104.50
2454876.84616 16.7573  0.0117 4.86  904.0   95.52  104.50
2454884.82922 16.7726  0.0130 5.47  950.0   95.52  104.50
2454886.87992 16.7707  0.0110 4.07  801.0   95.52  104.50
2454890.86209 16.7944  0.0101 4.35  691.0   95.52  104.50
2454896.84976 16.7782  0.0104 4.08  646.0   95.52  104.50
2454899.82126 16.7615  0.0116 4.29  961.0   95.52  104.50
2454900.80095 16.7878  0.0121 3.96 1072.0   95.52  104.50
2454901.86110 16.7331  0.0103 3.72  885.0   95.52  104.50
2454902.85949 16.7659  0.0102 3.76  826.0   95.52  104.50
2454904.78387 16.7887  0.0117 4.38  929.0   95.52  104.50
2454905.88769 16.7677  0.0130 5.23  916.0   95.52  104.50
2454910.78974 16.7616  0.0119 4.07 1265.0   95.52  104.50
2454911.76037 16.7640  0.0091 3.90  598.0   95.52  104.50
2454912.75720 16.7626  0.0094 3.83  628.0   95.52  104.50
2454914.76014 16.7797  0.0104 4.71  580.0   95.52  104.50
2454918.75706 16.7704  0.0099 3.98  652.0   95.52  104.50
2454924.71938 16.7272  0.0097 4.05  725.0   95.52  104.50
2454925.76868 16.7601  0.0098 4.15  708.0   95.52  104.50
2454925.88472 16.7517  0.0092 3.71  677.0   95.52  104.50
2454926.73250 16.7803  0.0120 4.73  942.0   95.52  104.50
2454927.80411 16.7601  0.0110 4.43  758.0   95.52  104.50
2454928.71371 16.7853  0.0128 5.18  874.0   95.52  104.50
2454929.71364 16.7587  0.0133 5.30 1029.0   95.52  104.50
2454929.86592 16.7538  0.0100 4.36  793.0   95.52  104.50
2454930.77162 16.7692  0.0116 3.89 1055.0   95.52  104.50
2454931.81594 16.7650  0.0112 4.17  940.0   95.52  104.50
2454932.77116 16.7804  0.0110 4.27  930.0   95.52  104.50
2454933.69129 16.7595  0.0141 5.21 1269.0   95.52  104.50
2454933.81948 16.7938  0.0119 4.90  944.0   95.52  104.50
2454938.69939 16.7474  0.0109 4.23  908.0   95.52  104.50
2454938.79930 16.7796  0.0111 4.55  794.0   95.52  104.50
2454939.72496 16.7770  0.0121 5.52  766.0   95.52  104.50
2454939.81989 16.7590  0.0121 5.58  742.0   95.52  104.50
2454940.72249 16.7683  0.0106 4.35  681.0   95.52  104.50
2454941.69718 16.7555  0.0115 5.41  759.0   95.52  104.50
2454941.82423 16.7236  0.0107 5.36  678.0   95.52  104.50
2454942.67668 16.7673  0.0119 5.27  782.0   95.52  104.50
2454942.84957 16.7657  0.0096 4.50  619.0   95.52  104.50
2454943.68902 16.7547  0.0092 3.61  620.0   95.52  104.50
2454943.75508 16.7824  0.0104 4.57  612.0   95.52  104.50
2454944.69442 16.7862  0.0104 4.01  720.0   95.52  104.50
2454944.76959 16.7618  0.0098 4.38  673.0   95.52  104.50
2454945.69114 16.7860  0.0105 4.06  747.0   95.52  104.50
2454945.82261 16.7726  0.0094 4.05  693.0   95.52  104.50
2454946.74855 16.7577  0.0099 4.32  653.0   95.52  104.50
2454947.70305 16.7550  0.0095 4.22  634.0   95.52  104.50
2454948.85844 16.7763  0.0096 4.41  608.0   95.52  104.50
2454949.65385 16.7370  0.0102 4.01  834.0   95.52  104.50
2454950.69004 16.7508  0.0104 4.50  661.0   95.52  104.50
2454951.68056 16.7550  0.0107 4.67  745.0   95.52  104.50
2454952.79935 16.7723  0.0099 4.99  635.0   95.52  104.50
2454953.65820 16.7651  0.0103 3.87  790.0   95.52  104.50
2454953.76390 16.8010  0.0116 4.94  709.0   95.52  104.50
2454954.67829 16.7700  0.0103 4.08  682.0   95.52  104.50
2454954.77625 16.7427  0.0098 3.89  631.0   95.52  104.50
2454955.68225 16.7809  0.0125 5.35  763.0   95.52  104.50
