2452125.68449 16.2133  0.0106 5.81 1302.0  140.92  302.51
2452129.73667 16.2316  0.0079 4.29  843.0  140.92  302.51
2452132.67964 16.2208  0.0083 4.57  824.0  140.92  302.51
2452136.58305 16.2201  0.0090 5.38  760.0  140.92  302.51
2452141.59817 16.2251  0.0082 4.37  794.0  140.92  302.51
2452144.68095 16.2423  0.0083 4.78  697.0  140.92  302.51
2452160.63761 16.2242  0.0098 5.71 1003.0  140.92  302.51
2452170.57853 16.2386  0.0092 5.60  846.0  140.92  302.51
2452178.58931 16.2067  0.0167 6.72 2944.0  140.92  302.51
2452188.53843 16.1722  0.0105 6.74  853.0  140.92  302.51
2452211.54196 16.2014  0.0121 6.77 1471.0  140.92  302.51
2452333.87889 16.2286  0.0089 4.42 1142.0  140.92  302.51
2452344.84020 16.2178  0.0081 3.69  924.0  140.92  302.51
2452355.89104 16.2251  0.0080 3.89  769.0  140.92  302.51
2452364.88358 16.2231  0.0102 5.65  980.0  140.92  302.51
2452372.89444 16.2316  0.0082 4.14  856.0  140.92  302.51
2452391.92455 16.2357  0.0098 4.55 1389.0  140.92  302.51
2452405.83181 16.2259  0.0086 4.46  859.0  140.92  302.51
2452414.88032 16.2249  0.0090 4.91  821.0  140.92  302.51
2452416.89296 16.2204  0.0098 5.24 1010.0  140.92  302.51
2452424.75161 16.2341  0.0102 4.06 1957.0  140.92  302.51
2452428.73682 16.2254  0.0081 4.40  770.0  140.92  302.51
2452432.88836 16.1932  0.0121 6.69 1235.0  140.92  302.51
2452434.77636 16.2354  0.0083 3.87  908.0  140.92  302.51
2452436.82434 16.2378  0.0087 4.04  917.0  140.92  302.51
2452438.79800 16.2188  0.0085 4.21  833.0  140.92  302.51
2452441.76032 16.2319  0.0079 4.29  834.0  140.92  302.51
2452445.67687 16.2261  0.0081 3.88  788.0  140.92  302.51
2452448.70017 16.2452  0.0121 3.28 4810.0  140.92  302.51
2452459.68889 16.2199  0.0066 5.64  507.0  140.92  302.51
2452460.70689 16.2308  0.0094 5.51  780.0  140.92  302.51
2452463.58818 16.2316  0.0080 3.88  798.0  140.92  302.51
2452466.61097 16.2310  0.0082 4.52  718.0  140.92  302.51
2452468.73717 16.2223  0.0077 3.84  745.0  140.92  302.51
2452470.72098 16.2222  0.0078 3.99  710.0  140.92  302.51
2452472.74842 16.2209  0.0088 5.05  756.0  140.92  302.51
2452481.60483 16.2011  0.0102 6.02  911.0  140.92  302.51
2452484.66815 16.2206  0.0090 5.04  755.0  140.92  302.51
2452486.53034 16.2079  0.0107 6.94  796.0  140.92  302.51
2452486.76087 16.1978  0.0118 7.18 1030.0  140.92  302.51
2452490.74403 16.2207  0.0104 6.30  884.0  140.92  302.51
2452493.68873 16.1948  0.0075 5.14  907.0  140.92  302.51
2452496.53477 16.2199  0.0076 3.65  734.0  140.92  302.51
2452498.55539 16.2179  0.0078 3.65  747.0  140.92  302.51
2452500.59886 16.2161  0.0080 3.55  838.0  140.92  302.51
2452502.61247 16.2296  0.0085 4.18  880.0  140.92  302.51
2452508.71070 16.2166  0.0100 4.89 1396.0  140.92  302.51
2452517.56158 16.2170  0.0096 5.36  845.0  140.92  302.51
2452520.62906 16.2253  0.0086 4.37  761.0  140.92  302.51
2452529.49492 16.2279  0.0093 4.70 1078.0  140.92  302.51
2452538.54658 16.2149  0.0094 4.49 1088.0  140.92  302.51
2452542.57436 16.2170  0.0083 4.03  972.0  140.92  302.51
2452548.50286 16.1948  0.0105 6.01  984.0  140.92  302.51
2452552.53917 16.2119  0.0105 5.83 1054.0  140.92  302.51
2452557.50433 16.2262  0.0090 4.38  920.0  140.92  302.51
2452564.52576 16.2327  0.0097 4.39 1381.0  140.92  302.51
2452708.85304 16.2045  0.0076 3.71  748.0  140.92  302.51
2452719.85874 16.2182  0.0091 4.09 1172.0  140.92  302.51
2452729.88069 16.2237  0.0094 5.09  896.0  140.92  302.51
2452734.81967 16.2302  0.0083 3.82  917.0  140.92  302.51
2452747.74400 16.2072  0.0118 6.10 1390.0  140.92  302.51
2452753.92904 16.2451  0.0106 5.08 1254.0  140.92  302.51
2452757.85613 16.2351  0.0094 4.64 1078.0  140.92  302.51
2452761.90425 16.2289  0.0086 3.92  948.0  140.92  302.51
2452767.85120 16.2209  0.0102 5.40 1057.0  140.92  302.51
2452775.76807 16.2278  0.0106 5.01 1615.0  140.92  302.51
2452782.68942 16.2099  0.0100 6.17  847.0  140.92  302.51
2452784.61208 16.2307  0.0084 4.12  850.0  140.92  302.51
2452786.83544 16.2239  0.0094 4.54 1050.0  140.92  302.51
2452788.64203 16.2129  0.0090 4.21 1006.0  140.92  302.51
2452790.74647 16.2175  0.0085 4.28  764.0  140.92  302.51
2452793.65967 16.1937  0.0064 6.46  543.0  140.92  302.51
2452795.63403 16.2422  0.0074 4.88  729.0  140.92  302.51
2452797.64598 16.2211  0.0078 3.75  812.0  140.92  302.51
2452802.73837 16.2144  0.0102 4.83 1162.0  140.92  302.51
2452809.76098 16.2202  0.0095 4.46  996.0  140.92  302.51
2452811.68810 16.2012  0.0098 5.60  854.0  140.92  302.51
2452812.81738 16.2172  0.0097 5.28  917.0  140.92  302.51
2452813.86118 16.2179  0.0098 5.14  930.0  140.92  302.51
2452815.84185 16.2173  0.0088 4.10  945.0  140.92  302.51
2452816.86281 16.2081  0.0091 4.50 1121.0  140.92  302.51
2452818.63254 16.2200  0.0087 4.61  799.0  140.92  302.51
2452819.80904 16.2226  0.0094 5.00  997.0  140.92  302.51
2452821.69489 16.2069  0.0092 4.26  902.0  140.92  302.51
2452826.81225 16.2148  0.0100 6.02  796.0  140.92  302.51
2452835.68035 16.2249  0.0095 4.13 1123.0  140.92  302.51
2452837.68806 16.2256  0.0112 5.05 1940.0  140.92  302.51
2452838.82383 16.2140  0.0112 5.76 1404.0  140.92  302.51
2452840.74115 16.2361  0.0100 5.08 1028.0  140.92  302.51
2452843.69244 16.2288  0.0077 4.88  867.0  140.92  302.51
2452845.68979 16.2310  0.0087 4.37  802.0  140.92  302.51
2452846.51145 16.2126  0.0115 6.83  995.0  140.92  302.51
2452847.47567 16.2189  0.0128 6.82 1293.0  140.92  302.51
2452848.67499 16.2201  0.0097 5.58  797.0  140.92  302.51
2452849.64545 16.2212  0.0091 5.54  753.0  140.92  302.51
2452850.47654 16.2289  0.0093 4.38 1160.0  140.92  302.51
2452850.57871 16.2292  0.0082 3.66  948.0  140.92  302.51
2452851.66883 16.2282  0.0086 4.41  746.0  140.92  302.51
2452852.58646 16.1944  0.0114 6.88  986.0  140.92  302.51
2452853.47106 16.2322  0.0105 5.32 1380.0  140.92  302.51
2452854.59091 16.2255  0.0086 4.53  793.0  140.92  302.51
2452855.61160 16.2216  0.0109 6.42  906.0  140.92  302.51
2452856.55098 16.2177  0.0095 4.84  921.0  140.92  302.51
2452857.50116 16.2243  0.0089 4.64  964.0  140.92  302.51
2452858.71348 16.2187  0.0086 3.78 1023.0  140.92  302.51
2452859.57400 16.2464  0.0101 3.90 2085.0  140.92  302.51
2452862.47010 16.2205  0.0139 6.02 1908.0  140.92  302.51
2452862.66060 16.2119  0.0109 5.40 1204.0  140.92  302.51
2452862.74786 16.1897  0.0127 6.23 1635.0  140.92  302.51
2452863.49613 16.2444  0.0101 4.95 1377.0  140.92  302.51
2452864.52891 16.2169  0.0113 6.48 1120.0  140.92  302.51
2452865.56025 16.2357  0.0087 4.03  986.0  140.92  302.51
2452866.61010 16.2009  0.0098 4.96  998.0  140.92  302.51
2452866.64122 16.2222  0.0095 4.60  999.0  140.92  302.51
2452867.63502 16.2325  0.0084 4.14  749.0  140.92  302.51
2452868.58255 16.2205  0.0083 4.31  756.0  140.92  302.51
2452868.71191 16.2246  0.0095 4.95 1000.0  140.92  302.51
2452869.56379 16.2009  0.0092 4.46  860.0  140.92  302.51
2452870.65336 16.2190  0.0089 4.42  864.0  140.92  302.51
2452871.47012 16.2302  0.0112 5.13 1845.0  140.92  302.51
2452871.63410 16.2247  0.0082 3.52  855.0  140.92  302.51
2452872.55986 16.2292  0.0084 3.94  846.0  140.92  302.51
2452875.50434 16.2227  0.0101 5.83  799.0  140.92  302.51
2452876.57768 16.2211  0.0085 4.41  750.0  140.92  302.51
2452877.51393 16.2138  0.0092 4.47  877.0  140.92  302.51
2452877.53213 16.2213  0.0091 4.65  859.0  140.92  302.51
2452878.50179 16.2386  0.0086 3.90  906.0  140.92  302.51
2452879.58425 16.2244  0.0091 4.73  766.0  140.92  302.51
2452880.69742 16.2245  0.0096 5.37  864.0  140.92  302.51
2452880.71043 16.1947  0.0096 5.88  906.0  140.92  302.51
2452881.65316 16.2329  0.0054 4.47  560.0  140.92  302.51
2452881.66743 16.2206  0.0058 4.49  639.0  140.92  302.51
2452882.50413 16.2065  0.0093 5.84  826.0  140.92  302.51
2452883.59317 16.2410  0.0083 3.99  730.0  140.92  302.51
2452883.62680 16.2174  0.0086 4.22  785.0  140.92  302.51
2452884.58397 16.2369  0.0091 4.60  864.0  140.92  302.51
2452885.55497 16.2202  0.0098 5.34  911.0  140.92  302.51
2452890.64984 16.0530  0.0120 6.46 1456.0  140.92  302.51
2452890.66300 16.0721  0.0114 6.01 1519.0  140.92  302.51
2452892.55313 16.2294  0.0097 4.63 1066.0  140.92  302.51
2452893.48848 16.2295  0.0102 5.31 1239.0  140.92  302.51
2452894.52850 16.2240  0.0091 4.50  951.0  140.92  302.51
2452895.61873 16.2275  0.0082 3.67  951.0  140.92  302.51
2452896.53658 16.2144  0.0090 4.25  900.0  140.92  302.51
2452897.63851 16.1859  0.0097 5.54  963.0  140.92  302.51
2452898.55150 16.2092  0.0098 5.05 1007.0  140.92  302.51
2452899.63518 16.2244  0.0078 4.46  867.0  140.92  302.51
2452900.48014 16.1902  0.0119 6.58 1082.0  140.92  302.51
2452900.63042 16.2078  0.0099 5.38  950.0  140.92  302.51
2452901.50407 16.1718  0.0104 6.68 1008.0  140.92  302.51
2452902.47961 16.1672  0.0125 7.27 1046.0  140.92  302.51
2452903.49844 16.1255  0.0094 7.55  840.0  140.92  302.51
2452903.57808 16.2249  0.0065 4.60  769.0  140.92  302.51
2452904.53824 16.1372  0.0111 6.67 1009.0  140.92  302.51
2452904.61321 16.1636  0.0100 6.35  896.0  140.92  302.51
2452905.48843 16.2235  0.0106 5.76  982.0  140.92  302.51
2452905.55277 16.2219  0.0115 6.71 1002.0  140.92  302.51
2452905.62954 16.2213  0.0114 6.74 1011.0  140.92  302.51
2452906.49241 16.2058  0.0102 5.70  978.0  140.92  302.51
2452906.58665 16.2283  0.0096 5.07  928.0  140.92  302.51
2452907.48603 16.1840  0.0112 6.34  991.0  140.92  302.51
2452907.60585 16.1588  0.0103 5.70  961.0  140.92  302.51
2452908.49276 16.1910  0.0116 6.81  938.0  140.92  302.51
2452909.49462 16.1805  0.0094 5.64  892.0  140.92  302.51
2452909.57295 16.1849  0.0109 6.17  990.0  140.92  302.51
2452909.63884 16.2192  0.0097 6.16  846.0  140.92  302.51
2452910.48592 16.2331  0.0119 6.19 1319.0  140.92  302.51
2452910.54195 16.2014  0.0096 5.37  915.0  140.92  302.51
2452911.52623 16.1611  0.0102 5.84  987.0  140.92  302.51
2452912.47734 16.2383  0.0137 5.31 2636.0  140.92  302.51
2452915.48832 16.2025  0.0114 4.36 2191.0  140.92  302.51
2452916.52469 16.2401  0.0098 4.82 1202.0  140.92  302.51
2452917.51595 16.1813  0.0104 5.00 1275.0  140.92  302.51
2452918.50717 16.1529  0.0105 5.40 1141.0  140.92  302.51
2452920.51776 16.2297  0.0104 5.20 1257.0  140.92  302.51
2452921.50631 16.1596  0.0110 6.19 1029.0  140.92  302.51
2452922.51332 16.2036  0.0108 5.45 1197.0  140.92  302.51
2452923.52228 16.2281  0.0093 4.32 1177.0  140.92  302.51
2452924.52014 16.2345  0.0085 3.62 1166.0  140.92  302.51
2452925.53017 16.2151  0.0085 4.20  968.0  140.92  302.51
2452926.55208 16.1825  0.0073 5.10  898.0  140.92  302.51
2452927.51201 16.1821  0.0100 5.61  880.0  140.92  302.51
2452928.52341 16.2152  0.0094 4.69  947.0  140.92  302.51
2452930.51729 16.2237  0.0100 4.94 1073.0  140.92  302.51
2452931.51748 16.2189  0.0086 3.92  911.0  140.92  302.51
2452932.52366 16.2174  0.0090 3.85 1028.0  140.92  302.51
2452933.51685 16.2156  0.0093 4.34 1117.0  140.92  302.51
2452934.53301 16.1878  0.0099 4.82 1059.0  140.92  302.51
2452937.52714 16.2094  0.0101 5.63 1056.0  140.92  302.51
2452939.52852 16.1784  0.0105 5.53 1182.0  140.92  302.51
2452939.53323 16.1910  0.0147 5.42 2300.0  140.92  302.51
2452941.50156 16.2136  0.0150 5.20 2859.0  140.92  302.51
2452943.52479 16.1552  0.0190 6.16 4334.0  140.92  302.51
2452944.52474 16.2163  0.0168 5.81 3149.0  140.92  302.51
2452945.51029 16.1845  0.0164 5.58 3290.0  140.92  302.51
2452946.51642 16.2027  0.0162 5.96 2731.0  140.92  302.51
2452947.50824 16.1743  0.0168 5.57 3283.0  140.92  302.51
2452951.50479 16.1947  0.0178 5.03 4633.0  140.92  302.51
2452953.50688 16.2185  0.0152 4.40 3983.0  140.92  302.51
2453041.87669 16.2192  0.0136 4.33 3517.0  140.92  302.51
2453050.87089 16.2441  0.0129 4.25 2508.0  140.92  302.51
2453052.86027 16.2283  0.0089 4.77 1049.0  140.92  302.51
2453059.83591 16.2418  0.0083 4.34  883.0  140.92  302.51
2453064.85282 16.2159  0.0100 5.82 1056.0  140.92  302.51
2453068.80659 16.2227  0.0103 5.74 1140.0  140.92  302.51
2453070.88521 16.2278  0.0085 4.41  934.0  140.92  302.51
2453073.84129 16.2263  0.0084 4.32  984.0  140.92  302.51
2453075.87941 16.2128  0.0083 4.03  990.0  140.92  302.51
2453080.78360 16.2104  0.0075 4.00 1063.0  140.92  302.51
2453082.91525 16.2226  0.0087 4.13 1366.0  140.92  302.51
2453085.84189 16.2199  0.0078 4.56  664.0  140.92  302.51
2453086.91651 16.2209  0.0091 4.57 1313.0  140.92  302.51
2453088.83449 16.2198  0.0073 4.02  671.0  140.92  302.51
2453090.74759 16.2244  0.0076 3.85  736.0  140.92  302.51
2453096.90279 16.2094  0.0093 6.26  776.0  140.92  302.51
2453099.79848 16.2120  0.0094 5.76  867.0  140.92  302.51
2453101.78411 16.2305  0.0087 4.62 1020.0  140.92  302.51
2453103.80766 16.2075  0.0084 4.32  986.0  140.92  302.51
2453104.86635 16.2171  0.0131 4.47 3608.0  140.92  302.51
2453106.87959 16.2177  0.0093 3.86 1621.0  140.92  302.51
2453108.80006 16.2305  0.0076 3.75  783.0  140.92  302.51
2453109.85902 16.2241  0.0076 4.62  751.0  140.92  302.51
2453110.86540 16.2171  0.0077 4.79  817.0  140.92  302.51
2453112.85073 16.2200  0.0075 4.64  618.0  140.92  302.51
2453114.81532 16.2296  0.0080 4.64  729.0  140.92  302.51
2453116.90346 16.2214  0.0085 4.89  760.0  140.92  302.51
2453122.94130 16.1931  0.0172 5.09 5847.0  140.92  302.51
2453123.79393 16.2433  0.0055 4.23  522.0  140.92  302.51
2453125.90585 16.2037  0.0100 5.96  823.0  140.92  302.51
2453127.85364 16.2241  0.0083 4.50  964.0  140.92  302.51
2453128.85349 16.2199  0.0089 4.74 1037.0  140.92  302.51
2453130.73250 16.2094  0.0087 3.59 1250.0  140.92  302.51
2453131.69892 16.2101  0.0094 4.42 1253.0  140.92  302.51
2453135.93058 16.2332  0.0082 4.45  857.0  140.92  302.51
2453138.68484 16.2403  0.0091 5.24  774.0  140.92  302.51
2453139.91082 16.2396  0.0078 3.78  825.0  140.92  302.51
2453140.91428 16.2245  0.0082 4.42  728.0  140.92  302.51
2453142.79870 16.2184  0.0076 4.05  781.0  140.92  302.51
2453144.81868 16.2227  0.0078 4.62  690.0  140.92  302.51
2453146.85584 16.2227  0.0091 5.86  681.0  140.92  302.51
2453151.79079 16.2334  0.0086 5.53  672.0  140.92  302.51
2453151.93933 16.1996  0.0097 5.36 1068.0  140.92  302.51
2453152.78845 16.2228  0.0080 4.24  755.0  140.92  302.51
2453153.79109 16.2160  0.0088 5.18  783.0  140.92  302.51
2453154.87541 16.1871  0.0101 6.54  838.0  140.92  302.51
2453156.89494 16.2172  0.0088 4.75  937.0  140.92  302.51
2453162.60480 16.2226  0.0093 4.82 1136.0  140.92  302.51
2453163.78576 16.2091  0.0080 4.13  858.0  140.92  302.51
2453164.76802 16.2165  0.0071 3.53  708.0  140.92  302.51
2453164.90101 16.2128  0.0084 4.73  881.0  140.92  302.51
2453165.74155 16.2288  0.0071 4.14  739.0  140.92  302.51
2453167.62796 16.2140  0.0098 6.50  739.0  140.92  302.51
2453168.88674 16.2159  0.0082 4.30  917.0  140.92  302.51
2453169.75486 16.1997  0.0081 4.39  731.0  140.92  302.51
2453170.84276 16.2192  0.0071 3.56  687.0  140.92  302.51
2453171.81098 16.2366  0.0065 3.38  711.0  140.92  302.51
2453172.78191 16.2151  0.0077 4.65  679.0  140.92  302.51
2453173.88292 16.2220  0.0104 6.36  899.0  140.92  302.51
2453174.74175 16.2052  0.0074 3.95  673.0  140.92  302.51
2453175.75475 16.2355  0.0075 3.76  722.0  140.92  302.51
2453177.79097 16.2242  0.0102 6.82  812.0  140.92  302.51
2453179.53570 16.2181  0.0078 4.72  789.0  140.92  302.51
2453179.91494 16.2298  0.0102 6.23 1002.0  140.92  302.51
2453180.75674 16.2239  0.0071 3.84  565.0  140.92  302.51
2453182.81738 16.2378  0.0079 3.93  759.0  140.92  302.51
2453183.77238 16.2273  0.0084 5.05  645.0  140.92  302.51
2453184.73349 16.2248  0.0073 3.69  691.0  140.92  302.51
2453185.73693 16.2324  0.0086 4.34  867.0  140.92  302.51
2453194.58002 16.2286  0.0095 5.30  996.0  140.92  302.51
2453195.71156 16.2237  0.0072 3.82  644.0  140.92  302.51
2453195.83207 16.2400  0.0080 4.42  826.0  140.92  302.51
2453196.63295 16.2267  0.0084 4.51  850.0  140.92  302.51
2453196.80344 16.2389  0.0082 4.57  739.0  140.92  302.51
2453197.55775 16.2294  0.0082 4.73  757.0  140.92  302.51
2453199.66295 16.2256  0.0073 4.73  522.0  140.92  302.51
2453202.54921 16.2237  0.0077 5.01  650.0  140.92  302.51
2453203.69433 16.2306  0.0074 4.21  577.0  140.92  302.51
2453204.68524 16.2183  0.0073 4.08  562.0  140.92  302.51
2453205.54408 16.2158  0.0074 4.67  590.0  140.92  302.51
2453206.74943 16.2077  0.0085 6.07  686.0  140.92  302.51
2453209.66940 16.2178  0.0081 5.08  624.0  140.92  302.51
2453210.66948 16.2217  0.0074 4.13  706.0  140.92  302.51
2453211.63995 16.2296  0.0080 5.47  565.0  140.92  302.51
2453217.68416 16.2230  0.0084 4.04 1127.0  140.92  302.51
2453218.68291 16.2065  0.0094 5.31 1069.0  140.92  302.51
2453219.64860 16.2096  0.0095 5.92  833.0  140.92  302.51
2453223.68369 16.2220  0.0091 5.85  737.0  140.92  302.51
2453224.73173 16.2454  0.0092 5.11  920.0  140.92  302.51
2453226.66011 16.2124  0.0092 6.34  579.0  140.92  302.51
2453228.63300 16.2261  0.0076 4.75  571.0  140.92  302.51
2453229.66548 16.2169  0.0073 4.33  558.0  140.92  302.51
2453230.69896 16.1994  0.0087 5.83  658.0  140.92  302.51
2453231.60295 16.2223  0.0076 4.39  708.0  140.92  302.51
2453232.63942 16.2215  0.0088 6.45  604.0  140.92  302.51
2453238.65124 16.2185  0.0095 6.64  675.0  140.92  302.51
2453240.50338 16.2358  0.0076 4.07  791.0  140.92  302.51
2453241.68711 16.2381  0.0110 4.96 1850.0  140.92  302.51
2453245.58730 16.2475  0.0100 5.90 1132.0  140.92  302.51
2453246.69295 16.2022  0.0106 6.47 1044.0  140.92  302.51
2453247.63600 16.2254  0.0086 4.66  890.0  140.92  302.51
2453249.55960 16.1974  0.0086 5.31  769.0  140.92  302.51
2453250.69059 16.2264  0.0103 6.41 1149.0  140.92  302.51
2453256.66988 16.1902  0.0092 6.46  750.0  140.92  302.51
2453260.57964 16.2259  0.0084 5.06  677.0  140.92  302.51
2453265.59292 16.2220  0.0082 5.18  732.0  140.92  302.51
2453272.62167 16.2183  0.0085 5.33  873.0  140.92  302.51
2453275.58227 16.2269  0.0096 5.85  954.0  140.92  302.51
2453279.55258 16.2081  0.0086 5.03  834.0  140.92  302.51
2453282.51110 16.2031  0.0081 4.54  767.0  140.92  302.51
2453288.57741 16.2140  0.0072 5.69  539.0  140.92  302.51
2453293.54804 16.2558  0.0056 5.31  322.0  140.92  302.51
2453295.55648 16.2338  0.0056 4.70  409.0  140.92  302.51
2453300.54180 16.2015  0.0095 5.23 1155.0  140.92  302.51
2453417.88621 16.2305  0.0067 4.08  644.0  140.92  302.51
2453423.84880 16.2312  0.0075 4.85  708.0  140.92  302.51
2453426.89425 16.2251  0.0073 4.09  815.0  140.92  302.51
2453429.87926 16.2298  0.0079 4.74  801.0  140.92  302.51
2453436.83866 16.2399  0.0090 6.36  673.0  140.92  302.51
2453443.79390 16.2384  0.0068 4.27  686.0  140.92  302.51
2453445.83514 16.2156  0.0066 3.82  613.0  140.92  302.51
2453447.88545 16.2226  0.0077 4.76  684.0  140.92  302.51
2453449.90244 16.2279  0.0069 4.05  617.0  140.92  302.51
2453452.91957 16.2285  0.0091 3.97 1685.0  140.92  302.51
2453453.79138 16.2176  0.0083 4.57 1077.0  140.92  302.51
2453455.86196 16.2205  0.0086 5.15  953.0  140.92  302.51
2453456.87308 16.2446  0.0073 3.95  799.0  140.92  302.51
2453457.79073 16.2553  0.0076 4.31  824.0  140.92  302.51
2453458.83434 16.2121  0.0073 4.24  854.0  140.92  302.51
2453459.80893 16.2269  0.0075 4.26  893.0  140.92  302.51
2453467.91211 16.2242  0.0069 4.12  567.0  140.92  302.51
2453469.82136 16.2304  0.0066 3.75  577.0  140.92  302.51
2453470.86544 16.2484  0.0069 3.90  599.0  140.92  302.51
2453472.79275 16.2299  0.0070 4.18  622.0  140.92  302.51
2453473.88777 16.2105  0.0081 5.57  634.0  140.92  302.51
2453474.86014 16.2064  0.0078 5.18  607.0  140.92  302.51
2453475.92774 16.2224  0.0077 3.60 1235.0  140.92  302.51
2453477.79665 16.2223  0.0075 4.56  603.0  140.92  302.51
2453480.86295 16.2036  0.0071 4.96  583.0  140.92  302.51
2453481.87488 16.2213  0.0069 3.79  636.0  140.92  302.51
2453483.80722 16.2283  0.0070 3.69  739.0  140.92  302.51
2453496.76113 16.2334  0.0079 4.84  789.0  140.92  302.51
2453497.83263 16.2342  0.0080 5.00  734.0  140.92  302.51
2453499.75754 16.2218  0.0069 4.54  601.0  140.92  302.51
2453500.76212 16.2187  0.0072 4.06  642.0  140.92  302.51
2453502.71066 16.2287  0.0066 3.51  670.0  140.92  302.51
2453503.72129 16.2481  0.0064 3.66  556.0  140.92  302.51
2453504.73874 16.2403  0.0073 5.85  550.0  140.92  302.51
2453506.84062 16.2013  0.0085 5.87  672.0  140.92  302.51
2453508.81782 16.2239  0.0076 4.71  667.0  140.92  302.51
2453509.72097 16.2275  0.0071 4.72  570.0  140.92  302.51
2453511.70761 16.2323  0.0079 4.98  701.0  140.92  302.51
2453512.77656 16.2331  0.0080 4.23  953.0  140.92  302.51
2453517.81703 16.2500  0.0088 3.73 1888.0  140.92  302.51
2453520.85221 16.2178  0.0071 4.13  766.0  140.92  302.51
2453521.67144 16.2272  0.0065 4.07  557.0  140.92  302.51
2453522.78158 16.2158  0.0074 4.34  627.0  140.92  302.51
2453523.81633 16.2274  0.0069 4.19  622.0  140.92  302.51
2453524.80397 16.2229  0.0074 4.41  781.0  140.92  302.51
2453525.78365 16.2238  0.0070 4.32  563.0  140.92  302.51
2453526.86900 16.1999  0.0076 4.85  668.0  140.92  302.51
2453528.58760 16.2402  0.0071 3.94  719.0  140.92  302.51
2453530.81305 16.2293  0.0066 3.72  587.0  140.92  302.51
2453537.78088 16.2108  0.0066 4.54  553.0  140.92  302.51
2453538.71032 16.2239  0.0067 3.95  697.0  140.92  302.51
2453540.68429 16.2030  0.0070 3.91  752.0  140.92  302.51
2453544.76809 16.2293  0.0081 3.78 1256.0  140.92  302.51
2453546.88532 16.2003  0.0103 6.28 1360.0  140.92  302.51
2453547.84271 16.2227  0.0082 4.99  830.0  140.92  302.51
2453549.79665 16.2217  0.0073 5.13  873.0  140.92  302.51
2453550.66918 16.2523  0.0060 3.85  649.0  140.92  302.51
2453550.72227 16.2240  0.0064 4.28  618.0  140.92  302.51
2453550.75596 16.2642  0.0058 3.77  628.0  140.92  302.51
2453550.77576 16.2185  0.0063 4.13  596.0  140.92  302.51
2453550.79015 16.2460  0.0063 3.90  642.0  140.92  302.51
2453550.80485 16.2176  0.0065 4.05  686.0  140.92  302.51
2453550.81950 16.2465  0.0065 3.91  782.0  140.92  302.51
2453550.84542 16.2281  0.0072 4.61  833.0  140.92  302.51
2453550.87421 16.2239  0.0084 5.59 1101.0  140.92  302.51
2453551.59485 16.2390  0.0056 3.93  572.0  140.92  302.51
2453551.67457 16.2194  0.0060 3.47  659.0  140.92  302.51
2453551.73165 16.2535  0.0056 3.77  530.0  140.92  302.51
2453551.81086 16.2178  0.0071 4.83  617.0  140.92  302.51
2453551.88013 16.2346  0.0099 6.36 1009.0  140.92  302.51
2453552.59592 16.2255  0.0079 4.70 1016.0  140.92  302.51
2453552.70603 16.2158  0.0069 4.25  582.0  140.92  302.51
2453553.70867 16.2273  0.0081 5.20  702.0  140.92  302.51
2453553.78386 16.2060  0.0081 4.97  873.0  140.92  302.51
2453554.70427 16.2396  0.0078 4.98  623.0  140.92  302.51
2453554.79875 16.2042  0.0080 5.38  680.0  140.92  302.51
2453555.65593 16.2028  0.0080 5.78  560.0  140.92  302.51
2453555.69507 16.2388  0.0073 4.72  603.0  140.92  302.51
2453555.77209 16.2207  0.0093 6.40  705.0  140.92  302.51
2453555.82886 16.1943  0.0102 7.21  791.0  140.92  302.51
2453556.55428 16.2140  0.0097 6.83  804.0  140.92  302.51
2453556.66354 16.2308  0.0067 5.03  450.0  140.92  302.51
2453556.75583 16.2085  0.0069 5.38  461.0  140.92  302.51
2453556.83791 16.2102  0.0093 6.43  761.0  140.92  302.51
2453558.46917 16.2181  0.0090 5.58 1042.0  140.92  302.51
2453558.59147 16.2345  0.0073 4.48  631.0  140.92  302.51
2453558.74248 16.2309  0.0078 5.21  585.0  140.92  302.51
2453558.84480 16.2281  0.0078 5.18  653.0  140.92  302.51
2453559.52611 16.2062  0.0079 6.06  785.0  140.92  302.51
2453559.57038 16.2173  0.0079 5.14  699.0  140.92  302.51
2453559.68735 16.2158  0.0073 4.45  583.0  140.92  302.51
2453560.47330 16.2155  0.0086 5.73  768.0  140.92  302.51
2453560.56099 16.2447  0.0072 5.24  478.0  140.92  302.51
2453560.64047 16.2311  0.0064 3.44  582.0  140.92  302.51
2453560.73869 16.2202  0.0063 4.51  436.0  140.92  302.51
2453560.82062 16.2193  0.0063 4.44  448.0  140.92  302.51
2453560.85096 16.2170  0.0069 5.11  544.0  140.92  302.51
2453561.46552 16.2281  0.0095 6.07 1096.0  140.92  302.51
2453561.50927 16.2160  0.0065 4.00  687.0  140.92  302.51
2453561.53585 16.2478  0.0067 4.06  652.0  140.92  302.51
2453561.57756 16.2168  0.0061 3.70  535.0  140.92  302.51
2453561.62432 16.2186  0.0058 3.44  452.0  140.92  302.51
2453561.67310 16.2210  0.0068 5.16  439.0  140.92  302.51
2453561.71145 16.2239  0.0057 3.60  443.0  140.92  302.51
2453561.71472 16.2277  0.0046 3.63  287.0  140.92  302.51
2453561.74707 16.2344  0.0068 3.64  561.0  140.92  302.51
2453561.76115 16.2274  0.0065 3.74  559.0  140.92  302.51
2453561.77681 16.2266  0.0066 3.80  571.0  140.92  302.51
2453561.80109 16.2287  0.0067 3.92  592.0  140.92  302.51
2453561.84787 16.2185  0.0071 4.19  730.0  140.92  302.51
2453562.46533 16.2314  0.0091 4.98 1268.0  140.92  302.51
2453562.62493 16.2197  0.0076 4.72  632.0  140.92  302.51
2453562.79301 16.2305  0.0071 3.84  625.0  140.92  302.51
2453562.84776 16.2131  0.0079 5.27  793.0  140.92  302.51
2453563.47785 16.2274  0.0086 5.46  809.0  140.92  302.51
2453563.67139 16.2219  0.0068 3.99  558.0  140.92  302.51
2453563.78203 16.2118  0.0081 5.45  679.0  140.92  302.51
2453564.56494 16.2162  0.0078 5.20  653.0  140.92  302.51
2453568.80845 16.2374  0.0084 5.57  822.0  140.92  302.51
2453569.48983 16.2277  0.0092 5.22 1099.0  140.92  302.51
2453569.70866 16.2369  0.0112 4.66 2317.0  140.92  302.51
2453573.69531 16.2189  0.0080 4.58  880.0  140.92  302.51
2453573.72956 16.2249  0.0083 4.89  947.0  140.92  302.51
2453574.72330 16.2368  0.0074 3.86  814.0  140.92  302.51
2453575.66215 16.2344  0.0068 3.56  652.0  140.92  302.51
2453576.72456 16.2225  0.0083 5.29  722.0  140.92  302.51
2453577.77291 16.2060  0.0071 4.71  581.0  140.92  302.51
2453578.70955 16.2172  0.0066 3.97  548.0  140.92  302.51
2453579.65486 16.2443  0.0068 3.98  545.0  140.92  302.51
2453580.69138 16.2236  0.0076 5.13  580.0  140.92  302.51
2453581.70782 16.2312  0.0070 4.36  552.0  140.92  302.51
2453582.63359 16.2039  0.0071 4.44  533.0  140.92  302.51
2453583.67020 16.2316  0.0071 4.62  549.0  140.92  302.51
2453584.67898 16.2303  0.0068 4.25  561.0  140.92  302.51
2453585.67699 16.2223  0.0065 3.88  466.0  140.92  302.51
2453586.70841 16.2372  0.0066 3.79  570.0  140.92  302.51
2453588.75948 16.2014  0.0078 5.41  661.0  140.92  302.51
2453589.72078 16.2194  0.0073 4.95  603.0  140.92  302.51
2453590.71698 16.2253  0.0076 4.55  680.0  140.92  302.51
2453592.68968 16.2457  0.0070 4.30  558.0  140.92  302.51
2453601.69324 16.2389  0.0084 4.64 1035.0  140.92  302.51
2453602.69343 16.1995  0.0094 5.79 1078.0  140.92  302.51
2453603.67359 16.2228  0.0077 5.17  715.0  140.92  302.51
2453607.67209 16.2197  0.0075 5.17  588.0  140.92  302.51
2453608.68805 16.2171  0.0075 4.97  624.0  140.92  302.51
2453615.61533 16.2210  0.0071 4.72  558.0  140.92  302.51
2453618.61886 16.2184  0.0079 4.78  739.0  140.92  302.51
2453620.58208 16.2079  0.0069 4.51  568.0  140.92  302.51
2453628.58410 16.2249  0.0078 4.09 1035.0  140.92  302.51
2453630.59818 16.1823  0.0087 5.19  961.0  140.92  302.51
2453634.52903 16.2208  0.0073 4.64  638.0  140.92  302.51
2453639.53607 16.2396  0.0066 3.58  670.0  140.92  302.51
2453641.58164 16.2184  0.0089 5.58  856.0  140.92  302.51
2453644.54635 16.2273  0.0074 4.38  711.0  140.92  302.51
2453649.53575 16.2271  0.0067 4.49  675.0  140.92  302.51
2453651.58783 16.2198  0.0085 5.54  810.0  140.92  302.51
2453654.57294 16.1665  0.0124 4.92 2812.0  140.92  302.51
2453655.52070 16.1895  0.0088 5.16  977.0  140.92  302.51
2453655.52443 16.2061  0.0124 5.11 1960.0  140.92  302.51
2453655.55298 16.2003  0.0077 4.20  929.0  140.92  302.51
2453657.54622 16.1960  0.0089 4.99 1056.0  140.92  302.51
2453659.54799 16.1946  0.0101 6.19 1099.0  140.92  302.51
2453662.55247 16.2158  0.0099 5.99 1149.0  140.92  302.51
2453665.52294 16.1635  0.0083 4.69  957.0  140.92  302.51
2453674.50548 16.1862  0.0091 5.31 1101.0  140.92  302.51
2453777.85747 16.2142  0.0082 4.50 1011.0  140.92  302.51
2453782.89348 16.2052  0.0082 3.86 1410.0  140.92  302.51
2453785.85506 16.2135  0.0074 3.85  900.0  140.92  302.51
2453787.86720 16.2042  0.0074 3.69  926.0  140.92  302.51
2453791.84156 16.2334  0.0099 5.96  935.0  140.92  302.51
2453793.88576 16.1998  0.0076 3.99  876.0  140.92  302.51
2453795.87001 16.2085  0.0081 4.79  903.0  140.92  302.51
2453796.90246 16.2129  0.0078 4.43  905.0  140.92  302.51
2453798.83333 16.2112  0.0077 4.45  764.0  140.92  302.51
2453799.88771 16.2039  0.0096 5.84  978.0  140.92  302.51
2453801.84247 16.2057  0.0080 4.48  823.0  140.92  302.51
2453802.87685 16.1916  0.0076 4.15  752.0  140.92  302.51
2453804.79005 16.1939  0.0083 5.54  726.0  140.92  302.51
2453805.82863 16.1939  0.0075 4.46  766.0  140.92  302.51
2453806.82534 16.1915  0.0078 4.87  816.0  140.92  302.51
2453807.84955 16.2272  0.0081 4.46  943.0  140.92  302.51
2453808.85319 16.1985  0.0078 4.51  930.0  140.92  302.51
2453809.91006 16.2057  0.0079 3.96 1317.0  140.92  302.51
2453810.90615 16.2154  0.0080 4.26 1081.0  140.92  302.51
2453811.79670 16.1806  0.0095 6.00  892.0  140.92  302.51
2453812.87418 16.1958  0.0088 5.12  926.0  140.92  302.51
2453813.85733 16.2241  0.0079 4.54  877.0  140.92  302.51
2453814.85277 16.2064  0.0075 3.63  857.0  140.92  302.51
2453818.77043 16.2094  0.0081 4.60 1084.0  140.92  302.51
2453819.83410 16.2042  0.0067 3.92  641.0  140.92  302.51
2453820.79811 16.1937  0.0067 3.99  623.0  140.92  302.51
2453821.80132 16.1881  0.0073 4.53  667.0  140.92  302.51
2453822.84496 16.1931  0.0073 4.28  727.0  140.92  302.51
2453823.80595 16.1887  0.0068 3.97  656.0  140.92  302.51
2453824.79240 16.1785  0.0098 6.57  810.0  140.92  302.51
2453825.83196 16.2058  0.0078 4.95  721.0  140.92  302.51
2453826.79169 16.1995  0.0081 5.24  705.0  140.92  302.51
2453827.83213 16.1892  0.0067 4.03  590.0  140.92  302.51
2453828.81223 16.1773  0.0074 4.76  674.0  140.92  302.51
2453829.74000 16.2087  0.0075 4.74  711.0  140.92  302.51
2453830.76860 16.1869  0.0070 3.65  760.0  140.92  302.51
2453832.77194 16.1986  0.0072 4.23  655.0  140.92  302.51
2453833.79920 16.1818  0.0066 3.61  623.0  140.92  302.51
2453834.77112 16.2134  0.0070 3.90  723.0  140.92  302.51
2453835.75983 16.1925  0.0075 4.48  767.0  140.92  302.51
2453836.72125 16.1881  0.0083 5.18  965.0  140.92  302.51
2453837.76195 16.1686  0.0089 5.31  863.0  140.92  302.51
2453838.76987 16.1874  0.0090 5.45  917.0  140.92  302.51
2453838.88727 16.2009  0.0081 4.66  865.0  140.92  302.51
2453839.76576 16.1835  0.0082 4.62 1012.0  140.92  302.51
2453840.76893 16.2019  0.0080 4.34  973.0  140.92  302.51
2453841.72412 16.1755  0.0082 5.02 1017.0  140.92  302.51
2453841.87411 16.2014  0.0073 3.44 1079.0  140.92  302.51
2453842.71575 16.1805  0.0088 4.42 1588.0  140.92  302.51
2453845.74561 16.2075  0.0144 5.19 3805.0  140.92  302.51
2453846.75655 16.1859  0.0071 4.13  685.0  140.92  302.51
2453846.88519 16.1577  0.0073 4.11  794.0  140.92  302.51
2453847.82959 16.1668  0.0082 5.19  788.0  140.92  302.51
2453848.77961 16.1568  0.0076 5.08  674.0  140.92  302.51
2453848.89835 16.1595  0.0082 4.93  771.0  140.92  302.51
2453849.77712 16.1736  0.0072 4.13  715.0  140.92  302.51
2453850.72234 16.1707  0.0073 4.61  708.0  140.92  302.51
2453850.89522 16.1831  0.0085 4.92  854.0  140.92  302.51
2453851.73597 16.1840  0.0075 4.87  685.0  140.92  302.51
2453851.90073 16.1653  0.0077 4.64  729.0  140.92  302.51
2453852.72451 16.1851  0.0077 4.90  712.0  140.92  302.51
2453852.84532 16.1794  0.0074 4.56  711.0  140.92  302.51
2453852.93000 16.1558  0.0094 5.66 1046.0  140.92  302.51
2453853.71718 16.1775  0.0062 3.85  601.0  140.92  302.51
2453853.88140 16.1820  0.0069 4.08  670.0  140.92  302.51
2453856.70310 16.1532  0.0066 3.86  835.0  140.92  302.51
2453856.89353 16.1626  0.0058 3.64  802.0  140.92  302.51
2453856.91127 16.1741  0.0062 4.14  810.0  140.92  302.51
2453858.74233 16.1534  0.0069 4.61  606.0  140.92  302.51
2453859.85730 16.1817  0.0073 4.31  736.0  140.92  302.51
2453860.69776 16.1772  0.0067 5.39  686.0  140.92  302.51
2453861.69515 16.1487  0.0076 4.79  781.0  140.92  302.51
2453861.79930 16.1588  0.0069 4.07  670.0  140.92  302.51
2453861.89705 16.1728  0.0065 3.41  739.0  140.92  302.51
2453862.67702 16.1498  0.0074 4.65  848.0  140.92  302.51
2453862.89176 16.1714  0.0074 3.90  914.0  140.92  302.51
2453863.68986 16.1595  0.0068 3.96  847.0  140.92  302.51
2453863.83365 16.1530  0.0068 3.83  669.0  140.92  302.51
2453863.90976 16.1635  0.0065 3.27  696.0  140.92  302.51
2453864.70665 16.1540  0.0068 3.56  748.0  140.92  302.51
2453864.89287 16.1786  0.0067 3.53  673.0  140.92  302.51
2453865.66656 16.1486  0.0074 4.36  919.0  140.92  302.51
2453865.80227 16.1773  0.0071 4.01  746.0  140.92  302.51
2453865.88079 16.1776  0.0069 4.00  698.0  140.92  302.51
2453866.71212 16.1510  0.0068 3.64  762.0  140.92  302.51
2453866.85162 16.1544  0.0072 4.08  741.0  140.92  302.51
2453867.65806 16.1547  0.0072 3.75 1066.0  140.92  302.51
2453867.84352 16.1481  0.0072 3.50  997.0  140.92  302.51
2453867.91374 16.1729  0.0073 3.52 1043.0  140.92  302.51
2453868.66585 16.1625  0.0089 4.41 1317.0  140.92  302.51
2453868.80805 16.1402  0.0075 3.84 1025.0  140.92  302.51
2453868.88961 16.1676  0.0082 4.21 1120.0  140.92  302.51
2453869.63765 16.1730  0.0081 3.95 1507.0  140.92  302.51
2453869.82690 16.1469  0.0084 4.33 1342.0  140.92  302.51
2453869.89932 16.1499  0.0083 4.17 1400.0  140.92  302.51
2453873.69943 16.1507  0.0070 3.75  761.0  140.92  302.51
2453873.83850 16.1405  0.0069 3.85  775.0  140.92  302.51
2453873.90899 16.1593  0.0074 4.16  833.0  140.92  302.51
2453874.70070 16.1362  0.0071 4.53  652.0  140.92  302.51
2453874.86920 16.1500  0.0072 3.91  808.0  140.92  302.51
2453875.63739 16.1483  0.0065 3.79  617.0  140.92  302.51
2453875.78466 16.1511  0.0064 3.36  697.0  140.92  302.51
2453875.86232 16.1365  0.0065 3.82  717.0  140.92  302.51
2453876.66078 16.1447  0.0055 3.76  610.0  140.92  302.51
2453877.66527 16.1464  0.0065 4.10  605.0  140.92  302.51
2453877.81348 16.1565  0.0067 4.07  659.0  140.92  302.51
2453877.88726 16.1626  0.0072 4.04  817.0  140.92  302.51
2453880.86881 16.1511  0.0069 4.33  779.0  140.92  302.51
2453880.94234 16.1307  0.0086 5.15 1515.0  140.92  302.51
2453881.68905 16.1386  0.0070 4.23  751.0  140.92  302.51
2453881.83181 16.1269  0.0064 3.34  804.0  140.92  302.51
2453882.60119 16.1312  0.0071 4.56  752.0  140.92  302.51
2453882.80409 16.1305  0.0071 4.41  745.0  140.92  302.51
2453882.87426 16.1299  0.0066 3.67  730.0  140.92  302.51
2453883.66655 16.1215  0.0067 3.98  671.0  140.92  302.51
2453883.89942 16.1392  0.0068 3.92  735.0  140.92  302.51
2453886.63183 16.1352  0.0068 4.34  733.0  140.92  302.51
2453886.82134 16.1210  0.0063 3.67  597.0  140.92  302.51
2453886.89340 16.1333  0.0068 4.25  689.0  140.92  302.51
2453886.91942 16.1232  0.0071 4.75  712.0  140.92  302.51
2453887.60190 16.1260  0.0070 4.87  742.0  140.92  302.51
2453887.80456 16.1233  0.0072 4.75  695.0  140.92  302.51
2453887.83235 16.1310  0.0071 4.80  701.0  140.92  302.51
2453887.90444 16.1283  0.0073 4.64  871.0  140.92  302.51
2453888.63275 16.1253  0.0059 5.61  549.0  140.92  302.51
2453889.68436 16.1228  0.0064 3.93  624.0  140.92  302.51
2453890.57264 16.1283  0.0078 5.01  921.0  140.92  302.51
2453891.70892 16.1230  0.0072 4.78  672.0  140.92  302.51
2453891.82595 16.1181  0.0069 4.32  717.0  140.92  302.51
2453891.90762 16.1266  0.0074 5.02  777.0  140.92  302.51
2453892.61935 16.1082  0.0084 5.87  880.0  140.92  302.51
2453893.65359 16.1162  0.0082 5.92  711.0  140.92  302.51
2453893.90132 16.1125  0.0082 5.64  839.0  140.92  302.51
2453894.70142 16.1085  0.0077 5.34  656.0  140.92  302.51
2453896.64517 16.0919  0.0083 5.35  997.0  140.92  302.51
2453900.56049 16.1017  0.0109 5.19 2552.0  140.92  302.51
2453900.74689 16.0836  0.0070 3.76 1003.0  140.92  302.51
2453900.82229 16.0896  0.0073 3.99 1058.0  140.92  302.51
2453901.57432 16.0949  0.0077 5.25  854.0  140.92  302.51
2453901.74913 16.0836  0.0083 5.57  879.0  140.92  302.51
2453901.82595 16.0865  0.0076 5.02  842.0  140.92  302.51
2453901.89842 16.0948  0.0078 4.84 1184.0  140.92  302.51
2453902.59525 16.0858  0.0057 3.81  761.0  140.92  302.51
2453902.78038 16.0804  0.0068 4.13  873.0  140.92  302.51
2453902.89906 16.0882  0.0085 5.74 1032.0  140.92  302.51
2453903.68413 16.0903  0.0068 4.44  762.0  140.92  302.51
2453904.57829 16.0880  0.0060 3.77  638.0  140.92  302.51
2453904.74151 16.0679  0.0067 3.96  757.0  140.92  302.51
2453904.81054 16.0790  0.0065 3.93  706.0  140.92  302.51
2453904.86331 16.0795  0.0070 4.26  810.0  140.92  302.51
2453905.57519 16.0640  0.0062 3.98  655.0  140.92  302.51
2453905.74918 16.0772  0.0061 3.61  678.0  140.92  302.51
2453905.82182 16.0858  0.0059 3.25  681.0  140.92  302.51
2453905.89039 16.0854  0.0071 4.55  998.0  140.92  302.51
2453906.51388 16.0503  0.0084 5.52 1093.0  140.92  302.51
2453906.68372 16.0689  0.0067 3.97  732.0  140.92  302.51
2453906.75669 16.0669  0.0063 3.86  690.0  140.92  302.51
2453906.82930 16.0571  0.0072 4.68  748.0  140.92  302.51
2453907.62034 16.0704  0.0067 4.33  680.0  140.92  302.51
2453907.81522 16.0510  0.0091 6.55  852.0  140.92  302.51
2453907.88779 16.0670  0.0084 6.14  853.0  140.92  302.51
2453908.55655 16.0648  0.0069 3.94 1012.0  140.92  302.51
2453908.74699 16.0770  0.0066 3.87  722.0  140.92  302.51
2453908.82227 16.0764  0.0065 4.06  657.0  140.92  302.51
2453909.56168 16.0679  0.0069 4.77  716.0  140.92  302.51
2453909.75605 16.0745  0.0060 3.67  542.0  140.92  302.51
2453909.83797 16.0572  0.0067 4.38  656.0  140.92  302.51
2453910.61038 16.0644  0.0064 3.92  651.0  140.92  302.51
2453912.56080 16.0656  0.0057 3.17  706.0  140.92  302.51
2453912.57805 16.0534  0.0058 3.28  685.0  140.92  302.51
2453912.75758 16.0609  0.0058 3.43  546.0  140.92  302.51
2453912.84545 16.0425  0.0061 3.81  643.0  140.92  302.51
2453913.55857 16.0548  0.0059 3.37  693.0  140.92  302.51
2453913.76078 16.0430  0.0075 5.33  735.0  140.92  302.51
2453913.85057 16.0458  0.0065 4.37  707.0  140.92  302.51
2453914.57604 16.0556  0.0066 4.29  731.0  140.92  302.51
2453915.55656 16.0348  0.0067 4.54  761.0  140.92  302.51
2453915.75991 16.0402  0.0061 4.34  575.0  140.92  302.51
2453915.85686 16.0443  0.0068 4.93  667.0  140.92  302.51
2453916.60444 16.0303  0.0073 5.69  705.0  140.92  302.51
2453916.77708 16.0438  0.0075 5.93  657.0  140.92  302.51
2453917.64441 16.0220  0.0070 5.16  714.0  140.92  302.51
2453917.84732 16.0098  0.0080 6.41  789.0  140.92  302.51
2453918.63791 16.0284  0.0067 4.92  708.0  140.92  302.51
2453918.84760 16.0416  0.0074 5.16  761.0  140.92  302.51
2453919.57277 16.0222  0.0078 5.78  840.0  140.92  302.51
2453919.81720 15.9991  0.0069 6.04  737.0  140.92  302.51
2453920.54240 16.0093  0.0062 3.93  680.0  140.92  302.51
2453920.73868 16.0163  0.0069 4.98  679.0  140.92  302.51
2453920.81741 16.0268  0.0060 3.42  737.0  140.92  302.51
2453921.53540 16.0066  0.0066 3.85  886.0  140.92  302.51
2453921.74585 15.9729  0.0080 6.16  764.0  140.92  302.51
2453922.74232 16.0171  0.0071 5.41  737.0  140.92  302.51
2453930.58996 15.9626  0.0062 3.92  891.0  140.92  302.51
2453931.54102 15.9615  0.0067 4.64  812.0  140.92  302.51
2453931.66443 15.9443  0.0064 4.43  713.0  140.92  302.51
2453932.55290 15.9675  0.0069 4.74  897.0  140.92  302.51
2453933.54186 15.9648  0.0059 3.95  758.0  140.92  302.51
2453933.72316 15.9494  0.0052 4.14  841.0  140.92  302.51
2453933.79875 15.9351  0.0062 4.51  801.0  140.92  302.51
2453934.51260 15.9413  0.0060 4.01  785.0  140.92  302.51
2453934.56454 15.9417  0.0059 3.81  788.0  140.92  302.51
2453934.63600 15.9401  0.0057 3.67  606.0  140.92  302.51
2453934.70641 15.9519  0.0061 4.44  639.0  140.92  302.51
2453934.77547 15.9422  0.0058 3.98  641.0  140.92  302.51
2453934.79282 15.9354  0.0060 4.41  682.0  140.92  302.51
2453934.80927 15.9532  0.0063 4.50  746.0  140.92  302.51
2453934.82422 15.9425  0.0060 4.48  737.0  140.92  302.51
2453934.83369 15.9394  0.0062 4.78  767.0  140.92  302.51
2453935.50769 15.9280  0.0066 5.21  735.0  140.92  302.51
2453935.56244 15.9268  0.0060 4.30  680.0  140.92  302.51
2453935.73378 15.9166  0.0067 5.54  645.0  140.92  302.51
2453935.78552 15.9314  0.0066 5.17  713.0  140.92  302.51
2453936.51606 15.9340  0.0064 4.61  717.0  140.92  302.51
2453936.68139 15.9187  0.0065 4.54  685.0  140.92  302.51
2453936.75893 15.9016  0.0064 4.47  808.0  140.92  302.51
2453937.58413 15.9133  0.0068 5.33  674.0  140.92  302.51
2453938.52355 15.8955  0.0068 5.43  779.0  140.92  302.51
2453938.72521 15.9047  0.0063 5.15  633.0  140.92  302.51
2453938.77440 15.8816  0.0069 5.85  660.0  140.92  302.51
2453940.62660 15.9002  0.0053 3.94  669.0  140.92  302.51
2453941.66994 15.8583  0.0068 6.55  589.0  140.92  302.51
2453944.58012 15.8595  0.0051 4.96  639.0  140.92  302.51
2453945.52895 15.8637  0.0059 4.78  717.0  140.92  302.51
2453945.71701 15.8569  0.0061 4.93  681.0  140.92  302.51
2453946.53925 15.8298  0.0065 5.64  740.0  140.92  302.51
2453946.72865 15.8455  0.0058 5.04  587.0  140.92  302.51
2453950.54721 15.8105  0.0051 3.60  591.0  140.92  302.51
2453950.76672 15.7914  0.0055 5.16  677.0  140.92  302.51
2453951.54348 15.7857  0.0060 4.95  727.0  140.92  302.51
2453956.58987 15.7332  0.0066 5.59  987.0  140.92  302.51
2453957.53075 15.7138  0.0063 5.86  841.0  140.92  302.51
2453958.60353 15.7090  0.0057 4.52  893.0  140.92  302.51
2453959.54348 15.7036  0.0054 4.71  697.0  140.92  302.51
2453959.70782 15.6885  0.0058 5.41  809.0  140.92  302.51
2453960.52144 15.6867  0.0050 4.37  642.0  140.92  302.51
2453960.70135 15.6933  0.0050 3.88  786.0  140.92  302.51
2453961.59654 15.6434  0.0064 6.49  837.0  140.92  302.51
2453963.48309 15.6366  0.0058 5.74  750.0  140.92  302.51
2453963.65763 15.6376  0.0053 5.06  672.0  140.92  302.51
2453963.73098 15.6368  0.0059 6.44  719.0  140.92  302.51
2453964.55318 15.6331  0.0049 4.05  673.0  140.92  302.51
2453965.54247 15.6130  0.0046 3.82  595.0  140.92  302.51
2453965.73238 15.6102  0.0048 4.81  672.0  140.92  302.51
2453966.53439 15.6009  0.0049 4.35  713.0  140.92  302.51
2453966.71621 15.5900  0.0054 5.72  673.0  140.92  302.51
2453967.55811 15.5649  0.0058 5.99  707.0  140.92  302.51
2453968.52091 15.5753  0.0050 4.41  811.0  140.92  302.51
2453968.69242 15.5604  0.0052 5.10  721.0  140.92  302.51
2453969.52480 15.5515  0.0051 5.53  660.0  140.92  302.51
2453969.70342 15.5544  0.0050 5.30  615.0  140.92  302.51
2453970.53664 15.5302  0.0050 4.95  629.0  140.92  302.51
2453970.71654 15.5421  0.0047 4.93  625.0  140.92  302.51
2453971.57643 15.5116  0.0053 5.92  652.0  140.92  302.51
2453973.60156 15.4898  0.0046 5.22  591.0  140.92  302.51
2453974.53141 15.4678  0.0050 5.66  657.0  140.92  302.51
2453975.53387 15.4488  0.0044 4.70  633.0  140.92  302.51
2453976.52866 15.4276  0.0042 4.15  653.0  140.92  302.51
2453979.53844 15.3755  0.0055 6.32  999.0  140.92  302.51
2453982.60561 15.3238  0.0045 4.54 1083.0  140.92  302.51
2453986.60564 15.2365  0.0042 5.51  898.0  140.92  302.51
2453987.52802 15.2212  0.0040 4.72  790.0  140.92  302.51
2453988.54086 15.1981  0.0038 4.61  669.0  140.92  302.51
2453989.60257 15.1599  0.0044 6.10  794.0  140.92  302.51
2453990.64483 15.1570  0.0041 6.42  760.0  140.92  302.51
2453994.49755 15.0749  0.0042 6.49  773.0  140.92  302.51
2453995.59517 15.0691  0.0035 4.41  687.0  140.92  302.51
2453999.63271 14.9978  0.0035 5.55  826.0  140.92  302.51
2454000.53975 14.9888  0.0035 5.51  722.0  140.92  302.51
2454001.52949 14.9796  0.0036 5.41  838.0  140.92  302.51
2454002.52619 14.9709  0.0033 4.64  681.0  140.92  302.51
2454004.54914 14.9500  0.0038 6.05  782.0  140.92  302.51
2454005.55184 14.9424  0.0035 4.67  757.0  140.92  302.51
2454006.54651 14.9426  0.0033 4.49  702.0  140.92  302.51
2454012.52220 14.9317  0.0040 6.48  855.0  140.92  302.51
2454016.56413 14.9969  0.0042 6.17  978.0  140.92  302.51
2454018.57671 14.9760  0.0038 5.34  880.0  140.92  302.51
2454021.56064 15.0347  0.0041 5.81 1005.0  140.92  302.51
2454024.50839 15.1247  0.0042 6.00  812.0  140.92  302.51
2454026.50391 15.1572  0.0035 4.70  722.0  140.92  302.51
2454028.51996 15.1687  0.0042 5.62  816.0  140.92  302.51
2454031.52003 15.2425  0.0043 4.93  880.0  140.92  302.51
2454038.52521 15.3510  0.0049 5.55  891.0  140.92  302.51
2454041.52434 15.4170  0.0056 5.90 1230.0  140.92  302.51
2454142.87523 16.1037  0.0102 5.91 1271.0  140.92  302.51
2454151.88039 16.1328  0.0094 5.83  873.0  140.92  302.51
2454154.82783 16.1276  0.0087 4.59  988.0  140.92  302.51
2454156.88084 16.1413  0.0094 5.47  860.0  140.92  302.51
2454159.81488 16.1410  0.0084 4.36 1021.0  140.92  302.51
2454161.86831 16.1484  0.0092 5.12 1119.0  140.92  302.51
2454163.88431 16.1593  0.0084 3.94 1159.0  140.92  302.51
2454165.84117 16.1353  0.0100 5.25 1509.0  140.92  302.51
2454168.83867 16.1504  0.0093 4.66 1252.0  140.92  302.51
2454170.83886 16.1543  0.0089 4.17 1236.0  140.92  302.51
2454175.87474 16.1636  0.0084 4.72  803.0  140.92  302.51
2454177.77451 16.1558  0.0083 4.85  800.0  140.92  302.51
2454178.83184 16.1655  0.0086 4.61  813.0  140.92  302.51
2454179.87172 16.1691  0.0081 3.70  840.0  140.92  302.51
2454181.80814 16.1702  0.0086 4.94  770.0  140.92  302.51
2454182.85669 16.1614  0.0079 4.25  740.0  140.92  302.51
2454183.88919 16.1678  0.0080 4.39  865.0  140.92  302.51
2454184.75926 16.1654  0.0089 5.25  807.0  140.92  302.51
2454185.76565 16.1605  0.0094 5.81  810.0  140.92  302.51
2454191.77617 16.1831  0.0105 6.04 1067.0  140.92  302.51
2454193.78728 16.1846  0.0104 5.72 1155.0  140.92  302.51
2454194.81014 16.1912  0.0092 4.95  925.0  140.92  302.51
2454196.80014 16.1927  0.0092 4.91  992.0  140.92  302.51
2454202.78174 16.1876  0.0079 3.88  851.0  140.92  302.51
2454203.76952 16.1948  0.0079 4.10  743.0  140.92  302.51
2454204.76188 16.1859  0.0086 4.77  846.0  140.92  302.51
2454205.76010 16.1885  0.0081 4.69  678.0  140.92  302.51
2454205.91151 16.1957  0.0083 4.04  850.0  140.92  302.51
2454207.75135 16.1911  0.0084 4.56  806.0  140.92  302.51
2454208.70530 16.1889  0.0090 4.95  851.0  140.92  302.51
2454211.81661 16.1686  0.0083 5.66  699.0  140.92  302.51
2454212.84618 16.1672  0.0094 5.49  754.0  140.92  302.51
2454213.75424 16.1876  0.0084 4.71  757.0  140.92  302.51
2454215.76726 16.1880  0.0092 5.43  794.0  140.92  302.51
2454216.72515 16.2044  0.0083 4.45  805.0  140.92  302.51
2454217.73265 16.2095  0.0079 3.92  799.0  140.92  302.51
2454217.89395 16.1909  0.0075 3.10  764.0  140.92  302.51
2454218.78240 16.1800  0.0102 6.20  834.0  140.92  302.51
2454219.78966 16.1894  0.0085 4.65  789.0  140.92  302.51
2454220.72858 16.1826  0.0089 4.98  890.0  140.92  302.51
2454222.69730 16.1882  0.0096 5.21 1201.0  140.92  302.51
2454224.81040 16.2026  0.0088 3.99 1186.0  140.92  302.51
2454228.70275 16.1823  0.0092 4.23 1442.0  140.92  302.51
2454229.69634 16.1884  0.0095 5.46  904.0  140.92  302.51
2454229.89326 16.1964  0.0084 3.91  959.0  140.92  302.51
2454230.64454 16.2024  0.0088 4.65  866.0  140.92  302.51
2454230.83252 16.1747  0.0098 5.90  812.0  140.92  302.51
2454230.89420 16.1981  0.0096 5.10  962.0  140.92  302.51
2454231.66850 16.1993  0.0071 5.44  826.0  140.92  302.51
2454231.71956 16.1989  0.0078 4.85  871.0  140.92  302.51
2454231.87459 16.2004  0.0089 4.57  894.0  140.92  302.51
2454232.62287 16.1880  0.0106 6.40 1197.0  140.92  302.51
2454232.65625 16.1975  0.0098 6.10 1123.0  140.92  302.51
2454232.78126 16.2048  0.0092 5.03  942.0  140.92  302.51
2454232.82067 16.1852  0.0100 5.80 1040.0  140.92  302.51
2454232.85609 16.1970  0.0104 5.82  992.0  140.92  302.51
2454232.88985 16.1939  0.0100 5.70  948.0  140.92  302.51
2454232.91882 16.1961  0.0097 5.42  913.0  140.92  302.51
2454232.93666 16.1917  0.0116 5.74 1634.0  140.92  302.51
2454233.64991 16.1939  0.0093 8.39  514.0  140.92  302.51
2454233.65630 16.2047  0.0070 7.32  352.0  140.92  302.51
2454233.65858 16.1818  0.0062 6.45  340.0  140.92  302.51
2454233.66083 16.1801  0.0072 7.58  347.0  140.92  302.51
2454233.66293 16.2066  0.0075 7.83  349.0  140.92  302.51
2454233.66499 16.0812  0.0073 9.38  261.0  140.92  302.51
2454233.66720 16.1963  0.0050 7.84  171.0  140.92  302.51
2454233.66927 16.1887  0.0048 7.36  170.0  140.92  302.51
2454233.67100 16.1939  0.0049 7.55  166.0  140.92  302.51
2454233.67265 16.1876  0.0043 6.34  169.0  140.92  302.51
2454233.67425 16.1475  0.0053 7.95  172.0  140.92  302.51
2454233.70088 16.1707  0.0122 7.79  912.0  140.92  302.51
2454233.70389 16.1817  0.0112 7.02  896.0  140.92  302.51
2454233.70678 16.1789  0.0115 7.40  894.0  140.92  302.51
2454233.71420 16.1834  0.0101 6.22  854.0  140.92  302.51
2454233.72021 16.1943  0.0102 6.19  862.0  140.92  302.51
2454233.72327 16.1795  0.0093 7.53  510.0  140.92  302.51
2454233.72595 16.1355  0.0126 8.43  892.0  140.92  302.51
2454233.72883 16.1772  0.0113 7.11  893.0  140.92  302.51
2454233.73183 16.2044  0.0099 5.94  863.0  140.92  302.51
2454233.73476 16.1907  0.0099 5.89  868.0  140.92  302.51
2454233.73766 16.2030  0.0109 6.54  882.0  140.92  302.51
2454233.74058 16.1816  0.0101 6.03  889.0  140.92  302.51
2454233.74348 16.1851  0.0097 5.59  898.0  140.92  302.51
2454233.75046 16.1980  0.0101 5.83  930.0  140.92  302.51
2454233.75905 16.1770  0.0116 7.09  968.0  140.92  302.51
2454233.76791 16.1746  0.0116 7.06 1003.0  140.92  302.51
2454233.77086 16.1616  0.0117 7.13  997.0  140.92  302.51
2454233.77380 16.1716  0.0106 6.63  955.0  140.92  302.51
2454233.77675 16.1786  0.0104 6.22  967.0  140.92  302.51
2454233.78301 16.1914  0.0099 5.91  935.0  140.92  302.51
2454233.78862 16.2013  0.0098 5.64  935.0  140.92  302.51
2454233.79445 16.1932  0.0091 5.54  938.0  140.92  302.51
2454233.80137 16.1938  0.0091 5.65  948.0  140.92  302.51
2454233.81263 16.2040  0.0092 5.25  979.0  140.92  302.51
2454233.82161 16.1728  0.0100 6.09  975.0  140.92  302.51
2454233.83004 16.1947  0.0106 6.41 1002.0  140.92  302.51
2454233.84004 16.1857  0.0102 6.06 1024.0  140.92  302.51
2454233.84899 16.2017  0.0084 4.56 1015.0  140.92  302.51
2454233.85745 16.2212  0.0079 4.46 1044.0  140.92  302.51
2454233.86601 16.1874  0.0092 5.61 1058.0  140.92  302.51
2454233.87899 16.1901  0.0081 5.05 1079.0  140.92  302.51
2454233.88731 16.2107  0.0083 4.95 1114.0  140.92  302.51
2454233.89571 16.1932  0.0086 5.05 1157.0  140.92  302.51
2454233.90399 16.2084  0.0085 4.86 1173.0  140.92  302.51
2454233.91247 16.1913  0.0086 5.20 1147.0  140.92  302.51
2454233.92223 16.1994  0.0102 5.91 1168.0  140.92  302.51
2454233.92822 16.2034  0.0111 6.29 1190.0  140.92  302.51
2454233.93125 16.1956  0.0115 6.41 1236.0  140.92  302.51
2454233.93413 16.1884  0.0109 5.84 1342.0  140.92  302.51
2454233.93704 16.1824  0.0123 6.09 1978.0  140.92  302.51
2454234.61520 16.2107  0.0114 6.89 1161.0  140.92  302.51
2454234.61909 16.1652  0.0111 6.79 1169.0  140.92  302.51
2454234.62650 16.1992  0.0110 6.51 1112.0  140.92  302.51
2454234.63407 16.1968  0.0103 6.32 1055.0  140.92  302.51
2454234.64058 16.2121  0.0090 5.62 1024.0  140.92  302.51
2454234.65400 16.1803  0.0086 5.36  998.0  140.92  302.51
2454234.66230 16.1869  0.0093 5.72  944.0  140.92  302.51
2454234.67072 16.1923  0.0101 6.16  923.0  140.92  302.51
2454234.67910 16.1876  0.0093 5.43  949.0  140.92  302.51
2454234.69412 16.1857  0.0098 5.82  920.0  140.92  302.51
2454234.71978 16.2108  0.0088 4.89  872.0  140.92  302.51
2454234.73251 16.1943  0.0088 5.12  877.0  140.92  302.51
2454234.76193 16.2051  0.0089 4.97  786.0  140.92  302.51
2454234.78218 16.2220  0.0087 4.54  816.0  140.92  302.51
2454234.80483 16.1963  0.0081 4.05  818.0  140.92  302.51
2454234.84231 16.2018  0.0082 3.90  882.0  140.92  302.51
2454234.88142 16.1999  0.0094 5.13  930.0  140.92  302.51
2454234.89891 16.2084  0.0091 4.59  987.0  140.92  302.51
2454234.90453 16.2076  0.0089 4.39  992.0  140.92  302.51
2454234.92005 16.2115  0.0090 4.47 1040.0  140.92  302.51
2454234.92861 16.1942  0.0097 5.09 1075.0  140.92  302.51
2454234.93743 16.1837  0.0111 5.42 1528.0  140.92  302.51
2454235.62361 16.1924  0.0097 5.41 1100.0  140.92  302.51
2454235.69290 16.2062  0.0084 4.12  912.0  140.92  302.51
2454235.74182 16.2109  0.0083 3.99  920.0  140.92  302.51
2454235.75037 16.2021  0.0084 4.12  928.0  140.92  302.51
2454235.85395 16.2074  0.0081 3.70  782.0  140.92  302.51
2454235.91606 16.0898  0.0113 5.94  998.0  140.92  302.51
2454237.61943 16.1750  0.0108 6.78  942.0  140.92  302.51
2454238.69080 16.2067  0.0087 4.95  869.0  140.92  302.51
2454238.90028 16.2143  0.0095 5.29 1186.0  140.92  302.51
2454239.66265 16.2100  0.0086 4.80  809.0  140.92  302.51
2454240.70232 16.2073  0.0082 4.33  783.0  140.92  302.51
2454240.85598 16.2062  0.0089 4.52  881.0  140.92  302.51
2454243.66800 16.1983  0.0092 5.29  797.0  140.92  302.51
2454243.76143 16.2073  0.0087 4.54  854.0  140.92  302.51
2454243.85430 16.2082  0.0091 4.89  851.0  140.92  302.51
2454244.64017 16.1828  0.0107 6.49  933.0  140.92  302.51
2454244.73655 16.2123  0.0083 4.15  824.0  140.92  302.51
2454244.82915 16.2135  0.0085 4.12  895.0  140.92  302.51
2454245.63325 16.2064  0.0088 5.16  759.0  140.92  302.51
2454245.72756 16.2060  0.0081 4.19  675.0  140.92  302.51
2454245.82302 16.2078  0.0080 3.84  712.0  140.92  302.51
2454245.87353 16.2062  0.0089 4.67  820.0  140.92  302.51
2454246.69196 16.2027  0.0084 4.54  796.0  140.92  302.51
2454246.78506 16.2114  0.0085 4.35  825.0  140.92  302.51
2454246.87776 16.2157  0.0084 3.80  976.0  140.92  302.51
2454247.70700 16.1983  0.0089 5.00  860.0  140.92  302.51
2454250.75508 16.2025  0.0089 4.16 1104.0  140.92  302.51
2454256.64749 16.1984  0.0106 6.34  948.0  140.92  302.51
2454256.79295 16.2007  0.0105 5.82 1036.0  140.92  302.51
2454257.67440 16.2056  0.0091 5.07  813.0  140.92  302.51
2454258.65791 16.2248  0.0103 6.06  851.0  140.92  302.51
2454258.78073 16.2056  0.0086 4.16  883.0  140.92  302.51
2454258.87335 16.2012  0.0103 5.45 1082.0  140.92  302.51
2454267.61761 16.2138  0.0088 5.42  876.0  140.92  302.51
2454268.68710 16.2271  0.0064 4.29  803.0  140.92  302.51
2454268.86458 16.1996  0.0100 5.35 1005.0  140.92  302.51
2454269.59983 16.2086  0.0083 4.45  788.0  140.92  302.51
2454269.75009 16.2148  0.0085 4.56  742.0  140.92  302.51
2454270.53452 16.2011  0.0101 5.68 1187.0  140.92  302.51
2454272.58103 16.2143  0.0092 4.83 1098.0  140.92  302.51
2454272.73092 16.1995  0.0079 3.94  727.0  140.92  302.51
2454272.78954 16.2094  0.0087 4.40  927.0  140.92  302.51
2454272.86090 16.2171  0.0106 5.72 1146.0  140.92  302.51
2454273.64139 16.2130  0.0093 4.89  879.0  140.92  302.51
2454273.81955 16.2244  0.0097 4.57 1149.0  140.92  302.51
2454273.88075 16.2166  0.0115 5.81 1423.0  140.92  302.51
2454274.57248 16.2040  0.0099 5.26 1102.0  140.92  302.51
2454274.72539 16.1985  0.0096 5.35  909.0  140.92  302.51
2454274.78629 16.2069  0.0084 4.12  961.0  140.92  302.51
2454274.84582 16.2055  0.0095 5.68 1116.0  140.92  302.51
2454275.62399 16.2192  0.0089 4.54  930.0  140.92  302.51
2454275.79929 16.1968  0.0103 5.52 1100.0  140.92  302.51
2454275.86039 16.2172  0.0116 5.84 1388.0  140.92  302.51
2454276.60876 16.2169  0.0099 5.63  903.0  140.92  302.51
2454277.55247 16.2071  0.0102 5.31 1161.0  140.92  302.51
2454277.72954 16.2185  0.0093 4.87  902.0  140.92  302.51
2454277.78820 16.2050  0.0102 5.54  981.0  140.92  302.51
2454278.59742 16.2086  0.0105 5.80 1015.0  140.92  302.51
2454278.77372 16.2009  0.0111 6.48 1041.0  140.92  302.51
2454283.53501 16.2073  0.0101 4.63 1444.0  140.92  302.51
2454284.52681 16.2025  0.0096 4.79 1153.0  140.92  302.51
2454284.67642 16.1916  0.0098 4.69 1132.0  140.92  302.51
2454284.73654 16.2188  0.0083 3.66 1022.0  140.92  302.51
2454284.79857 16.2045  0.0097 4.37 1206.0  140.92  302.51
2454284.86357 16.2049  0.0116 4.86 1721.0  140.92  302.51
2454285.52997 16.2025  0.0098 4.51 1084.0  140.92  302.51
2454285.72352 16.1997  0.0093 4.59  897.0  140.92  302.51
2454285.78480 16.2139  0.0089 4.53  883.0  140.92  302.51
2454285.85001 16.2037  0.0094 4.51 1140.0  140.92  302.51
2454286.52973 16.1946  0.0098 4.75 1254.0  140.92  302.51
2454289.54064 16.2106  0.0095 5.07  956.0  140.92  302.51
2454289.75955 16.2088  0.0095 5.21  868.0  140.92  302.51
2454289.82437 16.2210  0.0087 4.92  832.0  140.92  302.51
2454290.58692 16.2044  0.0100 6.13  751.0  140.92  302.51
2454291.60659 16.2259  0.0085 4.36  776.0  140.92  302.51
2454292.51218 16.2010  0.0083 4.23  926.0  140.92  302.51
2454292.69119 16.2138  0.0081 3.75  828.0  140.92  302.51
2454292.74997 16.2136  0.0080 3.85  779.0  140.92  302.51
2454292.81299 16.2099  0.0098 5.32  953.0  140.92  302.51
2454293.51294 16.2206  0.0084 4.34  777.0  140.92  302.51
2454293.69711 16.2193  0.0084 4.40  727.0  140.92  302.51
2454293.75585 16.2203  0.0083 4.05  772.0  140.92  302.51
2454293.79610 16.2135  0.0088 4.67  821.0  140.92  302.51
2454293.83361 16.2194  0.0090 4.90  851.0  140.92  302.51
2454294.51155 16.2231  0.0087 4.42  958.0  140.92  302.51
2454295.52172 16.2207  0.0087 4.92  766.0  140.92  302.51
2454295.71681 16.2105  0.0081 4.50  625.0  140.92  302.51
2454295.77541 16.2211  0.0083 4.58  645.0  140.92  302.51
2454295.84081 16.2140  0.0105 6.38  939.0  140.92  302.51
2454296.51581 16.2191  0.0090 4.71  832.0  140.92  302.51
2454296.72152 16.1960  0.0086 4.95  659.0  140.92  302.51
2454297.53561 16.2188  0.0090 4.83  778.0  140.92  302.51
2454297.74018 16.1923  0.0090 5.72  720.0  140.92  302.51
2454298.57009 16.1941  0.0093 5.38  702.0  140.92  302.51
2454298.68173 16.2038  0.0084 4.79  635.0  140.92  302.51
2454298.81913 16.2074  0.0107 6.32  980.0  140.92  302.51
2454299.55718 16.2223  0.0078 4.07  699.0  140.92  302.51
2454299.64710 16.2192  0.0080 4.06  651.0  140.92  302.51
2454299.73838 16.2238  0.0082 4.46  642.0  140.92  302.51
2454300.55383 16.2140  0.0087 4.65  761.0  140.92  302.51
2454300.66900 16.2065  0.0081 4.20  642.0  140.92  302.51
2454300.78411 16.2171  0.0092 4.71  889.0  140.92  302.51
2454301.53996 16.2252  0.0085 4.29  925.0  140.92  302.51
2454301.63622 16.2120  0.0084 4.27  793.0  140.92  302.51
2454301.73840 16.2256  0.0082 3.99  700.0  140.92  302.51
2454302.61294 16.2086  0.0087 4.82  729.0  140.92  302.51
2454302.77804 16.2097  0.0088 4.94  706.0  140.92  302.51
2454303.69955 16.2058  0.0091 5.11  688.0  140.92  302.51
2454304.57784 16.2008  0.0093 4.64 1077.0  140.92  302.51
2454304.71420 16.2011  0.0109 6.27 1000.0  140.92  302.51
2454306.58358 16.1979  0.0108 6.19  960.0  140.92  302.51
2454306.72010 16.2159  0.0105 6.22  915.0  140.92  302.51
2454310.63721 16.2237  0.0112 4.50 1996.0  140.92  302.51
2454312.52479 16.2190  0.0106 5.07 1339.0  140.92  302.51
2454312.76766 16.2260  0.0088 4.28 1066.0  140.92  302.51
2454314.78225 16.1874  0.0111 6.27 1034.0  140.92  302.51
2454315.55627 16.2134  0.0088 4.40  888.0  140.92  302.51
2454316.58579 16.2225  0.0084 4.54  713.0  140.92  302.51
2454317.50843 16.2229  0.0089 4.70  821.0  140.92  302.51
2454319.54351 16.2217  0.0086 4.36  825.0  140.92  302.51
2454319.68947 16.2092  0.0104 6.18  869.0  140.92  302.51
2454320.61082 16.2099  0.0090 4.65  727.0  140.92  302.51
2454326.53215 16.2327  0.0084 4.18  777.0  140.92  302.51
2454326.73640 16.1885  0.0101 6.19  764.0  140.92  302.51
2454327.61171 16.2075  0.0096 5.47  776.0  140.92  302.51
2454327.75013 16.1651  0.0116 7.22 1058.0  140.92  302.51
2454328.47687 16.2283  0.0098 4.41 1259.0  140.92  302.51
2454328.71651 16.2220  0.0098 4.97 1001.0  140.92  302.51
2454329.54709 16.1960  0.0095 5.20  784.0  140.92  302.51
2454329.69509 16.1843  0.0099 5.77  840.0  140.92  302.51
2454330.47721 16.2347  0.0088 4.21  951.0  140.92  302.51
2454330.71449 16.2251  0.0091 4.82  835.0  140.92  302.51
2454331.51934 16.2230  0.0085 4.38  763.0  140.92  302.51
2454332.52935 16.2365  0.0083 4.21  817.0  140.92  302.51
2454333.55436 16.2281  0.0098 5.14  932.0  140.92  302.51
2454334.52709 16.2233  0.0098 5.00 1063.0  140.92  302.51
2454334.68279 16.1923  0.0159 6.45 2836.0  140.92  302.51
2454338.52382 16.1934  0.0110 4.80 1670.0  140.92  302.51
2454338.70237 16.2133  0.0108 5.11 1610.0  140.92  302.51
2454339.52062 16.2242  0.0091 3.83 1237.0  140.92  302.51
2454340.64080 16.2120  0.0087 3.76 1169.0  140.92  302.51
2454341.52489 16.1988  0.0102 5.29 1036.0  140.92  302.51
2454342.55693 16.2184  0.0092 4.41  901.0  140.92  302.51
2454343.54077 16.2249  0.0079 3.38  840.0  140.92  302.51
2454344.57032 16.2123  0.0091 4.43  892.0  140.92  302.51
2454345.53246 16.2230  0.0082 3.67  888.0  140.92  302.51
2454346.54206 16.2147  0.0096 5.32  895.0  140.92  302.51
2454347.55639 16.2239  0.0092 4.97  818.0  140.92  302.51
2454349.52210 16.2315  0.0087 4.53  770.0  140.92  302.51
2454350.57552 16.2160  0.0081 3.75  783.0  140.92  302.51
2454351.52727 16.2164  0.0084 4.13  791.0  140.92  302.51
2454352.58359 16.1766  0.0104 6.35  834.0  140.92  302.51
2454353.53755 16.2385  0.0087 4.08  943.0  140.92  302.51
2454354.56631 16.2152  0.0089 4.76  856.0  140.92  302.51
2454355.57413 16.2141  0.0087 4.62  903.0  140.92  302.51
2454356.53134 16.2085  0.0094 5.22  838.0  140.92  302.51
2454357.50274 16.2037  0.0103 6.17  850.0  140.92  302.51
2454358.54618 16.2129  0.0088 4.41  864.0  140.92  302.51
2454359.51510 16.2165  0.0097 5.36  880.0  140.92  302.51
2454361.52847 16.1266  0.0116 6.83 1056.0  140.92  302.51
2454365.58409 16.2299  0.0119 5.21 1808.0  140.92  302.51
2454367.53749 16.2076  0.0093 4.39 1157.0  140.92  302.51
2454368.51043 16.1869  0.0103 5.46 1076.0  140.92  302.51
2454369.58960 16.2116  0.0121 6.25 1356.0  140.92  302.51
2454370.51682 16.2279  0.0084 3.42 1091.0  140.92  302.51
2454371.48463 16.2088  0.0088 4.12 1035.0  140.92  302.51
2454372.54102 16.2160  0.0080 3.56  821.0  140.92  302.51
2454373.53208 16.2035  0.0098 5.27  958.0  140.92  302.51
2454377.50529 16.2162  0.0084 4.02  922.0  140.92  302.51
2454378.53966 16.1859  0.0090 4.82  817.0  140.92  302.51
2454379.55767 16.1204  0.0106 6.39  924.0  140.92  302.51
2454380.49712 16.2200  0.0087 4.08  921.0  140.92  302.51
2454381.54476 16.1639  0.0104 5.47 1136.0  140.92  302.51
2454382.53126 16.2141  0.0107 6.06 1001.0  140.92  302.51
2454383.53550 16.2142  0.0098 5.10 1070.0  140.92  302.51
2454384.50989 16.1913  0.0107 6.13  870.0  140.92  302.51
2454388.57321 16.1586  0.0112 6.21 1113.0  140.92  302.51
2454393.55194 16.2310  0.0092 4.15 1206.0  140.92  302.51
2454394.52509 16.2156  0.0089 3.96 1145.0  140.92  302.51
2454395.50751 16.2052  0.0095 4.14 1151.0  140.92  302.51
2454395.56130 16.1816  0.0102 4.92 1274.0  140.92  302.51
2454396.53111 16.1483  0.0116 5.75 1483.0  140.92  302.51
2454397.55480 16.2019  0.0107 4.82 1468.0  140.92  302.51
2454398.56013 16.2174  0.0105 4.85 1514.0  140.92  302.51
2454399.51007 16.2108  0.0108 5.43 1265.0  140.92  302.51
2454400.55453 16.2299  0.0125 6.02 1743.0  140.92  302.51
2454403.50843 16.1218  0.0108 5.96 1131.0  140.92  302.51
2454409.52586 16.1276  0.0110 5.71 1410.0  140.92  302.51
2454507.88413 16.2181  0.0101 5.11 1400.0  140.92  302.51
2454511.85113 16.2390  0.0080 4.61  822.0  140.92  302.51
2454511.87094 16.2214  0.0079 4.53  802.0  140.92  302.51
2454513.88230 16.2203  0.0075 3.84  896.0  140.92  302.51
2454517.88144 16.2214  0.0104 5.65 1214.0  140.92  302.51
2454521.82076 16.2100  0.0095 4.95 1271.0  140.92  302.51
2454523.89318 16.2137  0.0099 6.01  979.0  140.92  302.51
2454525.83709 16.2074  0.0121 4.61 3093.0  140.92  302.51
2454530.90266 16.2329  0.0081 3.86 1021.0  140.92  302.51
2454531.84496 16.2170  0.0103 6.53  930.0  140.92  302.51
2454534.85004 16.2522  0.0098 6.35  746.0  140.92  302.51
2454536.79862 16.2156  0.0106 7.00  922.0  140.92  302.51
2454537.85877 16.2336  0.0076 4.31  669.0  140.92  302.51
2454538.89117 16.2237  0.0083 4.64  797.0  140.92  302.51
2454539.87725 16.2139  0.0080 4.86  722.0  140.92  302.51
2454540.82117 16.2260  0.0077 3.95  809.0  140.92  302.51
2454541.81371 16.2113  0.0074 4.28  722.0  140.92  302.51
2454542.80847 16.2134  0.0084 4.94  797.0  140.92  302.51
2454543.80400 16.2279  0.0082 4.82  822.0  140.92  302.51
2454544.80096 16.2268  0.0099 6.00  974.0  140.92  302.51
2454545.76510 16.2170  0.0094 5.12 1115.0  140.92  302.51
2454546.77172 16.2212  0.0092 4.90 1106.0  140.92  302.51
2454547.74642 16.2487  0.0095 4.62 1292.0  140.92  302.51
2454548.83875 16.2164  0.0093 5.42  965.0  140.92  302.51
2454548.88967 16.2134  0.0109 6.61  956.0  140.92  302.51
2454550.76882 16.2122  0.0101 6.15  991.0  140.92  302.51
2454551.78542 16.2153  0.0085 4.38 1060.0  140.92  302.51
2454552.73912 16.1969  0.0123 6.59 1530.0  140.92  302.51
2454556.77851 16.2208  0.0083 5.06  701.0  140.92  302.51
2454557.79968 16.2181  0.0080 4.83  717.0  140.92  302.51
2454558.72933 16.2374  0.0083 5.13  733.0  140.92  302.51
2454559.77018 16.2057  0.0075 4.63  637.0  140.92  302.51
2454560.77058 16.2142  0.0085 5.60  650.0  140.92  302.51
2454561.75987 16.2201  0.0074 4.20  720.0  140.92  302.51
2454564.75017 16.2380  0.0079 4.98  650.0  140.92  302.51
2454565.74818 16.2123  0.0071 4.00  671.0  140.92  302.51
2454566.74764 16.2253  0.0074 3.80  714.0  140.92  302.51
2454567.74759 16.2224  0.0082 5.11  707.0  140.92  302.51
2454568.75020 16.2231  0.0079 4.53  766.0  140.92  302.51
2454569.76472 16.2216  0.0077 4.53  684.0  140.92  302.51
2454570.75279 16.2230  0.0088 5.80  700.0  140.92  302.51
2454571.74442 16.2162  0.0097 6.24  827.0  140.92  302.51
2454572.77127 16.2237  0.0081 4.59  848.0  140.92  302.51
2454573.75946 16.2263  0.0083 5.10  847.0  140.92  302.51
2454574.76204 16.2289  0.0086 4.76  902.0  140.92  302.51
2454575.77083 16.2258  0.0085 4.74  949.0  140.92  302.51
2454576.78690 16.2391  0.0080 3.85 1086.0  140.92  302.51
2454576.91234 16.2384  0.0091 4.58 1175.0  140.92  302.51
2454577.85901 16.2284  0.0087 4.40  994.0  140.92  302.51
2454577.91504 16.2196  0.0087 4.49 1046.0  140.92  302.51
2454578.81337 16.2167  0.0097 5.49  979.0  140.92  302.51
2454579.88721 16.2251  0.0094 4.67 1419.0  140.92  302.51
2454583.75400 16.2498  0.0105 5.10 1551.0  140.92  302.51
2454585.78438 16.2003  0.0090 5.82 1063.0  140.92  302.51
2454586.76046 16.2231  0.0091 5.72  783.0  140.92  302.51
2454587.79404 16.2216  0.0087 5.41  758.0  140.92  302.51
2454588.66921 16.2226  0.0093 6.01  860.0  140.92  302.51
2454588.90168 16.2099  0.0076 4.45  786.0  140.92  302.51
2454589.71565 16.2129  0.0085 5.01  777.0  140.92  302.51
2454589.87096 16.2203  0.0086 5.02  768.0  140.92  302.51
2454589.93283 16.2354  0.0093 4.59 1216.0  140.92  302.51
2454590.72444 16.2383  0.0086 5.01  796.0  140.92  302.51
2454590.92640 16.2404  0.0082 4.09  974.0  140.92  302.51
2454591.66555 16.2273  0.0089 4.89 1027.0  140.92  302.51
2454591.87688 16.2079  0.0083 4.77  895.0  140.92  302.51
2454592.68577 16.2151  0.0080 4.04 1045.0  140.92  302.51
2454592.87506 16.2277  0.0088 4.53 1122.0  140.92  302.51
2454593.67496 16.2216  0.0080 4.42  818.0  140.92  302.51
2454593.88477 16.2176  0.0083 4.48  948.0  140.92  302.51
2454593.92463 16.2087  0.0084 4.51  986.0  140.92  302.51
2454594.69619 16.2175  0.0084 5.21  735.0  140.92  302.51
2454594.89099 16.2105  0.0089 5.32  881.0  140.92  302.51
2454594.94034 16.2375  0.0112 4.41 2453.0  140.92  302.51
2454595.68877 16.2291  0.0083 4.97  749.0  140.92  302.51
2454595.88001 16.2214  0.0083 5.08  758.0  140.92  302.51
2454596.68060 16.2057  0.0087 5.52  765.0  140.92  302.51
2454596.93849 16.1917  0.0100 5.14 1557.0  140.92  302.51
2454597.70523 16.2248  0.0081 4.85  729.0  140.92  302.51
2454597.89684 16.2198  0.0081 4.70  837.0  140.92  302.51
2454598.68143 16.2287  0.0074 4.52  619.0  140.92  302.51
2454599.65395 16.2159  0.0083 4.62  786.0  140.92  302.51
2454600.66628 16.2346  0.0076 4.32  694.0  140.92  302.51
2454600.87498 16.2302  0.0076 3.84  918.0  140.92  302.51
2454601.66885 16.2213  0.0076 4.16  796.0  140.92  302.51
2454601.88507 16.2249  0.0074 3.93  689.0  140.92  302.51
2454602.66141 16.2408  0.0076 4.23  755.0  140.92  302.51
2454602.88571 16.2475  0.0066 4.14  796.0  140.92  302.51
2454603.87280 16.2140  0.0086 5.10  834.0  140.92  302.51
2454606.66921 16.2488  0.0083 4.37 1172.0  140.92  302.51
2454606.92445 16.2375  0.0089 4.01 1469.0  140.92  302.51
2454610.76254 16.2465  0.0087 3.85 1358.0  140.92  302.51
2454611.64809 16.2324  0.0088 4.53  934.0  140.92  302.51
2454611.79686 16.2327  0.0087 4.60 1032.0  140.92  302.51
2454612.66963 16.2256  0.0084 4.32  923.0  140.92  302.51
2454615.81192 16.2278  0.0087 5.12  826.0  140.92  302.51
2454616.62358 16.1844  0.0084 4.96  870.0  140.92  302.51
2454616.83990 16.2122  0.0086 5.16  766.0  140.92  302.51
2454617.72450 16.2334  0.0083 4.82  744.0  140.92  302.51
2454618.63220 16.2395  0.0083 5.06  769.0  140.92  302.51
2454622.64576 16.2198  0.0084 4.68  805.0  140.92  302.51
2454622.83066 16.2074  0.0093 5.69  835.0  140.92  302.51
2454622.94862 16.2239  0.0109 5.17 1757.0  140.92  302.51
2454623.69238 16.2285  0.0098 6.00  743.0  140.92  302.51
2454623.89000 16.2220  0.0102 5.85 1089.0  140.92  302.51
2454624.61094 16.2224  0.0097 5.71  936.0  140.92  302.51
2454624.83384 16.2038  0.0087 5.18  790.0  140.92  302.51
2454624.90292 16.2071  0.0088 5.21  883.0  140.92  302.51
2454625.62424 16.2208  0.0092 5.64  740.0  140.92  302.51
2454625.84363 16.2148  0.0092 5.43  830.0  140.92  302.51
2454625.93218 16.2002  0.0100 5.71  978.0  140.92  302.51
2454626.64489 16.2054  0.0092 6.05  718.0  140.92  302.51
2454627.58286 16.2181  0.0082 4.68  811.0  140.92  302.51
2454627.87229 16.2310  0.0078 4.29  669.0  140.92  302.51
2454628.58982 16.2151  0.0088 5.28  808.0  140.92  302.51
2454628.77957 16.2140  0.0090 5.74  729.0  140.92  302.51
2454628.84189 16.2186  0.0085 4.93  711.0  140.92  302.51
2454628.91611 16.2275  0.0087 4.87  896.0  140.92  302.51
2454629.65268 16.2267  0.0077 4.00  644.0  140.92  302.51
2454629.86032 16.2257  0.0083 4.31  865.0  140.92  302.51
2454630.58772 16.2157  0.0081 4.07  853.0  140.92  302.51
2454630.80347 16.2174  0.0078 4.33  791.0  140.92  302.51
2454630.87302 16.2204  0.0083 4.41  866.0  140.92  302.51
2454631.61324 16.2221  0.0077 4.20  757.0  140.92  302.51
2454631.81192 16.2183  0.0075 3.82  803.0  140.92  302.51
2454631.88730 16.2180  0.0084 4.48  971.0  140.92  302.51
2454632.59237 16.2242  0.0080 4.25  882.0  140.92  302.51
2454632.88202 16.2211  0.0096 5.06 1147.0  140.92  302.51
2454633.58941 16.2216  0.0089 4.69 1032.0  140.92  302.51
2454633.70036 16.2289  0.0080 4.10  868.0  140.92  302.51
2454633.83376 16.2172  0.0085 4.18 1023.0  140.92  302.51
2454638.77385 16.2304  0.0095 4.78 1279.0  140.92  302.51
2454638.88460 16.2048  0.0153 5.60 3818.0  140.92  302.51
2454639.59748 16.2313  0.0087 4.11 1120.0  140.92  302.51
2454639.69503 16.2304  0.0088 4.66 1067.0  140.92  302.51
2454640.61566 16.2329  0.0088 5.19  799.0  140.92  302.51
2454640.74753 16.2332  0.0083 4.94  740.0  140.92  302.51
2454641.69121 16.2440  0.0087 4.91  813.0  140.92  302.51
2454641.80328 16.2248  0.0090 5.15  906.0  140.92  302.51
2454642.61364 16.2335  0.0080 4.45  764.0  140.92  302.51
2454642.77582 16.2220  0.0082 4.64  763.0  140.92  302.51
2454642.85498 16.2150  0.0091 5.14 1062.0  140.92  302.51
2454643.57290 16.2199  0.0085 5.00  733.0  140.92  302.51
2454644.62140 16.2147  0.0093 5.79  772.0  140.92  302.51
2454644.89475 16.2222  0.0086 5.06  851.0  140.92  302.51
2454645.55178 16.2372  0.0095 5.13 1016.0  140.92  302.51
2454645.79950 16.2121  0.0087 5.04  857.0  140.92  302.51
2454645.86498 16.2020  0.0100 5.68 1123.0  140.92  302.51
2454646.54680 16.2285  0.0078 4.23  922.0  140.92  302.51
2454646.87255 16.2234  0.0093 5.26 1122.0  140.92  302.51
2454647.54313 16.2291  0.0090 4.25 1185.0  140.92  302.51
2454647.75931 16.2326  0.0092 5.07  895.0  140.92  302.51
2454647.78352 16.2281  0.0089 4.81  867.0  140.92  302.51
2454647.81609 16.2211  0.0098 5.63  963.0  140.92  302.51
2454648.54021 16.2100  0.0087 4.21  963.0  140.92  302.51
2454648.79408 16.2266  0.0092 5.33  817.0  140.92  302.51
2454648.86871 16.2158  0.0110 6.29 1122.0  140.92  302.51
2454649.55041 16.2362  0.0088 4.97  867.0  140.92  302.51
2454649.77679 16.2238  0.0082 4.38  790.0  140.92  302.51
2454650.55156 16.2326  0.0088 4.72 1032.0  140.92  302.51
2454650.81467 16.2223  0.0090 5.04  819.0  140.92  302.51
2454651.53499 16.2211  0.0096 5.42  989.0  140.92  302.51
2454652.52646 16.2245  0.0091 4.73 1060.0  140.92  302.51
2454652.74069 16.2327  0.0080 4.29  747.0  140.92  302.51
2454653.52215 16.2106  0.0111 6.41 1082.0  140.92  302.51
2454653.74137 16.2321  0.0083 4.35  869.0  140.92  302.51
2454654.56123 16.2268  0.0088 5.29  793.0  140.92  302.51
2454654.77581 16.2251  0.0086 4.80  875.0  140.92  302.51
2454655.52197 16.2342  0.0093 4.79 1146.0  140.92  302.51
2454655.74655 16.2322  0.0079 4.10  739.0  140.92  302.51
2454656.52394 16.2215  0.0083 4.47  842.0  140.92  302.51
2454656.71378 16.2387  0.0084 4.24  925.0  140.92  302.51
2454656.83310 16.2271  0.0102 5.32 1312.0  140.92  302.51
2454657.75233 16.2069  0.0100 6.09  849.0  140.92  302.51
2454658.68255 16.2173  0.0093 5.42  872.0  140.92  302.51
2454660.63482 16.2338  0.0090 4.99  942.0  140.92  302.51
2454661.51201 16.2273  0.0090 4.67 1248.0  140.92  302.51
2454661.71272 16.2332  0.0093 4.92  983.0  140.92  302.51
2454661.77974 16.2265  0.0095 5.09 1087.0  140.92  302.51
2454665.67962 16.2247  0.0119 4.81 2887.0  140.92  302.51
2454666.58498 16.2235  0.0086 4.36 1183.0  140.92  302.51
2454666.68592 16.2318  0.0091 4.73 1083.0  140.92  302.51
2454666.72817 16.2098  0.0106 6.00 1123.0  140.92  302.51
2454666.80051 16.2170  0.0109 5.77 1298.0  140.92  302.51
2454670.57653 16.2073  0.0100 6.63  792.0  140.92  302.51
2454671.60515 16.2432  0.0078 4.45  631.0  140.92  302.51
2454671.77726 16.1985  0.0097 6.04  853.0  140.92  302.51
2454672.53102 16.2342  0.0077 4.30  745.0  140.92  302.51
2454672.68118 16.2281  0.0079 4.27  740.0  140.92  302.51
2454672.76638 16.2171  0.0093 5.20  933.0  140.92  302.51
2454674.53682 16.2367  0.0090 5.21  768.0  140.92  302.51
2454674.72700 16.2170  0.0088 5.35  767.0  140.92  302.51
2454675.77618 16.2027  0.0093 5.19  964.0  140.92  302.51
2454677.51038 16.2225  0.0083 4.55  893.0  140.92  302.51
2454677.59434 16.2152  0.0085 5.18  666.0  140.92  302.51
2454677.74990 16.2081  0.0094 6.00  767.0  140.92  302.51
2454679.64917 16.1936  0.0096 6.57  659.0  140.92  302.51
2454681.55853 16.2211  0.0083 4.90  731.0  140.92  302.51
2454681.65180 16.2203  0.0088 5.61  664.0  140.92  302.51
2454681.74206 16.2135  0.0086 5.11  826.0  140.92  302.51
2454682.57636 16.2281  0.0087 5.31  762.0  140.92  302.51
2454682.68011 16.2359  0.0081 4.36  691.0  140.92  302.51
2454682.77524 16.2308  0.0091 5.20  826.0  140.92  302.51
2454683.54144 16.2367  0.0099 5.83  912.0  140.92  302.51
2454683.73007 16.2212  0.0088 5.30  735.0  140.92  302.51
2454684.53401 16.2068  0.0082 3.95 1030.0  140.92  302.51
2454684.70540 16.2265  0.0083 4.63  764.0  140.92  302.51
2454685.47663 16.2325  0.0111 6.09 1095.0  140.92  302.51
2454685.75414 16.2211  0.0094 5.64  925.0  140.92  302.51
2454686.52277 16.2247  0.0091 4.93  879.0  140.92  302.51
2454687.52610 16.2213  0.0093 5.41  813.0  140.92  302.51
2454687.76201 16.2380  0.0080 4.97  921.0  140.92  302.51
2454688.51940 16.2251  0.0086 4.87  835.0  140.92  302.51
2454688.70909 16.2280  0.0085 4.63  813.0  140.92  302.51
2454693.56709 16.2266  0.0086 4.57 1053.0  140.92  302.51
2454694.62822 16.1838  0.0112 6.56 1161.0  140.92  302.51
2454697.52286 16.2327  0.0085 4.71  798.0  140.92  302.51
2454698.52828 16.2336  0.0078 4.04  739.0  140.92  302.51
2454699.52646 16.2299  0.0079 4.04  789.0  140.92  302.51
2454699.55387 16.2267  0.0094 5.55  852.0  140.92  302.51
2454699.56989 16.2161  0.0093 5.45  854.0  140.92  302.51
2454699.57643 16.2191  0.0097 5.95  838.0  140.92  302.51
2454699.58330 16.1910  0.0111 7.30  821.0  140.92  302.51
2454699.60807 16.2012  0.0101 6.56  830.0  140.92  302.51
2454699.64094 16.1900  0.0105 6.72  839.0  140.92  302.51
2454700.47980 16.2349  0.0092 5.22  873.0  140.92  302.51
2454700.53089 16.2418  0.0078 3.78  788.0  140.92  302.51
2454701.47516 16.2317  0.0104 5.58 1121.0  140.92  302.51
2454701.52613 16.2365  0.0088 4.81  873.0  140.92  302.51
2454702.54238 16.2301  0.0084 5.09  730.0  140.92  302.51
2454703.60984 16.2162  0.0090 5.72  759.0  140.92  302.51
2454704.66524 16.2196  0.0085 5.09  744.0  140.92  302.51
2454705.59350 16.2304  0.0089 5.38  791.0  140.92  302.51
2454707.62169 16.2282  0.0077 4.29  691.0  140.92  302.51
2454708.57358 16.2352  0.0086 5.58  720.0  140.92  302.51
2454709.53767 16.2006  0.0106 6.65  866.0  140.92  302.51
2454710.57839 16.2403  0.0083 5.12  854.0  140.92  302.51
2454715.61268 16.2135  0.0100 6.27  883.0  140.92  302.51
2454716.61033 16.2120  0.0090 4.87 1151.0  140.92  302.51
2454720.52808 16.2304  0.0098 5.15 1163.0  140.92  302.51
2454721.52835 16.2204  0.0110 6.00 1125.0  140.92  302.51
2454722.49415 16.2162  0.0103 6.03 1002.0  140.92  302.51
2454724.53089 16.1922  0.0100 5.45 1086.0  140.92  302.51
2454725.50954 16.2262  0.0097 4.89 1059.0  140.92  302.51
2454726.49706 16.1659  0.0104 6.45  858.0  140.92  302.51
2454728.62344 16.1907  0.0098 5.54 1002.0  140.92  302.51
2454729.49112 16.2385  0.0098 6.24  804.0  140.92  302.51
2454730.49252 16.2360  0.0088 4.91  841.0  140.92  302.51
2454731.59950 16.2064  0.0094 5.65  746.0  140.92  302.51
2454733.54797 16.2098  0.0089 5.43  778.0  140.92  302.51
2454734.57729 16.1831  0.0092 5.58  840.0  140.92  302.51
2454737.56592 16.2076  0.0100 6.60  737.0  140.92  302.51
2454740.57881 16.2106  0.0101 6.12  860.0  140.92  302.51
2454753.56980 16.2320  0.0107 6.07 1146.0  140.92  302.51
2454758.53554 16.2238  0.0091 4.44 1090.0  140.92  302.51
2454869.87118 16.2312  0.0099 5.95 1034.0  140.92  302.51
2454872.86356 16.2170  0.0107 5.70 1431.0  140.92  302.51
2454873.88534 16.2279  0.0095 4.40 1486.0  140.92  302.51
2454875.88518 16.2168  0.0089 5.01 1113.0  140.92  302.51
2454878.85928 16.2133  0.0088 4.48 1270.0  140.92  302.51
2454884.87590 16.2173  0.0087 5.24  967.0  140.92  302.51
2454887.84833 16.2433  0.0079 4.44  888.0  140.92  302.51
2454890.90384 16.2276  0.0097 4.73 1751.0  140.92  302.51
2454896.89551 16.2110  0.0084 4.73  779.0  140.92  302.51
2454899.86328 16.2297  0.0087 4.94  886.0  140.92  302.51
2454901.79290 16.2082  0.0092 4.98 1228.0  140.92  302.51
2454903.78858 16.2094  0.0083 4.52 1090.0  140.92  302.51
2454905.83684 16.2206  0.0087 4.73  958.0  140.92  302.51
2454910.83485 16.2179  0.0091 4.13 1745.0  140.92  302.51
2454911.87180 16.2227  0.0072 4.65  682.0  140.92  302.51
2454913.88536 16.2297  0.0076 5.02  699.0  140.92  302.51
2454917.73190 16.2354  0.0075 3.98  798.0  140.92  302.51
2454921.73390 16.2064  0.0084 5.70  862.0  140.92  302.51
2454925.72070 16.2328  0.0078 3.90 1017.0  140.92  302.51
2454925.83701 16.2250  0.0074 4.48  760.0  140.92  302.51
2454926.71383 16.2372  0.0088 4.64 1116.0  140.92  302.51
2454927.73684 16.2208  0.0094 5.30  998.0  140.92  302.51
2454927.89151 16.2135  0.0088 5.89  822.0  140.92  302.51
2454928.78530 16.2223  0.0084 4.76  874.0  140.92  302.51
2454929.70501 16.2239  0.0089 4.62 1198.0  140.92  302.51
2454929.73194 16.2188  0.0090 5.12 1086.0  140.92  302.51
2454930.72393 16.2308  0.0089 4.34 1236.0  140.92  302.51
2454930.87178 16.2327  0.0090 5.50 1040.0  140.92  302.51
2454931.76808 16.2121  0.0097 5.65 1075.0  140.92  302.51
2454932.70221 16.2293  0.0082 3.83 1257.0  140.92  302.51
2454932.90103 16.2283  0.0085 4.94 1063.0  140.92  302.51
2454933.71807 16.2349  0.0090 4.61 1229.0  140.92  302.51
2454933.89579 16.2268  0.0087 5.01 1058.0  140.92  302.51
2454934.81673 16.2404  0.0086 4.23 1087.0  140.92  302.51
2454938.71765 16.2374  0.0086 4.68  947.0  140.92  302.51
2454939.67848 16.2252  0.0089 5.56  878.0  140.92  302.51
2454940.67847 16.2304  0.0083 4.09  894.0  140.92  302.51
2454940.85410 16.2190  0.0094 6.01  834.0  140.92  302.51
2454941.87255 16.1992  0.0086 6.82  744.0  140.92  302.51
2454942.66808 16.2418  0.0092 5.51  938.0  140.92  302.51
2454942.69496 16.2431  0.0083 4.54  845.0  140.92  302.51
2454942.76692 16.2124  0.0074 4.40  687.0  140.92  302.51
2454943.70732 16.2286  0.0073 4.31  692.0  140.92  302.51
2454943.86415 16.2343  0.0076 5.08  715.0  140.92  302.51
2454944.71874 16.2317  0.0073 3.68  742.0  140.92  302.51
2454944.87331 16.2416  0.0071 4.71  682.0  140.92  302.51
2454945.66390 16.2411  0.0088 4.76  940.0  140.92  302.51
2454946.68654 16.2274  0.0072 3.67  765.0  140.92  302.51
2454947.67735 16.2392  0.0074 4.05  718.0  140.92  302.51
2454948.65699 16.2189  0.0081 4.26  918.0  140.92  302.51
2454950.64773 16.2155  0.0079 4.44  813.0  140.92  302.51
2454951.81145 16.2221  0.0087 5.89  853.0  140.92  302.51
2454952.78060 16.2379  0.0081 5.59  674.0  140.92  302.51
2454953.68082 16.2247  0.0078 4.16  819.0  140.92  302.51
2454954.65955 16.2281  0.0083 4.57  804.0  140.92  302.51
2454954.72564 16.2342  0.0080 4.48  692.0  140.92  302.51
2454955.82864 16.2188  0.0081 5.12  774.0  140.92  302.51
