2452125.62533 16.8205  0.0182 5.39 2101.0  239.68  380.88
2452129.70073 16.8446  0.0112 3.99  733.0  239.68  380.88
2452132.64227 16.8265  0.0112 3.97  744.0  239.68  380.88
2452136.54633 16.8399  0.0141 5.87  698.0  239.68  380.88
2452141.55810 16.8207  0.0115 4.25  707.0  239.68  380.88
2452144.64737 16.8394  0.0115 4.16  644.0  239.68  380.88
2452160.61582 16.8353  0.0142 5.46  851.0  239.68  380.88
2452175.65388 16.8896  0.0192 6.09 1396.0  239.68  380.88
2452188.50518 16.8316  0.0170 6.88  766.0  239.68  380.88
2452211.50985 16.8549  0.0216 7.15 1312.0  239.68  380.88
2452332.87776 16.7624  0.0172 4.63 2857.0  239.68  380.88
2452347.84165 16.8257  0.0116 3.81  677.0  239.68  380.88
2452357.86918 16.8226  0.0128 4.96  681.0  239.68  380.88
2452372.85709 16.8384  0.0126 4.67  817.0  239.68  380.88
2452383.88281 16.8282  0.0117 3.97  692.0  239.68  380.88
2452388.79973 16.8297  0.0141 5.40  831.0  239.68  380.88
2452390.82910 16.8323  0.0121 3.86  964.0  239.68  380.88
2452397.70936 16.8342  0.0124 4.25 1000.0  239.68  380.88
2452401.83849 16.8278  0.0121 4.11  840.0  239.68  380.88
2452403.91551 16.8463  0.0124 4.25  848.0  239.68  380.88
2452405.90289 16.8371  0.0130 4.54  874.0  239.68  380.88
2452411.74318 16.8353  0.0089 4.63  631.0  239.68  380.88
2452414.91328 16.8270  0.0161 6.36  774.0  239.68  380.88
2452416.86028 16.8262  0.0132 4.83  839.0  239.68  380.88
2452424.83132 16.8293  0.0134 4.59  987.0  239.68  380.88
2452428.85625 16.8671  0.0152 5.90  797.0  239.68  380.88
2452434.75460 16.8325  0.0114 3.64  764.0  239.68  380.88
2452436.80336 16.8406  0.0126 4.30  777.0  239.68  380.88
2452438.76410 16.8257  0.0113 3.86  653.0  239.68  380.88
2452441.74184 16.8129  0.0109 3.89  726.0  239.68  380.88
2452445.64738 16.8340  0.0115 3.99  693.0  239.68  380.88
2452448.67239 16.8398  0.0141 3.72 1583.0  239.68  380.88
2452455.70603 16.8586  0.0150 4.69 1795.0  239.68  380.88
2452459.62612 16.8756  0.0091 4.74  587.0  239.68  380.88
2452463.55746 16.8433  0.0132 5.15  691.0  239.68  380.88
2452466.65955 16.8227  0.0124 5.09  607.0  239.68  380.88
2452468.68970 16.8387  0.0116 4.45  627.0  239.68  380.88
2452470.67227 16.8504  0.0120 4.50  587.0  239.68  380.88
2452472.69738 16.8391  0.0118 5.03  645.0  239.68  380.88
2452481.57390 16.8215  0.0156 5.97  863.0  239.68  380.88
2452484.63643 16.8379  0.0135 5.37  671.0  239.68  380.88
2452486.72848 16.8282  0.0154 6.30  733.0  239.68  380.88
2452489.60245 16.8456  0.0112 4.15  609.0  239.68  380.88
2452490.48631 16.8279  0.0128 4.95  785.0  239.68  380.88
2452490.69669 16.8368  0.0129 5.15  658.0  239.68  380.88
2452491.48717 16.7828  0.0189 7.11  919.0  239.68  380.88
2452492.55008 16.8089  0.0120 4.76  732.0  239.68  380.88
2452493.49113 16.8426  0.0120 3.88  878.0  239.68  380.88
2452493.65826 16.8261  0.0123 4.49  784.0  239.68  380.88
2452495.76013 16.8436  0.0143 5.21 1014.0  239.68  380.88
2452498.52368 16.8380  0.0101 3.14  647.0  239.68  380.88
2452500.56821 16.8227  0.0111 3.50  776.0  239.68  380.88
2452502.57939 16.8176  0.0114 3.74  809.0  239.68  380.88
2452508.67979 16.8081  0.0142 4.95 1124.0  239.68  380.88
2452512.62613 16.8091  0.0128 4.36  859.0  239.68  380.88
2452517.57998 16.8344  0.0130 4.89  738.0  239.68  380.88
2452520.59536 16.8490  0.0125 4.31  709.0  239.68  380.88
2452528.50065 16.8298  0.0137 4.93  870.0  239.68  380.88
2452538.50706 16.8311  0.0133 4.44  988.0  239.68  380.88
2452542.53430 16.8214  0.0155 3.95 2078.0  239.68  380.88
2452552.50829 16.8294  0.0139 4.84  920.0  239.68  380.88
2452556.59241 16.8456  0.0155 5.16 1144.0  239.68  380.88
2452563.50682 16.8336  0.0126 4.14  935.0  239.68  380.88
2452575.53467 16.8230  0.0143 5.50 1129.0  239.68  380.88
2452707.87954 16.8210  0.0115 4.03  738.0  239.68  380.88
2452714.91495 16.7968  0.0128 3.44 1315.0  239.68  380.88
2452729.84883 16.8242  0.0142 5.91  749.0  239.68  380.88
2452734.78931 16.8123  0.0113 3.53  803.0  239.68  380.88
2452744.92674 16.8116  0.0125 3.47 1387.0  239.68  380.88
2452753.90071 16.8079  0.0129 4.49  884.0  239.68  380.88
2452757.81296 16.8095  0.0122 4.10  976.0  239.68  380.88
2452761.83008 16.7935  0.0135 5.01  859.0  239.68  380.88
2452767.80817 16.7752  0.0149 5.94  877.0  239.68  380.88
2452775.73450 16.7866  0.0168 5.61 1404.0  239.68  380.88
2452783.83855 16.7884  0.0111 3.50  746.0  239.68  380.88
2452785.76418 16.7971  0.0130 5.05  826.0  239.68  380.88
2452787.61449 16.7912  0.0143 5.15  953.0  239.68  380.88
2452789.77122 16.7835  0.0113 3.65  789.0  239.68  380.88
2452791.72764 16.7850  0.0115 4.16  635.0  239.68  380.88
2452794.94181 16.8093  0.0143 4.65 1155.0  239.68  380.88
2452796.84141 16.7840  0.0109 3.74  657.0  239.68  380.88
2452797.90261 16.7815  0.0149 5.96  920.0  239.68  380.88
2452809.73057 16.7598  0.0139 5.30  855.0  239.68  380.88
2452811.65765 16.7512  0.0157 6.42  832.0  239.68  380.88
2452812.72939 16.7380  0.0169 7.07  821.0  239.68  380.88
2452813.84297 16.7569  0.0135 5.08  848.0  239.68  380.88
2452814.76225 16.7614  0.0123 4.90  746.0  239.68  380.88
2452816.62697 16.7567  0.0107 3.76  548.0  239.68  380.88
2452818.59818 16.7709  0.0121 4.84  651.0  239.68  380.88
2452820.80490 16.7572  0.0117 3.98  795.0  239.68  380.88
2452826.76838 16.7327  0.0126 5.36  652.0  239.68  380.88
2452835.65677 16.7472  0.0133 4.53 1087.0  239.68  380.88
2452837.64930 16.7572  0.0174 4.42 2901.0  239.68  380.88
2452839.72183 16.7272  0.0125 4.94  756.0  239.68  380.88
2452841.73111 16.7401  0.0114 4.03  842.0  239.68  380.88
2452843.66169 16.7068  0.0109 4.72  872.0  239.68  380.88
2452845.66827 16.7226  0.0113 4.23  688.0  239.68  380.88
2452850.53631 16.7121  0.0108 3.38  985.0  239.68  380.88
2452852.54873 16.7387  0.0155 6.44  857.0  239.68  380.88
2452854.55241 16.7288  0.0123 4.78  861.0  239.68  380.88
2452856.74280 16.6879  0.0163 6.64 1041.0  239.68  380.88
2452858.69544 16.6942  0.0113 4.32  902.0  239.68  380.88
2452862.60815 16.6925  0.0144 5.31 1072.0  239.68  380.88
2452865.71174 16.6914  0.0137 4.60 1604.0  239.68  380.88
2452868.59794 16.6855  0.0105 3.89  683.0  239.68  380.88
2452876.59425 16.6771  0.0122 5.25  652.0  239.68  380.88
2452879.64453 16.6858  0.0117 4.90  651.0  239.68  380.88
2452884.67488 16.6592  0.0138 5.94  864.0  239.68  380.88
2452892.66328 16.6442  0.0158 5.73 1399.0  239.68  380.88
2452895.63697 16.6398  0.0102 3.68  930.0  239.68  380.88
2452900.56519 16.6369  0.0122 4.78  848.0  239.68  380.88
2452906.51710 16.6319  0.0136 5.86  897.0  239.68  380.88
2452911.54127 16.6338  0.0120 4.63  820.0  239.68  380.88
2452918.56527 16.6045  0.0132 5.27 1103.0  239.68  380.88
2452930.58624 16.6084  0.0131 5.15 1189.0  239.68  380.88
2453059.82158 16.7369  0.0121 5.03  890.0  239.68  380.88
2453064.83838 16.7234  0.0152 5.99 1113.0  239.68  380.88
2453068.79225 16.7270  0.0151 5.82 1219.0  239.68  380.88
2453070.87088 16.7150  0.0126 4.86  974.0  239.68  380.88
2453073.82695 16.7302  0.0116 4.11  985.0  239.68  380.88
2453075.86501 16.7243  0.0122 4.39 1010.0  239.68  380.88
2453080.76926 16.7425  0.0113 4.60 1067.0  239.68  380.88
2453082.89293 16.7314  0.0101 3.70  665.0  239.68  380.88
2453085.82753 16.7410  0.0108 4.37  658.0  239.68  380.88
2453086.89992 16.7301  0.0104 3.98  742.0  239.68  380.88
2453088.82013 16.7405  0.0100 3.79  656.0  239.68  380.88
2453090.73324 16.7378  0.0108 4.30  771.0  239.68  380.88
2453096.88844 16.7274  0.0130 5.87  749.0  239.68  380.88
2453098.90833 16.7336  0.0092 3.16  636.0  239.68  380.88
2453099.92165 16.7400  0.0146 5.40 1100.0  239.68  380.88
2453101.76035 16.7382  0.0145 5.49 1112.0  239.68  380.88
2453103.79334 16.7214  0.0111 3.60 1013.0  239.68  380.88
2453104.85193 16.7401  0.0212 3.82 4909.0  239.68  380.88
2453106.86523 16.7474  0.0127 3.42 1698.0  239.68  380.88
2453108.78526 16.7169  0.0099 3.20  807.0  239.68  380.88
2453109.84469 16.7383  0.0104 3.82  751.0  239.68  380.88
2453110.85106 16.7417  0.0110 4.45  834.0  239.68  380.88
2453112.83636 16.7406  0.0107 4.58  603.0  239.68  380.88
2453114.80096 16.7386  0.0100 3.66  698.0  239.68  380.88
2453116.88891 16.7541  0.0126 5.20  728.0  239.68  380.88
2453122.92695 16.7527  0.0137 5.45  914.0  239.68  380.88
2453125.88746 16.7234  0.0147 6.27  812.0  239.68  380.88
2453127.83073 16.7613  0.0126 5.22  945.0  239.68  380.88
2453128.83691 16.7549  0.0105 3.54  956.0  239.68  380.88
2453130.71808 16.7610  0.0125 3.64 1288.0  239.68  380.88
2453131.68462 16.7400  0.0163 5.71 1383.0  239.68  380.88
2453134.83213 16.7357  0.0153 4.52 1851.0  239.68  380.88
2453135.91623 16.7482  0.0112 4.32  827.0  239.68  380.88
2453138.67053 16.7553  0.0121 4.74  787.0  239.68  380.88
2453139.89572 16.7434  0.0108 4.18  793.0  239.68  380.88
2453140.89527 16.7256  0.0108 4.37  701.0  239.68  380.88
2453142.78427 16.7416  0.0105 4.00  768.0  239.68  380.88
2453144.80438 16.7394  0.0105 4.17  669.0  239.68  380.88
2453146.83347 16.7316  0.0112 4.98  637.0  239.68  380.88
2453151.76726 16.7558  0.0116 4.87  661.0  239.68  380.88
2453151.92322 16.7225  0.0125 5.03  855.0  239.68  380.88
2453152.77217 16.7582  0.0114 4.71  746.0  239.68  380.88
2453153.77553 16.7476  0.0122 5.23  745.0  239.68  380.88
2453154.83980 16.7557  0.0150 6.64  749.0  239.68  380.88
2453156.88060 16.7598  0.0118 4.30  917.0  239.68  380.88
2453162.59046 16.7430  0.0146 5.24 1221.0  239.68  380.88
2453163.77143 16.7454  0.0119 4.64  879.0  239.68  380.88
2453164.75366 16.7536  0.0114 4.34  749.0  239.68  380.88
2453164.88670 16.7373  0.0133 5.39  868.0  239.68  380.88
2453165.72726 16.7503  0.0089 3.37  767.0  239.68  380.88
2453167.61358 16.7579  0.0153 6.99  756.0  239.68  380.88
2453168.87545 16.7442  0.0115 4.18  902.0  239.68  380.88
2453169.74341 16.7560  0.0113 4.06  687.0  239.68  380.88
2453170.82835 16.7469  0.0103 4.01  701.0  239.68  380.88
2453171.79964 16.7606  0.0075 3.21  732.0  239.68  380.88
2453172.77059 16.7562  0.0109 4.34  677.0  239.68  380.88
2453173.86860 16.7535  0.0134 5.61  828.0  239.68  380.88
2453174.72739 16.7593  0.0098 3.56  643.0  239.68  380.88
2453175.52856 16.7437  0.0120 4.67  969.0  239.68  380.88
2453175.62674 16.7483  0.0102 3.54  779.0  239.68  380.88
2453175.68048 16.7556  0.0095 3.14  750.0  239.68  380.88
2453175.73613 16.7532  0.0103 3.74  750.0  239.68  380.88
2453176.53643 16.7638  0.0162 6.50 1077.0  239.68  380.88
2453176.69635 16.7642  0.0129 5.90  619.0  239.68  380.88
2453177.77661 16.7511  0.0132 6.55  782.0  239.68  380.88
2453179.52140 16.7511  0.0111 4.81  757.0  239.68  380.88
2453179.90066 16.7635  0.0135 5.42  905.0  239.68  380.88
2453180.73850 16.7360  0.0091 3.54  526.0  239.68  380.88
2453182.80310 16.7720  0.0111 4.13  707.0  239.68  380.88
2453183.75806 16.7677  0.0124 5.29  667.0  239.68  380.88
2453184.71910 16.7496  0.0110 4.33  674.0  239.68  380.88
2453185.72261 16.7763  0.0115 3.96  840.0  239.68  380.88
2453193.55405 16.7685  0.0113 4.40  748.0  239.68  380.88
2453194.56571 16.7763  0.0148 5.08 1180.0  239.68  380.88
2453195.69725 16.7670  0.0102 3.85  683.0  239.68  380.88
2453195.81782 16.7664  0.0106 3.97  737.0  239.68  380.88
2453196.61871 16.7603  0.0116 4.42  873.0  239.68  380.88
2453197.54346 16.7655  0.0112 4.06  774.0  239.68  380.88
2453197.84690 16.7669  0.0149 5.58 1121.0  239.68  380.88
2453199.64061 16.7648  0.0103 4.77  515.0  239.68  380.88
2453202.53490 16.7630  0.0108 4.41  719.0  239.68  380.88
2453203.67649 16.7463  0.0096 3.81  567.0  239.68  380.88
2453204.67090 16.7602  0.0097 4.05  514.0  239.68  380.88
2453205.52980 16.7836  0.0106 4.31  596.0  239.68  380.88
2453206.73517 16.7670  0.0110 5.12  630.0  239.68  380.88
2453209.65515 16.7513  0.0106 4.87  601.0  239.68  380.88
2453210.65522 16.7715  0.0107 4.27  701.0  239.68  380.88
2453211.62566 16.7804  0.0113 5.13  562.0  239.68  380.88
2453217.66987 16.7301  0.0130 4.38 1193.0  239.68  380.88
2453218.66817 16.7568  0.0144 5.35 1143.0  239.68  380.88
2453219.62438 16.7600  0.0162 6.79  836.0  239.68  380.88
2453223.66938 16.7737  0.0133 5.81  729.0  239.68  380.88
2453224.71747 16.7566  0.0114 4.19  808.0  239.68  380.88
2453226.63971 16.7912  0.0124 5.77  539.0  239.68  380.88
2453228.61869 16.7593  0.0118 5.41  576.0  239.68  380.88
2453229.65117 16.7739  0.0111 4.82  588.0  239.68  380.88
2453230.68466 16.7718  0.0108 4.53  606.0  239.68  380.88
2453231.58866 16.7860  0.0107 4.19  693.0  239.68  380.88
2453232.62516 16.7720  0.0121 6.05  593.0  239.68  380.88
2453238.63696 16.7533  0.0130 5.91  672.0  239.68  380.88
2453239.71600 16.7666  0.0142 6.87  689.0  239.68  380.88
2453240.48912 16.7833  0.0117 4.39  837.0  239.68  380.88
2453241.67180 16.7861  0.0133 5.12  903.0  239.68  380.88
2453245.57299 16.7710  0.0216 6.94 1888.0  239.68  380.88
2453246.67868 16.7566  0.0153 6.21  959.0  239.68  380.88
2453247.59783 16.7671  0.0134 5.26  885.0  239.68  380.88
2453249.54535 16.7979  0.0123 4.75  728.0  239.68  380.88
2453250.67635 16.7950  0.0138 5.19 1091.0  239.68  380.88
2453253.64557 16.7468  0.0142 7.30  577.0  239.68  380.88
2453256.65556 16.7973  0.0143 6.03  733.0  239.68  380.88
2453260.56529 16.7970  0.0115 4.52  669.0  239.68  380.88
2453265.49578 16.7953  0.0146 6.37  801.0  239.68  380.88
2453267.54945 16.8039  0.0111 4.12  927.0  239.68  380.88
2453272.60739 16.8050  0.0129 4.95  912.0  239.68  380.88
2453275.50148 16.7878  0.0196 5.34 2397.0  239.68  380.88
2453278.61731 16.7826  0.0131 5.12  932.0  239.68  380.88
2453282.49679 16.7883  0.0117 4.28  818.0  239.68  380.88
2453288.56315 16.7503  0.0109 5.21  642.0  239.68  380.88
2453293.53375 16.7847  0.0084 4.55  400.0  239.68  380.88
2453295.54225 16.8027  0.0074 4.26  350.0  239.68  380.88
2453300.52755 16.8238  0.0150 4.81 1154.0  239.68  380.88
2453312.52806 16.7863  0.0162 5.61 1302.0  239.68  380.88
2453417.86256 16.8367  0.0107 4.49  625.0  239.68  380.88
2453422.88890 16.7742  0.0098 4.56  680.0  239.68  380.88
2453426.87994 16.8218  0.0112 4.27  804.0  239.68  380.88
2453429.86498 16.8413  0.0116 4.22  836.0  239.68  380.88
2453432.90528 16.8286  0.0135 4.05 1492.0  239.68  380.88
2453442.90783 16.8161  0.0108 4.18  728.0  239.68  380.88
2453445.82083 16.8274  0.0108 4.55  579.0  239.68  380.88
2453447.87116 16.8271  0.0119 5.02  677.0  239.68  380.88
2453449.88803 16.8171  0.0100 3.94  609.0  239.68  380.88
2453452.90518 16.8386  0.0096 3.33  617.0  239.68  380.88
2453453.77706 16.8180  0.0145 5.21 1148.0  239.68  380.88
2453455.84766 16.8199  0.0148 5.79  975.0  239.68  380.88
2453456.85876 16.8330  0.0106 3.66  826.0  239.68  380.88
2453457.77643 16.8354  0.0124 4.96  856.0  239.68  380.88
2453458.81999 16.8411  0.0111 4.04  844.0  239.68  380.88
2453459.79458 16.8345  0.0119 4.35  926.0  239.68  380.88
2453467.89736 16.8210  0.0104 4.34  552.0  239.68  380.88
2453469.80701 16.8325  0.0102 4.02  596.0  239.68  380.88
2453470.84713 16.8336  0.0097 3.74  568.0  239.68  380.88
2453472.77837 16.8257  0.0101 4.17  619.0  239.68  380.88
2453473.87341 16.8237  0.0116 5.01  611.0  239.68  380.88
2453474.84466 16.8454  0.0112 4.76  574.0  239.68  380.88
2453477.78236 16.8502  0.0108 4.32  618.0  239.68  380.88
2453478.89665 16.8256  0.0101 4.51  678.0  239.68  380.88
2453480.84863 16.8261  0.0119 5.45  566.0  239.68  380.88
2453481.84850 16.8418  0.0093 3.21  653.0  239.68  380.88
2453483.79292 16.8421  0.0104 3.53  754.0  239.68  380.88
2453496.74680 16.8016  0.0110 4.32  776.0  239.68  380.88
2453497.81456 16.8294  0.0120 5.00  720.0  239.68  380.88
2453498.93577 16.8591  0.0118 4.52  974.0  239.68  380.88
2453499.74322 16.8227  0.0104 4.61  593.0  239.68  380.88
2453500.74781 16.8116  0.0100 3.63  651.0  239.68  380.88
2453501.83852 16.8480  0.0082 3.69  736.0  239.68  380.88
2453502.69414 16.8455  0.0097 3.70  685.0  239.68  380.88
2453503.70697 16.8230  0.0095 4.00  580.0  239.68  380.88
2453504.72134 16.8656  0.0107 4.51  555.0  239.68  380.88
2453506.81025 16.8360  0.0121 5.05  634.0  239.68  380.88
2453508.80321 16.8219  0.0111 4.73  668.0  239.68  380.88
2453509.70660 16.8558  0.0106 4.31  584.0  239.68  380.88
2453511.69333 16.8314  0.0122 5.05  728.0  239.68  380.88
2453512.76228 16.8516  0.0123 4.38  918.0  239.68  380.88
2453517.80271 16.8542  0.0124 4.39  976.0  239.68  380.88
2453520.83791 16.8290  0.0108 4.30  728.0  239.68  380.88
2453521.65709 16.8367  0.0093 4.25  501.0  239.68  380.88
2453522.76732 16.8454  0.0106 4.22  589.0  239.68  380.88
2453523.80198 16.8298  0.0097 3.72  616.0  239.68  380.88
2453524.78968 16.8079  0.0109 4.95  740.0  239.68  380.88
2453525.76933 16.8340  0.0106 4.51  550.0  239.68  380.88
2453526.85468 16.8253  0.0103 4.01  644.0  239.68  380.88
2453528.57330 16.8590  0.0126 4.99  842.0  239.68  380.88
2453530.79874 16.8145  0.0092 3.57  562.0  239.68  380.88
2453537.76655 16.8258  0.0098 4.09  560.0  239.68  380.88
2453538.69604 16.8411  0.0097 3.73  647.0  239.68  380.88
2453540.66999 16.8350  0.0111 4.09  771.0  239.68  380.88
2453544.74429 16.8307  0.0123 3.62 1371.0  239.68  380.88
2453546.86821 16.8104  0.0164 6.56  953.0  239.68  380.88
2453547.82839 16.8104  0.0137 5.85  774.0  239.68  380.88
2453550.65484 16.8290  0.0092 3.55  734.0  239.68  380.88
2453551.65846 16.8425  0.0079 3.36  673.0  239.68  380.88
2453552.69163 16.8398  0.0110 5.00  554.0  239.68  380.88
2453553.69437 16.8382  0.0122 5.25  627.0  239.68  380.88
2453554.68649 16.8576  0.0123 5.28  599.0  239.68  380.88
2453555.71305 16.8746  0.0105 4.38  542.0  239.68  380.88
2453556.74132 16.8517  0.0110 4.80  542.0  239.68  380.88
2453558.57712 16.8357  0.0108 4.32  670.0  239.68  380.88
2453558.85447 16.8086  0.0116 5.17  684.0  239.68  380.88
2453559.67301 16.8276  0.0110 4.67  547.0  239.68  380.88
2453560.62613 16.8436  0.0099 4.03  581.0  239.68  380.88
2453561.56644 16.8498  0.0107 3.88  755.0  239.68  380.88
2453561.83356 16.8458  0.0110 4.29  655.0  239.68  380.88
2453562.61058 16.8445  0.0115 4.78  612.0  239.68  380.88
2453562.83344 16.8244  0.0118 4.78  731.0  239.68  380.88
2453563.66006 16.8540  0.0104 4.19  542.0  239.68  380.88
2453564.55364 16.8410  0.0125 5.36  681.0  239.68  380.88
2453569.61236 16.8068  0.0119 4.68  820.0  239.68  380.88
2453573.68100 16.8488  0.0128 5.06  851.0  239.68  380.88
2453573.70793 16.8360  0.0118 4.24  880.0  239.68  380.88
2453574.70896 16.8417  0.0114 4.43  769.0  239.68  380.88
2453575.64784 16.8602  0.0099 3.54  628.0  239.68  380.88
2453575.79300 16.8438  0.0126 4.73  844.0  239.68  380.88
2453576.71028 16.8322  0.0107 4.31  651.0  239.68  380.88
2453577.75856 16.8225  0.0104 4.52  544.0  239.68  380.88
2453578.69523 16.8431  0.0101 4.38  517.0  239.68  380.88
2453579.64056 16.8415  0.0106 4.67  534.0  239.68  380.88
2453580.67711 16.8617  0.0109 4.66  557.0  239.68  380.88
2453581.69348 16.8617  0.0103 4.35  534.0  239.68  380.88
2453582.61926 16.8331  0.0092 3.62  468.0  239.68  380.88
2453583.65584 16.8360  0.0104 4.66  505.0  239.68  380.88
2453584.66462 16.8416  0.0098 4.12  524.0  239.68  380.88
2453585.66271 16.8563  0.0094 3.93  437.0  239.68  380.88
2453586.68710 16.8196  0.0091 3.30  571.0  239.68  380.88
2453588.74516 16.8411  0.0102 4.84  551.0  239.68  380.88
2453589.70653 16.8415  0.0102 4.39  544.0  239.68  380.88
2453590.70261 16.8439  0.0105 4.17  602.0  239.68  380.88
2453592.67475 16.8314  0.0092 3.69  491.0  239.68  380.88
2453597.63451 16.8383  0.0109 3.90  833.0  239.68  380.88
2453597.64371 16.8494  0.0119 4.13  903.0  239.68  380.88
2453601.67896 16.8446  0.0118 4.08  972.0  239.68  380.88
2453602.67914 16.8424  0.0118 3.98 1010.0  239.68  380.88
2453603.65927 16.8449  0.0115 4.70  700.0  239.68  380.88
2453607.65774 16.8356  0.0109 4.81  546.0  239.68  380.88
2453608.67373 16.8437  0.0109 4.42  613.0  239.68  380.88
2453615.60100 16.8462  0.0106 4.70  543.0  239.68  380.88
2453618.60455 16.8521  0.0104 3.64  710.0  239.68  380.88
2453620.56780 16.8654  0.0101 3.86  551.0  239.68  380.88
2453628.56983 16.8192  0.0139 5.12 1059.0  239.68  380.88
2453630.58385 16.8636  0.0136 5.00  937.0  239.68  380.88
2453632.61132 16.8232  0.0147 5.68 1043.0  239.68  380.88
2453634.51473 16.8359  0.0109 4.52  619.0  239.68  380.88
2453639.52052 16.8544  0.0098 3.40  669.0  239.68  380.88
2453641.56725 16.8540  0.0149 6.09  827.0  239.68  380.88
2453644.53207 16.8481  0.0105 3.85  699.0  239.68  380.88
2453649.51268 16.8223  0.0115 4.96  659.0  239.68  380.88
2453651.57356 16.8287  0.0147 5.92  869.0  239.68  380.88
2453655.53873 16.8557  0.0132 4.51  997.0  239.68  380.88
2453657.53189 16.8607  0.0130 3.87 1034.0  239.68  380.88
2453659.53369 16.8109  0.0156 5.63 1047.0  239.68  380.88
2453662.53822 16.8330  0.0159 5.79 1112.0  239.68  380.88
2453665.49565 16.8547  0.0140 4.33 1062.0  239.68  380.88
2453671.51159 16.8494  0.0168 6.20 1026.0  239.68  380.88
2453777.84312 16.8343  0.0143 5.37 1184.0  239.68  380.88
2453782.87906 16.8353  0.0107 3.67  884.0  239.68  380.88
2453785.84073 16.8406  0.0121 4.31  965.0  239.68  380.88
2453788.86087 16.8413  0.0125 3.80 1132.0  239.68  380.88
2453791.82836 16.8455  0.0140 5.25  952.0  239.68  380.88
2453793.87052 16.8522  0.0114 3.87  867.0  239.68  380.88
2453795.85794 16.8014  0.0142 5.74  942.0  239.68  380.88
2453798.82114 16.8329  0.0112 4.21  744.0  239.68  380.88
2453799.84532 16.8202  0.0126 4.57  969.0  239.68  380.88
2453800.84023 16.8313  0.0146 6.10  755.0  239.68  380.88
2453801.89971 16.8606  0.0123 4.20  833.0  239.68  380.88
2453802.86528 16.8459  0.0118 4.52  731.0  239.68  380.88
2453803.90058 16.8523  0.0113 4.17  823.0  239.68  380.88
2453805.81704 16.8412  0.0112 4.12  754.0  239.68  380.88
2453806.78328 16.8448  0.0140 5.04  949.0  239.68  380.88
2453807.80241 16.8378  0.0159 6.02 1060.0  239.68  380.88
2453808.81008 16.8302  0.0119 4.19 1004.0  239.68  380.88
2453809.89517 16.8406  0.0110 3.76  955.0  239.68  380.88
2453810.86178 16.8357  0.0108 3.44  956.0  239.68  380.88
2453811.85337 16.8434  0.0113 4.10  747.0  239.68  380.88
2453812.84947 16.8663  0.0141 5.09  887.0  239.68  380.88
2453813.84241 16.8405  0.0110 3.86  855.0  239.68  380.88
2453814.84131 16.8469  0.0103 3.34  833.0  239.68  380.88
2453817.87454 16.8379  0.0121 3.55 1413.0  239.68  380.88
2453818.89898 16.8372  0.0110 4.01  761.0  239.68  380.88
2453819.81664 16.8494  0.0099 3.71  619.0  239.68  380.88
2453820.78630 16.8411  0.0100 3.79  630.0  239.68  380.88
2453821.78944 16.8595  0.0113 4.40  645.0  239.68  380.88
2453822.82884 16.8638  0.0108 3.81  685.0  239.68  380.88
2453823.78899 16.8611  0.0114 4.70  634.0  239.68  380.88
2453824.75522 16.8450  0.0128 5.42  767.0  239.68  380.88
2453825.82011 16.8319  0.0122 5.21  694.0  239.68  380.88
2453826.74859 16.8164  0.0099 5.70  403.0  239.68  380.88
2453827.81636 16.8558  0.0102 4.15  555.0  239.68  380.88
2453828.79102 16.8453  0.0138 5.86  728.0  239.68  380.88
2453829.77316 16.8587  0.0118 4.76  658.0  239.68  380.88
2453830.75398 16.8307  0.0111 4.21  786.0  239.68  380.88
2453832.76007 16.8346  0.0103 3.86  623.0  239.68  380.88
2453833.77323 16.8503  0.0104 4.05  592.0  239.68  380.88
2453834.75900 16.8451  0.0108 3.99  749.0  239.68  380.88
2453835.74807 16.8228  0.0112 4.47  764.0  239.68  380.88
2453836.77915 16.8656  0.0120 4.33  861.0  239.68  380.88
2453837.74649 16.8584  0.0130 4.86  846.0  239.68  380.88
2453837.91842 16.8520  0.0106 3.51  875.0  239.68  380.88
2453838.75826 16.8472  0.0142 5.51  905.0  239.68  380.88
2453839.75407 16.8159  0.0132 5.00 1008.0  239.68  380.88
2453840.72006 16.8585  0.0140 4.99 1116.0  239.68  380.88
2453840.92505 16.8429  0.0122 3.94 1077.0  239.68  380.88
2453841.75860 16.8477  0.0120 4.21  983.0  239.68  380.88
2453841.90927 16.8551  0.0114 3.48 1180.0  239.68  380.88
2453842.86350 16.8442  0.0109 3.51  983.0  239.68  380.88
2453845.73410 16.8301  0.0263 5.52 4031.0  239.68  380.88
2453845.92634 16.8500  0.0139 5.26  953.0  239.68  380.88
2453846.74486 16.8180  0.0105 4.08  698.0  239.68  380.88
2453847.81419 16.8170  0.0149 6.32  779.0  239.68  380.88
2453848.76586 16.8435  0.0104 4.16  614.0  239.68  380.88
2453849.76503 16.8352  0.0108 4.06  670.0  239.68  380.88
2453850.70969 16.8627  0.0113 4.35  708.0  239.68  380.88
2453850.88347 16.8330  0.0120 4.54  766.0  239.68  380.88
2453851.72431 16.8669  0.0121 5.13  642.0  239.68  380.88
2453851.88912 16.8402  0.0118 4.49  705.0  239.68  380.88
2453852.71282 16.8431  0.0122 5.18  693.0  239.68  380.88
2453852.89509 16.8463  0.0121 4.70  711.0  239.68  380.88
2453853.70118 16.8549  0.0098 3.95  616.0  239.68  380.88
2453853.86951 16.8362  0.0094 3.33  636.0  239.68  380.88
2453856.69128 16.8423  0.0114 4.11  875.0  239.68  380.88
2453856.85800 16.8457  0.0093 3.68  779.0  239.68  380.88
2453857.92893 16.8140  0.0123 4.65  882.0  239.68  380.88
2453858.77762 16.8361  0.0105 4.53  577.0  239.68  380.88
2453859.82610 16.8487  0.0116 4.60  679.0  239.68  380.88
2453860.68534 16.8428  0.0126 5.62  747.0  239.68  380.88
2453860.92419 16.8110  0.0120 5.00  800.0  239.68  380.88
2453861.68343 16.8169  0.0113 4.70  763.0  239.68  380.88
2453861.78704 16.8365  0.0098 3.57  641.0  239.68  380.88
2453862.72015 16.8668  0.0107 3.84  784.0  239.68  380.88
2453862.87913 16.8593  0.0110 3.80  890.0  239.68  380.88
2453863.65416 16.8405  0.0126 5.16  969.0  239.68  380.88
2453863.87502 16.8362  0.0094 3.33  645.0  239.68  380.88
2453864.69112 16.8557  0.0116 4.22  785.0  239.68  380.88
2453864.88115 16.8442  0.0097 3.48  643.0  239.68  380.88
2453865.70193 16.8429  0.0116 4.26  832.0  239.68  380.88
2453865.83864 16.8464  0.0103 3.76  731.0  239.68  380.88
2453865.91538 16.8644  0.0099 3.50  682.0  239.68  380.88
2453866.70037 16.8441  0.0105 3.74  768.0  239.68  380.88
2453866.83991 16.8532  0.0103 3.62  705.0  239.68  380.88
2453866.91882 16.8311  0.0097 3.31  687.0  239.68  380.88
2453867.64321 16.8652  0.0127 4.36 1161.0  239.68  380.88
2453867.83078 16.8494  0.0115 3.77  936.0  239.68  380.88
2453867.90200 16.8692  0.0114 3.42 1033.0  239.68  380.88
2453868.72629 16.8342  0.0128 4.00 1151.0  239.68  380.88
2453868.87801 16.8438  0.0132 4.06 1095.0  239.68  380.88
2453869.70619 16.8482  0.0125 3.78 1207.0  239.68  380.88
2453869.88721 16.8340  0.0128 3.75 1379.0  239.68  380.88
2453872.93184 16.8497  0.0147 3.73 2092.0  239.68  380.88
2453873.65972 16.8613  0.0116 4.27  797.0  239.68  380.88
2453873.80252 16.8475  0.0102 3.50  715.0  239.68  380.88
2453873.87445 16.8479  0.0112 4.01  792.0  239.68  380.88
2453874.75815 16.8223  0.0122 5.10  687.0  239.68  380.88
2453875.67183 16.8331  0.0092 3.53  577.0  239.68  380.88
2453875.82771 16.8428  0.0100 3.66  709.0  239.68  380.88
2453875.91822 16.8348  0.0105 3.96  732.0  239.68  380.88
2453876.64906 16.8368  0.0101 4.70  629.0  239.68  380.88
2453877.64721 16.8548  0.0112 5.13  575.0  239.68  380.88
2453877.79852 16.8546  0.0095 3.41  612.0  239.68  380.88
2453877.87242 16.8461  0.0108 4.14  775.0  239.68  380.88
2453880.84809 16.8227  0.0122 5.07  743.0  239.68  380.88
2453880.92692 16.8741  0.0127 4.96  890.0  239.68  380.88
2453881.67728 16.8506  0.0104 3.64  725.0  239.68  380.88
2453881.88873 16.8284  0.0107 3.76  805.0  239.68  380.88
2453882.58929 16.8517  0.0147 5.85  892.0  239.68  380.88
2453882.76559 16.8384  0.0112 4.67  658.0  239.68  380.88
2453882.83981 16.8404  0.0108 3.97  773.0  239.68  380.88
2453882.90862 16.8515  0.0100 3.58  712.0  239.68  380.88
2453883.65497 16.8433  0.0109 4.20  688.0  239.68  380.88
2453883.87649 16.8529  0.0100 3.50  696.0  239.68  380.88
2453886.61708 16.8317  0.0115 4.70  759.0  239.68  380.88
2453886.80987 16.8428  0.0097 3.64  581.0  239.68  380.88
2453886.88170 16.8384  0.0106 4.07  664.0  239.68  380.88
2453887.59043 16.8568  0.0119 4.95  775.0  239.68  380.88
2453887.79302 16.8490  0.0102 3.89  645.0  239.68  380.88
2453887.89257 16.8189  0.0119 4.82  799.0  239.68  380.88
2453888.60649 16.8482  0.0118 5.65  687.0  239.68  380.88
2453889.67285 16.8473  0.0112 4.57  626.0  239.68  380.88
2453889.95108 16.8325  0.0172 5.11 1859.0  239.68  380.88
2453890.65798 16.8695  0.0107 3.85  753.0  239.68  380.88
2453891.68255 16.8491  0.0118 4.83  661.0  239.68  380.88
2453891.81073 16.8575  0.0107 3.96  717.0  239.68  380.88
2453891.89272 16.8482  0.0109 4.24  723.0  239.68  380.88
2453892.60771 16.8466  0.0158 5.70 1220.0  239.68  380.88
2453893.63916 16.8461  0.0126 5.24  706.0  239.68  380.88
2453893.88380 16.8518  0.0131 5.28  792.0  239.68  380.88
2453894.68668 16.8536  0.0122 5.07  615.0  239.68  380.88
2453894.91094 16.8378  0.0112 5.27  563.0  239.68  380.88
2453896.62738 16.8173  0.0165 6.34 1056.0  239.68  380.88
2453900.54565 16.8116  0.0248 5.68 3505.0  239.68  380.88
2453900.73204 16.8400  0.0106 3.39  932.0  239.68  380.88
2453900.81069 16.8548  0.0117 3.77 1032.0  239.68  380.88
2453900.87935 16.8455  0.0129 4.19 1220.0  239.68  380.88
2453901.55583 16.8568  0.0133 5.30  821.0  239.68  380.88
2453901.73714 16.8615  0.0128 4.59  862.0  239.68  380.88
2453901.81442 16.8564  0.0135 4.49 1153.0  239.68  380.88
2453901.88332 16.8184  0.0132 4.87 1004.0  239.68  380.88
2453902.58003 16.8369  0.0112 5.07  733.0  239.68  380.88
2453902.75797 16.8489  0.0107 3.91  776.0  239.68  380.88
2453902.88082 16.8579  0.0137 5.12  973.0  239.68  380.88
2453903.66961 16.8311  0.0108 4.02  767.0  239.68  380.88
2453904.56684 16.8374  0.0099 3.94  660.0  239.68  380.88
2453904.72982 16.8358  0.0104 3.54  740.0  239.68  380.88
2453904.79893 16.8378  0.0100 3.54  675.0  239.68  380.88
2453904.90107 16.8477  0.0125 4.66  869.0  239.68  380.88
2453905.56355 16.8570  0.0108 4.01  699.0  239.68  380.88
2453905.74027 16.8463  0.0097 3.55  677.0  239.68  380.88
2453905.81030 16.8519  0.0092 3.11  671.0  239.68  380.88
2453905.87888 16.8620  0.0109 3.72  908.0  239.68  380.88
2453906.57807 16.8384  0.0118 4.44  746.0  239.68  380.88
2453906.71873 16.8577  0.0102 3.96  622.0  239.68  380.88
2453906.79110 16.8317  0.0104 3.72  709.0  239.68  380.88
2453906.87415 16.8111  0.0123 4.97  800.0  239.68  380.88
2453907.60885 16.8365  0.0110 4.53  628.0  239.68  380.88
2453907.80346 16.8660  0.0145 5.83  748.0  239.68  380.88
2453907.87619 16.8458  0.0165 6.65  869.0  239.68  380.88
2453908.54500 16.8658  0.0125 4.06 1048.0  239.68  380.88
2453908.73063 16.8383  0.0109 3.91  723.0  239.68  380.88
2453908.81067 16.8446  0.0102 3.98  628.0  239.68  380.88
2453908.89381 16.8382  0.0119 4.44  847.0  239.68  380.88
2453909.54688 16.8119  0.0131 5.23  863.0  239.68  380.88
2453909.55287 16.8370  0.0115 4.71  737.0  239.68  380.88
2453909.72955 16.8661  0.0095 3.54  519.0  239.68  380.88
2453909.82004 16.8237  0.0104 4.16  596.0  239.68  380.88
2453910.59895 16.8386  0.0106 4.12  654.0  239.68  380.88
2453912.54598 16.8591  0.0094 3.22  730.0  239.68  380.88
2453912.73333 16.8485  0.0091 3.56  521.0  239.68  380.88
2453912.82728 16.8482  0.0095 3.57  559.0  239.68  380.88
2453913.53747 16.8488  0.0098 3.41  700.0  239.68  380.88
2453913.74293 16.8424  0.0106 4.10  688.0  239.68  380.88
2453913.83183 16.8465  0.0096 3.45  643.0  239.68  380.88
2453914.56128 16.8331  0.0120 4.70  748.0  239.68  380.88
2453915.53897 16.8448  0.0117 4.38  799.0  239.68  380.88
2453915.74101 16.8353  0.0100 4.01  562.0  239.68  380.88
2453915.83919 16.8396  0.0126 5.61  636.0  239.68  380.88
2453916.57769 16.8375  0.0122 5.45  671.0  239.68  380.88
2453916.82162 16.8432  0.0113 4.67  666.0  239.68  380.88
2453917.63287 16.8456  0.0123 5.10  700.0  239.68  380.88
2453917.83223 16.8384  0.0129 5.33  793.0  239.68  380.88
2453918.61979 16.8447  0.0107 4.15  676.0  239.68  380.88
2453918.82989 16.8427  0.0131 5.37  740.0  239.68  380.88
2453919.55804 16.8687  0.0149 5.68  927.0  239.68  380.88
2453919.77665 16.8707  0.0098 4.47  648.0  239.68  380.88
2453920.52440 16.8310  0.0121 4.99  712.0  239.68  380.88
2453920.72046 16.8702  0.0116 4.69  693.0  239.68  380.88
2453920.80588 16.8557  0.0106 3.97  696.0  239.68  380.88
2453921.52055 16.8642  0.0134 4.83  888.0  239.68  380.88
2453921.73433 16.8021  0.0152 6.60  746.0  239.68  380.88
2453922.72424 16.8372  0.0141 6.26  716.0  239.68  380.88
2453930.56514 16.8290  0.0106 4.06  908.0  239.68  380.88
2453930.80214 16.8824  0.0169 5.45 1382.0  239.68  380.88
2453931.51318 16.8382  0.0127 5.04  824.0  239.68  380.88
2453932.54077 16.8378  0.0111 4.22  785.0  239.68  380.88
2453932.81250 16.8587  0.0125 4.54 1060.0  239.68  380.88
2453933.52715 16.8500  0.0102 3.83  833.0  239.68  380.88
2453933.71164 16.8565  0.0095 3.39  735.0  239.68  380.88
2453933.78371 16.8526  0.0117 4.58  755.0  239.68  380.88
2453934.50114 16.8412  0.0113 4.17  835.0  239.68  380.88
2453934.67111 16.8411  0.0098 3.96  565.0  239.68  380.88
2453934.74097 16.8586  0.0106 3.91  673.0  239.68  380.88
2453935.55094 16.8704  0.0115 4.36  691.0  239.68  380.88
2453935.72234 16.8428  0.0117 4.93  633.0  239.68  380.88
2453935.81984 16.8173  0.0121 4.89  843.0  239.68  380.88
2453936.50438 16.8551  0.0130 5.08  761.0  239.68  380.88
2453936.66987 16.8335  0.0114 4.42  657.0  239.68  380.88
2453936.74626 16.8393  0.0123 4.21  848.0  239.68  380.88
2453937.57259 16.8437  0.0137 5.78  642.0  239.68  380.88
2453938.51211 16.8747  0.0145 5.92  807.0  239.68  380.88
2453938.70717 16.8343  0.0114 5.07  652.0  239.68  380.88
2453938.81230 16.8362  0.0142 6.33  703.0  239.68  380.88
2453940.60007 16.8373  0.0092 3.55  663.0  239.68  380.88
2453941.71348 16.8432  0.0137 6.61  565.0  239.68  380.88
2453944.56471 16.8440  0.0096 4.21  657.0  239.68  380.88
2453944.76508 16.8355  0.0145 6.61  729.0  239.68  380.88
2453946.52391 16.8515  0.0135 5.81  755.0  239.68  380.88
2453946.71609 16.8390  0.0117 5.28  557.0  239.68  380.88
2453950.53251 16.8510  0.0100 3.95  599.0  239.68  380.88
2453950.75504 16.8479  0.0117 4.93  648.0  239.68  380.88
2453951.53178 16.8433  0.0119 4.71  710.0  239.68  380.88
2453956.57848 16.7391  0.0136 5.62  956.0  239.68  380.88
2453957.51687 16.8546  0.0135 5.05  925.0  239.68  380.88
2453958.58855 16.8171  0.0115 4.45  804.0  239.68  380.88
2453959.52864 16.8375  0.0108 4.50  695.0  239.68  380.88
2453959.69488 16.8515  0.0129 5.11  782.0  239.68  380.88
2453960.50969 16.8509  0.0108 4.28  642.0  239.68  380.88
2453960.68879 16.8430  0.0098 3.32  744.0  239.68  380.88
2453961.58537 16.8303  0.0135 5.26  827.0  239.68  380.88
2453963.54236 16.8337  0.0105 4.25  586.0  239.68  380.88
2453963.71972 16.8257  0.0123 5.46  644.0  239.68  380.88
2453964.53748 16.8580  0.0107 3.92  683.0  239.68  380.88
2453965.52189 16.8308  0.0100 3.66  638.0  239.68  380.88
2453965.72078 16.8507  0.0108 4.59  633.0  239.68  380.88
2453966.49706 16.8168  0.0116 4.39  785.0  239.68  380.88
2453966.69877 16.8491  0.0117 4.95  617.0  239.68  380.88
2453967.53549 16.8247  0.0132 5.68  664.0  239.68  380.88
2453967.72422 16.8288  0.0117 5.41  629.0  239.68  380.88
2453968.50955 16.8448  0.0122 4.50  829.0  239.68  380.88
2453968.67953 16.8469  0.0130 5.63  657.0  239.68  380.88
2453969.49119 16.8316  0.0121 5.28  658.0  239.68  380.88
2453969.69183 16.8338  0.0118 5.29  598.0  239.68  380.88
2453970.52542 16.8410  0.0117 4.95  621.0  239.68  380.88
2453970.69890 16.8283  0.0102 4.47  566.0  239.68  380.88
2453971.56413 16.8338  0.0131 5.99  613.0  239.68  380.88
2453973.59038 16.8462  0.0109 4.92  544.0  239.68  380.88
2453974.51964 16.8340  0.0125 5.39  652.0  239.68  380.88
2453975.52255 16.8600  0.0105 4.03  645.0  239.68  380.88
2453975.69921 16.8371  0.0135 6.11  728.0  239.68  380.88
2453976.51736 16.8436  0.0105 4.10  648.0  239.68  380.88
2453976.69717 16.8311  0.0145 6.23  797.0  239.68  380.88
2453979.52697 16.8320  0.0148 5.72  969.0  239.68  380.88
2453982.58000 16.8460  0.0115 3.72  968.0  239.68  380.88
2453983.55314 16.8592  0.0184 4.45 2234.0  239.68  380.88
2453986.59442 16.8434  0.0129 4.52  898.0  239.68  380.88
2453987.51679 16.8185  0.0132 5.84  771.0  239.68  380.88
2453988.52971 16.8622  0.0099 3.66  619.0  239.68  380.88
2453989.54034 16.8441  0.0113 4.42  705.0  239.68  380.88
2453990.55713 16.8402  0.0122 5.33  667.0  239.68  380.88
2453991.51297 16.8406  0.0117 5.08  679.0  239.68  380.88
2453993.56461 16.8227  0.0116 5.01  640.0  239.68  380.88
2453994.57531 16.8431  0.0125 5.03  697.0  239.68  380.88
2453995.58289 16.8715  0.0113 4.26  685.0  239.68  380.88
2453999.62023 16.8209  0.0117 4.92  799.0  239.68  380.88
2454002.50964 16.8402  0.0127 5.03  710.0  239.68  380.88
2454003.50383 16.8506  0.0105 3.79  752.0  239.68  380.88
2454004.53795 16.8626  0.0114 4.23  774.0  239.68  380.88
2454006.53088 16.8493  0.0108 3.69  691.0  239.68  380.88
2454012.51080 16.8288  0.0134 5.35  838.0  239.68  380.88
2454016.52642 16.8305  0.0140 5.43  903.0  239.68  380.88
2454018.56511 16.8438  0.0135 4.64  871.0  239.68  380.88
2454020.55911 16.8735  0.0139 5.67  863.0  239.68  380.88
2454023.54978 16.8781  0.0150 4.95 1170.0  239.68  380.88
2454025.56915 16.8667  0.0138 5.24  952.0  239.68  380.88
2454028.50855 16.8486  0.0137 5.08  822.0  239.68  380.88
2454031.50868 16.8403  0.0142 5.57  859.0  239.68  380.88
2454038.51398 16.8152  0.0154 6.12  873.0  239.68  380.88
2454041.51297 16.8518  0.0161 5.22 1265.0  239.68  380.88
2454043.52076 16.8051  0.0171 6.11 1396.0  239.68  380.88
2454141.88797 16.8631  0.0168 4.32 1798.0  239.68  380.88
2454150.86941 16.8427  0.0136 4.89  790.0  239.68  380.88
2454155.84170 16.8292  0.0129 4.59  783.0  239.68  380.88
2454157.89690 16.8505  0.0127 4.01  948.0  239.68  380.88
2454159.90695 16.8509  0.0171 4.57 1761.0  239.68  380.88
2454162.85418 16.8571  0.0157 5.33 1082.0  239.68  380.88
2454164.89406 16.8544  0.0126 3.43 1055.0  239.68  380.88
2454166.91005 16.8551  0.0184 5.29 1601.0  239.68  380.88
2454167.82166 16.8537  0.0148 4.70 1166.0  239.68  380.88
2454169.82874 16.8482  0.0126 3.67  995.0  239.68  380.88
2454174.84331 16.8579  0.0125 3.93  858.0  239.68  380.88
2454176.82500 16.8512  0.0120 3.58  841.0  239.68  380.88
2454177.87865 16.8462  0.0124 4.56  654.0  239.68  380.88
2454179.77645 16.8357  0.0128 4.62  755.0  239.68  380.88
2454180.82318 16.8513  0.0143 5.67  704.0  239.68  380.88
2454181.91136 16.8474  0.0116 3.38  838.0  239.68  380.88
2454183.79032 16.8440  0.0125 4.47  712.0  239.68  380.88
2454184.85837 16.8302  0.0107 3.76  652.0  239.68  380.88
2454185.83774 16.8614  0.0126 4.59  638.0  239.68  380.88
2454190.85611 16.8476  0.0132 4.59  776.0  239.68  380.88
2454192.86843 16.8487  0.0126 4.32  796.0  239.68  380.88
2454193.87936 16.8453  0.0126 4.15  852.0  239.68  380.88
2454194.90094 16.8513  0.0122 3.94  793.0  239.68  380.88
2454196.92128 16.8453  0.0132 3.98 1028.0  239.68  380.88
2454202.87071 16.8354  0.0109 3.51  693.0  239.68  380.88
2454203.85885 16.8546  0.0108 3.08  726.0  239.68  380.88
2454204.85802 16.8381  0.0115 3.64  747.0  239.68  380.88
2454205.85455 16.8463  0.0120 4.26  649.0  239.68  380.88
2454207.85818 16.8521  0.0108 3.27  636.0  239.68  380.88
2454208.88784 16.8473  0.0117 3.94  691.0  239.68  380.88
2454213.85593 16.8444  0.0112 3.57  668.0  239.68  380.88
2454215.89348 16.8342  0.0123 4.37  718.0  239.68  380.88
2454216.81432 16.8409  0.0124 4.52  677.0  239.68  380.88
2454217.83665 16.8533  0.0103 3.03  637.0  239.68  380.88
2454218.87743 16.8246  0.0121 4.29  714.0  239.68  380.88
2454219.91840 16.8381  0.0145 5.50  803.0  239.68  380.88
2454220.85584 16.8430  0.0148 5.14  895.0  239.68  380.88
2454222.82518 16.8420  0.0115 3.24  936.0  239.68  380.88
2454228.81316 16.8525  0.0152 4.34 1507.0  239.68  380.88
2454229.79200 16.8273  0.0129 4.42  887.0  239.68  380.88
2454230.77896 16.8446  0.0107 3.21  693.0  239.68  380.88
2454231.80105 16.8474  0.0113 3.32  769.0  239.68  380.88
2454232.80929 16.8430  0.0141 4.82  966.0  239.68  380.88
2454234.75350 16.8302  0.0129 4.95  681.0  239.68  380.88
2454235.77836 16.8514  0.0120 3.74  814.0  239.68  380.88
2454238.80144 16.8441  0.0127 4.26  889.0  239.68  380.88
2454239.90035 16.8160  0.0149 5.35 1209.0  239.68  380.88
2454243.69595 16.8536  0.0139 5.36  673.0  239.68  380.88
2454244.85776 16.8494  0.0129 4.28  875.0  239.68  380.88
2454245.85100 16.8468  0.0118 4.19  682.0  239.68  380.88
2454246.90576 16.8519  0.0132 4.02  949.0  239.68  380.88
2454250.87159 16.8397  0.0160 5.36 1141.0  239.68  380.88
2454256.71664 16.8528  0.0157 5.81  872.0  239.68  380.88
2454258.71403 16.8532  0.0123 4.07  750.0  239.68  380.88
2454268.61753 16.8651  0.0146 5.60  807.0  239.68  380.88
2454269.65767 16.8332  0.0123 4.60  643.0  239.68  380.88
2454272.70830 16.8549  0.0113 3.53  705.0  239.68  380.88
2454273.66837 16.8571  0.0131 4.45  769.0  239.68  380.88
2454274.65206 16.8356  0.0131 4.24  902.0  239.68  380.88
2454275.70895 16.8594  0.0138 4.39  941.0  239.68  380.88
2454277.60802 16.8440  0.0136 4.78  801.0  239.68  380.88
2454278.68230 16.8203  0.0141 4.98  787.0  239.68  380.88
2454283.62769 16.8440  0.0126 3.50 1133.0  239.68  380.88
2454284.61153 16.8613  0.0141 4.01 1119.0  239.68  380.88
2454285.61828 16.8544  0.0156 5.21 1011.0  239.68  380.88
2454286.71213 16.8598  0.0148 4.39 1739.0  239.68  380.88
2454289.65762 16.8574  0.0144 5.24  815.0  239.68  380.88
2454290.70820 16.8288  0.0149 6.31  622.0  239.68  380.88
2454291.73582 16.8365  0.0134 5.26  681.0  239.68  380.88
2454292.59690 16.8480  0.0112 3.55  691.0  239.68  380.88
2454293.62437 16.8317  0.0110 3.44  673.0  239.68  380.88
2454294.59613 16.8503  0.0128 4.59  692.0  239.68  380.88
2454295.62548 16.8533  0.0115 4.52  518.0  239.68  380.88
2454296.60495 16.8405  0.0111 4.03  559.0  239.68  380.88
2454297.59875 16.8433  0.0110 3.63  575.0  239.68  380.88
2454298.70828 16.8322  0.0122 4.79  583.0  239.68  380.88
2454299.67525 16.8352  0.0110 4.14  526.0  239.68  380.88
2454300.80009 16.8431  0.0137 4.70  857.0  239.68  380.88
2454301.47760 16.8540  0.0134 4.46  951.0  239.68  380.88
2454302.75670 16.8335  0.0118 4.30  553.0  239.68  380.88
2454307.59175 16.8358  0.0133 3.69 1103.0  239.68  380.88
2454310.74148 16.8608  0.0166 4.18 1747.0  239.68  380.88
2454312.63753 16.8392  0.0120 3.63 1063.0  239.68  380.88
2454315.67139 16.8272  0.0158 5.85  861.0  239.68  380.88
2454317.62487 16.8330  0.0126 4.64  661.0  239.68  380.88
2454319.63265 16.8361  0.0126 4.64  700.0  239.68  380.88
2454320.73404 16.8322  0.0142 5.58  683.0  239.68  380.88
2454326.64362 16.8465  0.0131 4.92  660.0  239.68  380.88
2454327.67143 16.8436  0.0156 6.30  703.0  239.68  380.88
2454328.61248 16.8336  0.0128 4.73  628.0  239.68  380.88
2454328.74487 16.8114  0.0163 5.96 1013.0  239.68  380.88
2454329.60377 16.8354  0.0142 5.41  661.0  239.68  380.88
2454330.58600 16.8576  0.0130 4.56  675.0  239.68  380.88
2454331.61245 16.8518  0.0131 5.16  587.0  239.68  380.88
2454332.60985 16.8530  0.0132 4.84  721.0  239.68  380.88
2454333.61293 16.8419  0.0138 5.08  757.0  239.68  380.88
2454334.60717 16.8325  0.0177 4.69 1872.0  239.68  380.88
2454338.64711 16.8466  0.0153 4.87 1179.0  239.68  380.88
2454339.61613 16.8566  0.0135 4.15 1045.0  239.68  380.88
2454340.52771 16.8306  0.0168 5.26 1154.0  239.68  380.88
2454341.61452 16.8345  0.0160 5.34 1041.0  239.68  380.88
2454342.65077 16.8626  0.0137 4.81  834.0  239.68  380.88
2454343.63013 16.8603  0.0132 4.58  844.0  239.68  380.88
2454344.67957 16.8352  0.0138 4.03 1189.0  239.68  380.88
2454345.62995 16.8377  0.0145 5.26  866.0  239.68  380.88
2454346.63524 16.8595  0.0133 4.65  775.0  239.68  380.88
2454347.64927 16.8474  0.0128 4.92  707.0  239.68  380.88
2454349.62105 16.8431  0.0121 4.70  574.0  239.68  380.88
2454351.61973 16.8239  0.0157 6.45  694.0  239.68  380.88
2454353.64285 16.8603  0.0191 6.72 1072.0  239.68  380.88
2454357.63116 16.8338  0.0140 5.55  747.0  239.68  380.88
2454359.60230 16.8218  0.0139 5.55  740.0  239.68  380.88
2454367.60138 16.8294  0.0176 6.03 1243.0  239.68  380.88
2454370.60036 16.8654  0.0147 4.26 1307.0  239.68  380.88
2454372.57241 16.8507  0.0133 4.47  869.0  239.68  380.88
2454380.58214 16.8445  0.0128 4.15  847.0  239.68  380.88
2454515.87738 16.8603  0.0144 5.43  806.0  239.68  380.88
2454519.84893 16.8650  0.0160 5.83 1003.0  239.68  380.88
2454520.84135 16.8222  0.0162 5.85 1014.0  239.68  380.88
2454523.83971 16.8486  0.0146 5.08 1103.0  239.68  380.88
2454524.89077 16.8562  0.0126 4.16  910.0  239.68  380.88
2454530.88028 16.8515  0.0109 3.50  733.0  239.68  380.88
2454534.82698 16.8719  0.0149 6.08  722.0  239.68  380.88
2454536.82666 16.8434  0.0139 5.26  852.0  239.68  380.88
2454538.84506 16.8576  0.0121 4.14  790.0  239.68  380.88
2454540.87488 16.8386  0.0110 3.46  729.0  239.68  380.88
2454542.90124 16.8515  0.0111 3.77  722.0  239.68  380.88
2454543.86266 16.8505  0.0106 3.80  622.0  239.68  380.88
2454544.85946 16.8518  0.0105 3.37  717.0  239.68  380.88
2454545.87701 16.8293  0.0117 4.06  810.0  239.68  380.88
2454546.91193 16.8753  0.0123 3.57 1156.0  239.68  380.88
2454550.85078 16.8562  0.0123 4.26  846.0  239.68  380.88
2454551.90858 16.8842  0.0141 4.75  861.0  239.68  380.88
2454552.90553 16.8687  0.0134 3.79 1261.0  239.68  380.88
2454556.86984 16.8588  0.0110 3.78  694.0  239.68  380.88
2454557.89589 16.8396  0.0102 3.42  716.0  239.68  380.88
2454558.83095 16.8549  0.0110 3.61  697.0  239.68  380.88
2454559.86012 16.8501  0.0108 3.77  605.0  239.68  380.88
2454560.86059 16.8532  0.0103 3.41  601.0  239.68  380.88
2454561.84946 16.8596  0.0097 3.26  621.0  239.68  380.88
2454564.85363 16.8503  0.0105 3.89  576.0  239.68  380.88
2454565.84255 16.8635  0.0100 3.12  638.0  239.68  380.88
2454566.84460 16.8500  0.0104 3.62  620.0  239.68  380.88
2454567.84888 16.8470  0.0104 3.50  638.0  239.68  380.88
2454568.87891 16.8635  0.0116 3.91  915.0  239.68  380.88
2454569.86481 16.8561  0.0114 3.93  693.0  239.68  380.88
2454570.87011 16.8469  0.0113 4.02  726.0  239.68  380.88
2454571.83559 16.8486  0.0109 3.85  658.0  239.68  380.88
2454572.87339 16.8385  0.0155 6.08  814.0  239.68  380.88
2454573.84916 16.8577  0.0108 3.83  683.0  239.68  380.88
2454574.85128 16.8550  0.0130 4.11  885.0  239.68  380.88
2454575.86298 16.8467  0.0116 3.69  892.0  239.68  380.88
2454579.91529 16.8610  0.0132 4.15 1131.0  239.68  380.88
2454583.83510 16.8629  0.0129 3.64 1256.0  239.68  380.88
2454586.81558 16.8302  0.0134 5.12  791.0  239.68  380.88
2454587.85337 16.8714  0.0126 4.59  750.0  239.68  380.88
2454588.74170 16.8590  0.0118 4.35  709.0  239.68  380.88
2454589.77545 16.8532  0.0123 4.37  688.0  239.68  380.88
2454590.78983 16.8504  0.0120 4.22  737.0  239.68  380.88
2454591.76707 16.8314  0.0115 3.87  839.0  239.68  380.88
2454592.77923 16.8725  0.0127 3.83 1010.0  239.68  380.88
2454593.76463 16.8547  0.0118 4.07  776.0  239.68  380.88
2454594.79298 16.8502  0.0110 3.87  712.0  239.68  380.88
2454595.78349 16.8619  0.0110 3.86  666.0  239.68  380.88
2454596.80403 16.8529  0.0115 4.22  651.0  239.68  380.88
2454597.80128 16.8715  0.0115 3.84  771.0  239.68  380.88
2454598.77060 16.8556  0.0102 3.54  564.0  239.68  380.88
2454599.75007 16.8571  0.0106 3.92  605.0  239.68  380.88
2454600.75562 16.8512  0.0100 3.32  600.0  239.68  380.88
2454601.76025 16.8702  0.0106 3.55  655.0  239.68  380.88
2454602.75781 16.8532  0.0104 3.36  747.0  239.68  380.88
2454606.77849 16.8555  0.0113 3.48 1021.0  239.68  380.88
2454610.88072 16.8432  0.0124 3.78 1071.0  239.68  380.88
2454611.74190 16.8407  0.0113 3.57  829.0  239.68  380.88
2454611.92845 16.8395  0.0133 3.98 1279.0  239.68  380.88
2454616.73073 16.8228  0.0109 4.13  603.0  239.68  380.88
2454617.89868 16.8280  0.0153 5.99  879.0  239.68  380.88
2454622.71053 16.8284  0.0137 5.77  659.0  239.68  380.88
2454623.79035 16.8300  0.0152 6.17  790.0  239.68  380.88
2454624.72917 16.8398  0.0119 4.29  746.0  239.68  380.88
2454625.71050 16.8194  0.0127 5.13  677.0  239.68  380.88
2454626.76543 16.8383  0.0142 6.14  633.0  239.68  380.88
2454627.68982 16.8497  0.0100 3.46  532.0  239.68  380.88
2454628.68000 16.8527  0.0105 3.59  636.0  239.68  380.88
2454629.74569 16.8530  0.0112 3.74  676.0  239.68  380.88
2454630.68551 16.8464  0.0114 3.93  710.0  239.68  380.88
2454631.70382 16.8404  0.0099 3.23  595.0  239.68  380.88
2454632.72652 16.8499  0.0112 3.75  736.0  239.68  380.88
2454633.86639 16.8489  0.0149 5.05 1076.0  239.68  380.88
2454639.80691 16.8460  0.0169 5.42 1332.0  239.68  380.88
2454640.78245 16.8589  0.0119 4.31  698.0  239.68  380.88
2454641.86768 16.8232  0.0154 5.56 1094.0  239.68  380.88
2454642.70536 16.8284  0.0119 4.56  678.0  239.68  380.88
2454643.67146 16.8373  0.0119 4.83  620.0  239.68  380.88
2454644.75453 16.8379  0.0121 4.41  683.0  239.68  380.88
2454645.67324 16.8371  0.0118 4.45  604.0  239.68  380.88
2454646.64093 16.8549  0.0097 3.43  584.0  239.68  380.88
2454647.65193 16.8462  0.0110 3.62  690.0  239.68  380.88
2454648.65325 16.8294  0.0111 3.85  703.0  239.68  380.88
2454648.76264 16.8379  0.0116 4.38  661.0  239.68  380.88
2454649.64625 16.8391  0.0108 3.96  580.0  239.68  380.88
2454650.67771 16.8508  0.0122 4.62  682.0  239.68  380.88
2454651.68856 16.8375  0.0129 4.87  721.0  239.68  380.88
2454652.61744 16.8363  0.0119 4.20  747.0  239.68  380.88
2454653.61132 16.8614  0.0120 4.34  750.0  239.68  380.88
2454654.65048 16.8609  0.0113 3.91  693.0  239.68  380.88
2454655.61476 16.8558  0.0118 3.97  823.0  239.68  380.88
2454656.61799 16.8641  0.0122 4.29  704.0  239.68  380.88
2454658.77522 16.8222  0.0142 5.59  743.0  239.68  380.88
2454660.72489 16.8461  0.0150 6.14  756.0  239.68  380.88
2454661.60737 16.8652  0.0114 3.55  869.0  239.68  380.88
2454666.54013 16.8575  0.0133 4.11 1234.0  239.68  380.88
2454671.66402 16.8464  0.0119 4.81  610.0  239.68  380.88
2454672.62351 16.8211  0.0120 4.38  688.0  239.68  380.88
2454674.65167 16.8592  0.0129 5.32  624.0  239.68  380.88
2454677.67637 16.8471  0.0152 6.28  741.0  239.68  380.88
2454681.67966 16.8368  0.0127 5.30  644.0  239.68  380.88
2454682.63535 16.8395  0.0119 4.58  619.0  239.68  380.88
2454683.63323 16.8408  0.0121 4.67  664.0  239.68  380.88
2454684.65178 16.8613  0.0131 4.95  718.0  239.68  380.88
2454685.67789 16.8576  0.0111 3.72  679.0  239.68  380.88
2454686.75044 16.8506  0.0123 4.63  711.0  239.68  380.88
2454687.66593 16.8330  0.0124 4.50  726.0  239.68  380.88
2454688.61211 16.8573  0.0127 4.59  734.0  239.68  380.88
2454694.69616 16.8344  0.0162 5.76 1041.0  239.68  380.88
2454697.61744 16.8234  0.0143 5.89  754.0  239.68  380.88
2454698.63902 16.8620  0.0135 5.40  724.0  239.68  380.88
2454700.63424 16.8185  0.0135 5.93  623.0  239.68  380.88
2454701.61714 16.8506  0.0130 5.38  624.0  239.68  380.88
2454702.63197 16.8387  0.0131 5.61  623.0  239.68  380.88
2454704.69319 16.8413  0.0147 6.21  727.0  239.68  380.88
2454708.65358 16.8439  0.0127 5.13  711.0  239.68  380.88
2454710.67150 16.8473  0.0130 5.52  707.0  239.68  380.88
2454720.58466 16.8543  0.0134 4.22 1057.0  239.68  380.88
2454721.61929 16.8454  0.0171 5.97 1084.0  239.68  380.88
2454724.63697 16.8409  0.0153 4.78 1260.0  239.68  380.88
2454725.65291 16.8393  0.0175 5.71 1274.0  239.68  380.88
2454726.61315 16.8344  0.0157 5.51  875.0  239.68  380.88
2454726.63033 16.8429  0.0148 5.37  869.0  239.68  380.88
2454733.57737 16.8464  0.0145 5.96  724.0  239.68  380.88
2454738.53747 16.8459  0.0133 5.26  687.0  239.68  380.88
2454741.61954 16.8632  0.0128 4.94  747.0  239.68  380.88
2454755.55861 16.8890  0.0177 6.00 1062.0  239.68  380.88
2454763.50032 16.8432  0.0150 5.45  948.0  239.68  380.88
2454774.51398 16.8505  0.0154 5.47 1088.0  239.68  380.88
2454776.50888 16.8508  0.0186 5.88 1503.0  239.68  380.88
2454876.87365 16.8431  0.0125 4.64  907.0  239.68  380.88
2454883.85943 16.8526  0.0128 4.93  786.0  239.68  380.88
2454885.89966 16.8477  0.0169 4.46 2112.0  239.68  380.88
2454888.85389 16.8679  0.0124 4.75  745.0  239.68  380.88
2454892.84797 16.8787  0.0151 5.84  845.0  239.68  380.88
2454898.81823 16.8440  0.0135 4.97  897.0  239.68  380.88
2454901.82111 16.8485  0.0123 3.66 1004.0  239.68  380.88
2454902.90996 16.8370  0.0124 3.76 1220.0  239.68  380.88
2454903.86847 16.8483  0.0106 3.31  848.0  239.68  380.88
2454905.86486 16.8578  0.0137 4.77  947.0  239.68  380.88
2454912.84967 16.8487  0.0096 3.49  594.0  239.68  380.88
2454914.89571 16.8606  0.0110 4.34  606.0  239.68  380.88
2454924.74560 16.8614  0.0109 3.74  755.0  239.68  380.88
2454925.86333 16.8591  0.0111 4.24  712.0  239.68  380.88
2454928.75359 16.8471  0.0119 4.28  803.0  239.68  380.88
2454930.79764 16.8515  0.0128 4.23 1035.0  239.68  380.88
2454931.84210 16.8513  0.0120 4.06  925.0  239.68  380.88
2454932.85063 16.8533  0.0111 3.83  894.0  239.68  380.88
2454933.84552 16.8443  0.0120 4.12  933.0  239.68  380.88
2454934.90134 16.8301  0.0187 4.66 2350.0  239.68  380.88
2454938.82545 16.8384  0.0160 6.07 1253.0  239.68  380.88
2454940.76694 16.8558  0.0121 4.82  684.0  239.68  380.88
2454941.80268 16.8446  0.0119 4.73  708.0  239.68  380.88
2454942.74574 16.8605  0.0105 3.67  630.0  239.68  380.88
2454944.74808 16.8497  0.0113 3.78  735.0  239.68  380.88
2454945.80115 16.8472  0.0097 3.45  661.0  239.68  380.88
2454950.86094 16.8623  0.0114 4.97  706.0  239.68  380.88
2454953.84033 16.8312  0.0128 5.23  776.0  239.68  380.88
2454954.80999 16.8548  0.0111 4.27  635.0  239.68  380.88
2454955.80138 16.8345  0.0123 5.12  650.0  239.68  380.88
