2115.78469 16.2612 0.0083
2124.66449 16.2548 0.0137
2128.63809 16.2620 0.0074
2131.66757 16.2522 0.0091
2135.51726 16.2762 0.0076
2138.67138 16.2637 0.0088
2143.58442 16.2763 0.0095
2162.58569 16.2697 0.0082
2170.49213 16.2737 0.0079
2173.56524 16.2776 0.0104
2183.50180 16.2847 0.0103
2195.54728 16.2725 0.0098
2324.89115 16.2708 0.0106
2341.88333 16.2575 0.0090
2350.90050 16.2590 0.0079
2359.86082 16.2552 0.0082
2370.90182 16.2609 0.0093
2384.73926 16.2728 0.0086
2388.74220 16.2734 0.0093
2390.71190 16.2511 0.0106
2397.92196 16.2728 0.0095
2401.67262 16.2679 0.0086
2403.73370 16.2609 0.0078
2405.66982 16.2684 0.0087
2410.74972 16.3185 0.0052
2415.67161 16.2629 0.0109
2417.73326 16.2665 0.0087
2425.63233 16.2587 0.0106
2431.68177 16.2782 0.0088
2433.65794 16.2560 0.0082
2435.77688 16.2601 0.0079
2439.60007 16.2649 0.0080
2441.60870 16.2671 0.0081
2444.59654 16.2627 0.0086
2446.60830 16.2766 0.0085
2452.58986 16.2543 0.0100
2458.70962 16.2789 0.0085
2462.69529 16.2659 0.0074
2464.51090 16.2647 0.0088
2466.83140 16.2674 0.0111
2468.54180 16.2625 0.0077
2470.55175 16.2672 0.0088
2472.54789 16.2625 0.0080
2474.69447 16.2721 0.0082
2483.48927 16.2535 0.0079
2489.75491 16.2973 0.0092
2492.70308 16.2747 0.0097
2495.49580 16.2667 0.0091
2497.55633 16.2686 0.0080
2499.59385 16.2669 0.0078
2501.61988 16.2595 0.0079
2503.56795 16.2815 0.0173
2511.60020 16.2772 0.0099
2518.55077 16.2700 0.0081
2521.54693 16.2739 0.0086
2529.66730 16.2654 0.0088
2537.53777 16.2697 0.0113
2540.55000 16.2583 0.0098
2545.55338 16.2711 0.0094
2550.53892 16.2681 0.0091
2555.50118 16.2688 0.0101
2560.57692 16.2663 0.0122
2566.55409 16.2674 0.0106
2700.88197 16.2642 0.0081
2712.85269 16.2860 0.0090
2727.82152 16.2661 0.0078
2732.83528 16.2638 0.0088
2743.82707 16.2623 0.0080
2748.84642 16.2701 0.0096
2755.84616 16.2606 0.0082
2759.83516 16.2628 0.0085
2765.86732 16.2609 0.0084
2769.90852 16.2607 0.0078
2782.77714 16.2600 0.0098
2784.77113 16.2600 0.0081
2786.66446 16.2593 0.0094
2788.76825 16.2658 0.0068
2790.85292 16.2604 0.0085
2795.58414 16.2730 0.0058
2797.57193 16.2637 0.0081
2802.64320 16.2679 0.0093
2808.68745 16.2684 0.0111
2810.61433 16.2771 0.0092
2812.58878 16.2647 0.0084
2814.58842 16.2609 0.0086
2815.62322 16.2671 0.0090
2817.65372 16.2778 0.0098
2819.54168 16.2514 0.0089
2821.51915 16.2688 0.0101
2830.56194 16.2669 0.0094
2835.49814 16.2657 0.0102
2836.62992 16.2661 0.0123
2838.62029 16.2691 0.0085
2840.54174 16.2542 0.0089
2842.59540 16.2575 0.0083
2844.65534 16.2788 0.0087
2849.47744 16.2616 0.0091
2851.58823 16.2668 0.0086
2853.59911 16.2708 0.0084
2855.64884 16.2897 0.0109
2857.77436 16.2633 0.0096
2860.61723 16.2655 0.0104
2863.70452 16.2578 0.0107
2867.55780 16.2736 0.0095
2870.63120 16.2663 0.0085
2872.68171 16.2757 0.0078
2876.62681 16.2790 0.0088
2879.56307 16.2563 0.0081
2884.59053 16.2554 0.0080
2888.56662 16.2809 0.0180
2894.65234 16.2795 0.0106
2897.66167 16.2592 0.0097
2901.59873 16.2542 0.0078
2906.62140 16.2753 0.0096
2910.61389 16.2575 0.0103
2912.60044 16.2594 0.0085
2923.58041 16.2615 0.0093
2933.57454 16.2658 0.0089
3047.86611 16.2635 0.0085
3056.87365 16.2735 0.0085
3060.89314 16.2718 0.0079
3066.88653 16.2680 0.0076
3069.83914 16.2581 0.0082
3071.84675 16.2723 0.0084
3074.83434 16.2665 0.0077
3076.87160 16.2689 0.0085
3078.88116 16.2706 0.0096
3081.77445 16.2763 0.0083
3083.89990 16.2610 0.0072
3085.91623 16.2681 0.0084
3087.91538 16.2734 0.0086
3088.73113 16.2633 0.0074
3090.82971 16.2564 0.0074
3092.80577 16.2845 0.0092
3097.76853 16.2764 0.0084
3099.76285 16.2672 0.0089
3101.70431 16.2786 0.0123
3103.70713 16.2692 0.0111
3105.76651 16.2568 0.0163
3107.84752 16.2635 0.0085
3109.68484 16.2708 0.0080
3110.69546 16.2675 0.0093
3112.69595 16.2778 0.0083
3113.73914 16.2622 0.0069
3114.91340 16.2634 0.0074
3115.73283 16.2509 0.0072
3118.71417 16.2732 0.0091
3122.74740 16.2716 0.0084
3124.92393 16.2709 0.0093
3126.66294 16.2627 0.0077
3127.66499 16.2667 0.0087
3128.68341 16.2584 0.0078
3129.66281 16.2546 0.0088
3130.82528 16.2602 0.0093
3131.82473 16.2780 0.0105
3134.63207 16.2775 0.0100
3135.69834 16.2692 0.0082
3137.80634 16.2613 0.0073
3138.89543 16.2714 0.0086
3139.69421 16.2629 0.0073
3140.66168 16.2679 0.0079
3141.82535 16.2739 0.0079
3144.65761 16.2697 0.0080
3145.72544 16.2677 0.0090
3147.81905 16.2719 0.0082
3152.62330 16.2617 0.0079
3153.62469 16.2628 0.0084
3153.91168 16.2724 0.0089
3154.70093 16.2575 0.0087
3156.60907 16.2660 0.0087
3158.64952 16.2623 0.0091
3162.66666 16.2703 0.0080
3163.58490 16.2818 0.0078
3163.90629 16.2598 0.0089
3164.57833 16.2736 0.0074
3165.57802 16.2590 0.0078
3166.78891 16.2698 0.0098
3167.80360 16.2777 0.0086
3168.61915 16.2556 0.0074
3169.58945 16.2482 0.0072
3170.68435 16.2606 0.0064
3171.60229 16.2676 0.0071
3172.59202 16.2648 0.0070
3174.57802 16.2677 0.0074
3174.89715 16.2628 0.0078
3175.57925 16.2599 0.0073
3176.60523 16.2766 0.0086
3178.64109 16.2747 0.0082
3179.66551 16.2539 0.0072
3180.54004 16.2714 0.0081
3182.57444 16.2852 0.0091
3182.61365 16.2774 0.0085
3183.54718 16.2742 0.0075
3183.57731 16.2554 0.0070
3184.55733 16.2689 0.0079
3184.82415 16.2739 0.0080
3185.64099 16.2625 0.0073
3191.85668 16.2608 0.0088
3193.72827 16.2802 0.0078
3194.70375 16.2738 0.0078
3195.51255 16.2683 0.0078
3196.51091 16.2781 0.0102
3197.74664 16.2736 0.0076
3199.54660 16.2634 0.0084
3202.60647 16.2886 0.0101
3203.55051 16.2645 0.0069
3205.54703 16.2657 0.0075
3206.52905 16.2567 0.0068
3207.53208 16.2642 0.0083
3210.75964 16.2421 0.0070
3211.51841 16.2603 0.0080
3212.51344 16.2709 0.0096
3217.52393 16.2677 0.0077
3218.52130 16.2668 0.0093
3223.51271 16.2523 0.0081
3224.52813 16.2579 0.0074
3226.48306 16.2681 0.0089
3229.49163 16.2578 0.0074
3230.53162 16.2724 0.0072
3239.64022 16.2625 0.0079
3241.52762 16.2708 0.0112
3246.52831 16.2572 0.0088
3248.53593 16.2551 0.0085
3250.52085 16.2477 0.0079
3251.66455 16.2682 0.0081
3254.52314 16.2677 0.0091
3257.66063 16.2565 0.0074
3262.50425 16.2657 0.0095
3266.48564 16.2643 0.0099
3268.50882 16.2586 0.0083
3270.55237 16.2794 0.0124
3273.57079 16.2651 0.0098
3277.56115 16.2624 0.0084
3279.55574 16.2589 0.0084
3285.47870 16.2625 0.0141
3287.47996 16.2752 0.0114
3291.53848 16.2635 0.0083
3307.53458 16.2614 0.0118
3431.87797 16.2602 0.0074
3438.87615 16.2529 0.0073
3444.81279 16.2580 0.0063
3446.83776 16.2611 0.0077
3448.86741 16.2643 0.0064
3450.90641 16.2509 0.0064
3454.81326 16.2185 0.0108
3456.82087 16.2583 0.0072
3467.75922 16.2605 0.0076
3469.89476 16.2421 0.0060
3471.77145 16.2741 0.0090
3473.92545 16.2633 0.0079
3477.88469 16.2523 0.0068
3478.71364 16.2497 0.0069
3478.74871 16.2559 0.0068
3478.80519 16.2541 0.0068
3478.85450 16.2882 0.0056
3478.88480 16.2545 0.0068
3479.73217 16.2351 0.0074
3479.74471 16.2522 0.0075
3479.74874 16.2496 0.0077
3479.77576 16.2496 0.0062
3479.80175 16.2533 0.0062
3479.82857 16.2494 0.0058
3479.85953 16.2515 0.0060
3479.88944 16.2522 0.0065
3479.92755 16.2557 0.0065
3480.68349 16.2519 0.0068
3480.70993 16.2461 0.0067
3480.73878 16.2481 0.0062
3480.80626 16.2651 0.0064
3480.84008 16.2583 0.0066
3480.87422 16.2451 0.0068
3480.92672 16.2503 0.0076
3481.67365 16.2581 0.0079
3481.72792 16.2455 0.0073
3481.75400 16.2601 0.0069
3481.78037 16.2531 0.0065
3481.80090 16.2582 0.0063
3481.82187 16.2475 0.0062
3481.83679 16.2367 0.0063
3481.85214 16.2393 0.0062
3481.86802 16.2462 0.0064
3481.88676 16.2506 0.0064
3481.89954 16.2470 0.0064
3481.91101 16.2555 0.0064
3481.92245 16.2539 0.0064
3481.93137 16.2419 0.0079
3481.93428 16.2390 0.0090
3482.67020 16.2533 0.0073
3482.68206 16.2519 0.0074
3482.71045 16.2585 0.0071
3482.82251 16.2473 0.0081
3482.84869 16.2515 0.0081
3482.90738 16.2475 0.0060
3482.92881 16.2367 0.0069
3483.67386 16.2529 0.0080
3483.77505 16.2622 0.0067
3483.83617 16.2541 0.0071
3483.88772 16.2386 0.0070
3484.67584 16.2777 0.0117
3484.71331 16.2659 0.0113
3484.85608 16.2567 0.0080
3486.71030 16.2517 0.0081
3489.73344 16.3204 0.0199
3490.80250 16.2479 0.0080
3491.81200 16.2448 0.0072
3491.90582 16.2506 0.0072
3492.80402 16.2531 0.0082
3496.67805 16.2635 0.0091
3496.73490 16.2492 0.0078
3496.81588 16.2391 0.0080
3496.92445 16.2537 0.0099
3497.71231 16.2478 0.0082
3497.80534 16.2556 0.0080
3497.93539 16.2684 0.0092
3498.88530 16.2614 0.0082
3499.66961 16.2479 0.0080
3499.84384 16.2432 0.0067
3500.68805 16.2468 0.0080
3500.80706 16.2476 0.0075
3500.92533 16.2515 0.0077
3501.67662 16.2572 0.0084
3501.79782 16.2824 0.0058
3502.64063 16.2513 0.0077
3502.77917 16.2389 0.0072
3502.93698 16.2429 0.0084
3503.64649 16.2510 0.0072
3503.80676 16.2548 0.0073
3504.66292 16.2475 0.0088
3504.81078 16.2437 0.0080
3506.73808 16.2467 0.0083
3506.84574 16.2507 0.0097
3506.87582 16.2588 0.0088
3508.73915 16.2496 0.0088
3508.82649 16.2487 0.0089
3509.63411 16.2493 0.0088
3509.77359 16.2338 0.0079
3509.85082 16.2458 0.0077
3509.91094 16.2417 0.0079
3510.77938 16.2502 0.0085
3510.87790 16.2572 0.0080
3511.67506 16.2429 0.0085
3511.78822 16.2643 0.0080
3512.69612 16.2549 0.0093
3512.81424 16.2502 0.0097
3512.85601 16.2516 0.0092
3517.70352 16.2485 0.0128
3517.78192 16.2688 0.0135
3517.84923 16.2556 0.0093
3520.62704 16.2559 0.0090
3520.80297 16.2444 0.0086
3521.64371 16.2434 0.0079
3521.73302 16.2478 0.0077
3521.84674 16.2605 0.0091
3522.61718 16.2486 0.0074
3522.73219 16.2426 0.0074
3523.68083 16.2533 0.0086
3523.85573 16.2542 0.0091
3524.61527 16.2338 0.0075
3524.76092 16.2439 0.0080
3524.81739 16.2569 0.0086
3524.87467 16.2579 0.0085
3525.65564 16.2548 0.0095
3525.73516 16.2433 0.0092
3525.84307 16.2611 0.0094
3526.73888 16.2429 0.0092
3526.82033 16.2571 0.0093
3526.87391 16.2533 0.0101
3527.62677 16.2425 0.0100
3527.72094 16.2551 0.0085
3527.81760 16.2596 0.0111
3528.59279 16.2352 0.0093
3528.65964 16.2455 0.0094
3528.74120 16.2523 0.0100
3529.63391 16.2487 0.0090
3529.68221 16.2396 0.0066
3529.86029 16.2488 0.0094
3530.59567 16.2408 0.0090
3530.68198 16.2470 0.0086
3530.74029 16.2500 0.0089
3530.78025 16.2519 0.0086
3537.75667 16.2575 0.0094
3538.62165 16.2427 0.0094
3538.68337 16.2446 0.0092
3538.74022 16.2486 0.0088
3538.81106 16.2415 0.0101
3539.74726 16.2448 0.0095
3540.68826 16.2478 0.0098
3541.80368 16.2388 0.0101
3541.84271 16.2396 0.0100
3547.77583 16.2555 0.0103
3550.67335 16.2325 0.0081
3550.72595 16.2408 0.0084
3551.70237 16.2440 0.0074
3552.70984 16.2441 0.0086
3553.68475 16.2518 0.0103
3554.76746 16.2417 0.0101
3555.71959 16.2446 0.0103
3556.64754 16.2465 0.0093
3558.54660 16.2470 0.0104
3559.57515 16.2518 0.0111
3560.55592 16.2345 0.0097
3561.60451 16.2390 0.0094
3562.62900 16.2392 0.0100
3562.79677 16.2304 0.0094
3563.68165 16.2315 0.0096
3568.79724 16.2461 0.0104
3569.75543 16.2327 0.0106
3573.65826 16.2375 0.0112
3574.51423 16.2476 0.0100
3575.74096 16.2416 0.0098
3576.47772 16.2316 0.0099
3577.53357 16.2354 0.0087
3578.48293 16.2385 0.0093
3579.53787 16.2313 0.0089
3580.50465 16.2307 0.0091
3581.51097 16.2325 0.0097
3582.49317 16.2344 0.0099
3583.67387 16.2334 0.0094
3584.49537 16.2328 0.0099
3585.48624 16.2252 0.0090
3586.47348 16.2347 0.0103
3587.65586 16.2509 0.0110
3589.48192 16.2388 0.0093
3590.52574 16.2313 0.0090
3591.53608 16.2326 0.0085
3592.61022 16.2449 0.0092
3593.63379 16.2288 0.0090
3594.72552 16.2356 0.0099
3601.50220 16.2345 0.0102
3602.66064 16.2317 0.0103
3603.53794 16.2335 0.0103
3604.47943 16.2375 0.0097
3607.50266 16.2319 0.0091
3608.58104 16.2324 0.0103
3617.54965 16.2403 0.0103
3618.52260 16.2256 0.0095
3619.49579 16.2121 0.0098
3620.50622 16.2144 0.0092
3622.48558 16.2322 0.0102
3628.55742 16.2164 0.0111
3629.50460 16.2195 0.0095
3631.54422 16.2200 0.0118
3632.57454 16.2198 0.0108
3634.50469 16.2288 0.0101
3639.51066 16.2155 0.0085
3644.52220 16.2107 0.0096
3649.52586 16.1256 0.0078
3650.52853 16.1965 0.0100
3651.53315 16.2106 0.0106
3655.49980 16.1944 0.0105
3656.57284 16.2017 0.0115
3660.56718 16.1924 0.0117
3665.49943 16.2018 0.0113
3666.50313 16.1812 0.0106
3774.84921 15.8096 0.0079
3777.83387 15.8080 0.0087
3778.83521 15.8247 0.0085
3782.86963 15.8372 0.0074
3783.87165 15.8540 0.0070
3785.85973 15.8482 0.0074
3786.88935 15.8622 0.0083
3790.85988 15.8821 0.0087
3793.84986 15.8925 0.0076
3795.89284 15.9075 0.0077
3803.91072 15.9542 0.0103
3804.83836 15.9598 0.0083
3805.87570 15.9684 0.0081
3806.87865 15.9731 0.0078
3809.84907 15.9952 0.0094
3810.89711 15.9863 0.0084
3812.76605 15.9829 0.0092
3814.75663 15.9936 0.0086
3818.81758 16.0225 0.0084
3820.84492 16.0269 0.0079
3821.85496 16.0294 0.0078
3822.89981 16.0316 0.0080
3823.86337 16.0283 0.0083
3825.88679 16.0482 0.0087
3826.86418 16.0413 0.0087
3827.88577 16.0401 0.0078
3828.85983 16.0539 0.0088
3829.83757 16.0585 0.0080
3830.84786 16.0636 0.0080
3832.82162 16.0667 0.0082
3833.69596 16.0594 0.0067
3834.83793 16.0700 0.0058
3835.78836 16.0606 0.0058
3836.78641 16.0667 0.0063
3837.78330 16.0900 0.0065
3838.78749 16.0858 0.0071
3839.78343 16.0777 0.0064
3840.79053 16.0746 0.0062
3841.76861 16.0908 0.0063
3842.79290 16.0864 0.0086
3846.77407 16.1210 0.0065
3847.84971 16.1142 0.0063
3848.79771 16.1073 0.0064
3849.80012 16.0987 0.0063
3850.74377 16.1005 0.0061
3851.75366 16.1141 0.0070
3852.74219 16.1114 0.0072
3853.73491 16.1057 0.0053
3856.72382 16.1285 0.0065
3858.78397 16.1184 0.0065
3859.68119 16.1147 0.0075
3860.87411 16.1216 0.0072
3861.71598 16.1216 0.0066
3862.72940 16.1229 0.0061
3863.74105 16.1204 0.0059
3864.73420 16.1344 0.0061
3865.61957 16.1097 0.0068
3866.61978 16.1321 0.0072
3867.77249 16.1366 0.0067
3868.61904 16.1296 0.0078
3869.78374 16.1410 0.0089
3873.60458 16.1457 0.0071
3874.82817 16.1354 0.0064
3875.59974 16.1386 0.0065
3876.70823 16.1448 0.0060
3877.59434 16.1514 0.0064
3880.69830 16.1532 0.0058
3881.70646 16.1557 0.0061
3882.64150 16.1508 0.0060
3883.69407 16.1702 0.0062
3886.65285 16.1698 0.0070
3887.64842 16.1693 0.0060
3889.80312 16.1700 0.0064
3890.59376 16.1534 0.0066
3891.72650 16.1684 0.0065
3892.77935 16.1715 0.0071
3893.67746 16.1724 0.0066
3894.72496 16.1875 0.0071
3896.66615 16.1675 0.0115
3896.80117 16.1616 0.0133
3900.57773 16.1627 0.0070
3901.59794 16.1638 0.0070
3902.61255 16.1829 0.0062
3903.70831 16.1839 0.0064
3904.59554 16.1816 0.0059
3905.59576 16.1879 0.0060
3906.58385 16.2010 0.0071
3907.64068 16.1996 0.0082
3908.57381 16.1793 0.0062
3909.57987 16.1767 0.0061
3910.63509 16.1939 0.0064
3912.58131 16.1798 0.0058
3913.57883 16.2014 0.0062
3914.59678 16.1779 0.0064
3915.57668 16.1951 0.0067
3916.62789 16.1776 0.0063
3917.66836 16.1935 0.0066
3918.66698 16.1944 0.0063
3919.60818 16.1890 0.0069
3920.56012 16.1934 0.0063
3920.83772 16.1878 0.0064
3921.57223 16.1897 0.0075
3922.75947 16.1990 0.0084
3930.61311 16.2040 0.0063
3931.55824 16.2081 0.0070
3931.69587 16.2035 0.0064
3932.64874 16.1972 0.0065
3933.56238 16.1979 0.0062
3934.53310 16.1986 0.0065
3935.61127 16.2051 0.0061
3936.53358 16.1962 0.0069
3937.60920 16.1798 0.0063
3938.54220 16.2048 0.0076
3940.67826 16.1926 0.0058
3944.61329 16.2036 0.0052
3945.56365 16.2158 0.0064
3946.56083 16.2093 0.0068
3950.56442 16.2131 0.0064
3951.57313 16.2093 0.0078
3956.61023 16.2161 0.0083
3957.54786 16.2091 0.0074
3958.62032 16.2222 0.0073
3959.56053 16.2084 0.0067
3960.53820 16.2173 0.0062
3961.61341 16.2181 0.0086
3963.58337 16.2136 0.0065
3964.57310 16.2194 0.0062
3965.56670 16.2118 0.0061
3966.55460 16.2209 0.0065
3967.58704 16.2160 0.0074
3968.54117 16.2038 0.0074
3969.54853 16.2145 0.0063
3970.55344 16.2209 0.0069
3971.59348 16.2322 0.0074
3973.62319 16.2215 0.0066
3974.54818 16.2115 0.0082
3975.55052 16.2187 0.0063
3976.54805 16.2162 0.0065
3979.56272 16.2429 0.0081
3982.48166 16.2279 0.0110
3983.48291 16.2314 0.0091
3986.57428 16.2267 0.0086
3986.62466 16.2260 0.0073
3987.54466 16.2371 0.0067
3988.55757 16.2375 0.0062
3989.62734 16.2475 0.0080
3991.52034 16.2254 0.0074
3994.58895 16.2473 0.0074
3994.62141 16.2339 0.0083
3995.61661 16.2406 0.0063
3999.52311 16.2318 0.0075
4001.54647 16.2344 0.0067
4002.54318 16.2193 0.0065
4004.56606 16.2547 0.0096
4005.58155 16.2314 0.0069
4006.56723 16.2439 0.0066
4011.48336 16.2380 0.0087
4012.56999 16.2264 0.0097
4015.51089 16.2208 0.0091
4017.48547 16.2335 0.0082
4019.48974 16.2357 0.0078
4021.48612 16.2385 0.0111
4024.52529 16.2378 0.0070
4026.52080 16.2442 0.0073
4028.53690 16.2445 0.0076
4031.53686 16.2332 0.0082
4145.87623 16.2602 0.0107
4151.83575 16.2511 0.0091
4154.84540 16.2494 0.0083
4157.81566 16.2581 0.0085
4159.83205 16.2669 0.0088
4161.88567 16.2639 0.0095
4163.90157 16.2622 0.0082
4168.86607 16.2512 0.0087
4170.88119 16.2552 0.0090
4175.89421 16.2679 0.0080
4177.79588 16.2675 0.0082
4178.84919 16.2611 0.0083
4179.88895 16.2627 0.0082
4181.82570 16.2636 0.0078
4182.87410 16.2613 0.0075
4183.90635 16.2627 0.0082
4184.76538 16.2619 0.0082
4185.88403 16.2705 0.0085
4190.75120 16.2569 0.0094
4191.87030 16.2655 0.0104
4192.78892 16.2634 0.0093
4193.80735 16.2587 0.0092
4194.82889 16.2541 0.0080
4196.81735 16.2556 0.0082
4202.79888 16.2683 0.0077
4203.78696 16.2604 0.0077
4204.77907 16.2553 0.0082
4205.77741 16.2564 0.0078
4207.77384 16.2600 0.0078
4208.77079 16.2631 0.0079
4211.83394 16.2652 0.0084
4213.77803 16.2656 0.0078
4215.78452 16.2668 0.0088
4216.74227 16.2577 0.0077
4217.74985 16.2628 0.0074
4218.80183 16.2591 0.0089
4219.82135 16.2562 0.0086
4220.75992 16.2558 0.0084
4222.72859 16.2595 0.0085
4224.75634 16.2591 0.0099
4224.83095 16.2688 0.0093
4227.90738 16.2679 0.0086
4228.65090 16.2752 0.0094
4228.72937 16.2529 0.0083
4229.71369 16.2649 0.0087
4230.70352 16.2672 0.0086
4231.68579 16.2484 0.0062
4232.69798 16.2625 0.0081
4233.87633 16.2626 0.0084
4234.86211 16.2662 0.0091
4235.65958 16.2497 0.0080
4235.93383 16.2572 0.0092
4238.72915 16.2598 0.0082
4239.67977 16.2599 0.0078
4240.72270 16.2527 0.0078
4241.61400 16.2499 0.0065
4244.65711 16.2577 0.0085
4245.65045 16.2577 0.0081
4246.70924 16.2610 0.0081
4247.73010 16.2651 0.0081
4250.77315 16.2539 0.0091
4256.56606 16.2553 0.0099
4258.57326 16.2421 0.0098
4267.54278 16.2706 0.0096
4268.77895 16.2554 0.0084
4269.52580 16.2622 0.0110
4272.54920 16.2501 0.0065
4273.74777 16.2571 0.0085
4274.60721 16.2670 0.0092
4275.64004 16.2589 0.0089
4276.73244 16.2640 0.0098
4277.65582 16.2596 0.0084
4278.61324 16.2662 0.0098
4283.55086 16.2678 0.0090
4284.54268 16.2673 0.0088
4285.54608 16.2590 0.0088
4286.54561 16.2694 0.0113
4289.55944 16.2561 0.0097
4290.60293 16.2698 0.0088
4291.66329 16.2689 0.0083
4292.52803 16.2612 0.0075
4293.53425 16.2592 0.0079
4294.52732 16.2493 0.0080
4295.54159 16.2570 0.0083
4295.79516 16.2554 0.0079
4296.53178 16.2581 0.0082
4297.65536 16.2630 0.0075
4298.49456 16.2649 0.0089
4299.46640 16.2581 0.0099
4300.57304 16.2633 0.0082
4301.75426 16.2617 0.0080
4302.71052 16.2696 0.0085
4303.71879 16.2594 0.0085
4304.48925 16.2514 0.0118
4307.69012 16.2702 0.0096
4310.65695 16.2521 0.0119
4312.56564 16.2471 0.0093
4315.57301 16.2759 0.0087
4316.65581 16.2606 0.0091
4317.57963 16.2576 0.0086
4319.55645 16.2720 0.0085
4320.64320 16.2691 0.0085
4326.57442 16.2619 0.0080
4327.53193 16.2695 0.0096
4328.53766 16.2736 0.0085
4329.47525 16.2534 0.0101
4330.54358 16.2710 0.0080
4331.53942 16.2732 0.0086
4332.55334 16.2654 0.0078
4333.47444 16.2618 0.0108
4338.54113 16.2665 0.0096
4339.53727 16.2613 0.0083
4340.47582 16.2677 0.0119
4340.66069 16.2556 0.0091
4341.54170 16.2651 0.0095
4342.57779 16.2576 0.0086
4343.55735 16.2457 0.0079
4344.58741 16.2543 0.0085
4345.55351 16.2579 0.0079
4346.55909 16.2526 0.0095
4346.69027 16.2664 0.0097
4347.57301 16.2621 0.0090
4348.61969 16.2670 0.0088
4349.54172 16.2688 0.0080
4350.59952 16.2698 0.0085
4351.54701 16.2583 0.0084
4353.56354 16.2616 0.0089
4354.58289 16.2698 0.0091
4355.59929 16.2511 0.0091
4356.54783 16.2665 0.0094
4358.56703 16.2633 0.0090
4361.59316 16.2708 0.0104
4367.55737 16.2655 0.0097
4371.55650 16.2590 0.0084
4377.52200 16.2508 0.0090
4380.60147 16.2672 0.0090
4383.59612 16.2666 0.0108
4393.56909 16.2616 0.0086
4505.85934 16.2617 0.0088
4508.85150 16.2504 0.0073
4511.88873 16.2506 0.0072
4514.84949 16.2715 0.0082
4518.83912 16.2672 0.0095
4521.87101 16.2684 0.0088
4523.81186 16.2512 0.0092
4525.80393 16.2572 0.0113
4531.81817 16.2706 0.0101
4534.77832 16.2654 0.0089
4536.85958 16.2671 0.0074
4538.78110 16.2562 0.0087
4539.89459 16.2623 0.0072
4540.76539 16.2593 0.0079
4541.86236 16.2621 0.0074
4542.82581 16.2566 0.0082
4543.91393 16.2587 0.0083
4544.91130 16.2646 0.0077
4545.89798 16.2685 0.0077
4546.81226 16.2677 0.0083
4547.84324 16.2644 0.0076
4548.90904 16.2620 0.0097
4550.90483 16.2765 0.0076
4551.82498 16.2574 0.0080
4552.83030 16.2606 0.0128
4556.79753 16.2669 0.0070
4557.82057 16.2678 0.0078
4558.78920 16.2778 0.0069
4559.78778 16.2657 0.0074
4560.78818 16.2626 0.0077
4561.77710 16.2701 0.0069
4564.78127 16.2753 0.0069
4565.76588 16.2608 0.0067
4566.76671 16.2727 0.0071
4567.76567 16.2715 0.0075
4568.77490 16.2737 0.0058
4569.78488 16.2616 0.0074
4570.77527 16.2584 0.0078
4571.76596 16.2587 0.0081
4572.78915 16.2571 0.0074
4573.77674 16.2673 0.0070
4574.77914 16.2588 0.0082
4575.78791 16.2685 0.0080
4577.87685 16.2777 0.0085
4578.83049 16.2671 0.0096
4583.78266 16.2602 0.0085
4585.68713 16.2773 0.0093
4586.89870 16.2510 0.0077
4587.65178 16.2808 0.0099
4588.63171 16.2571 0.0080
4589.79541 16.2599 0.0078
4590.63253 16.2588 0.0098
4591.79144 16.2522 0.0077
4592.70312 16.2668 0.0077
4593.69216 16.2651 0.0077
4594.71344 16.2570 0.0079
4595.70575 16.2792 0.0076
4596.69772 16.2560 0.0078
4597.72240 16.2782 0.0076
4598.69845 16.2707 0.0066
4599.67098 16.2616 0.0077
4600.68334 16.2654 0.0068
4601.68604 16.2637 0.0069
4602.67837 16.2710 0.0070
4603.90141 16.2478 0.0076
4606.68636 16.2613 0.0094
4610.78969 16.2668 0.0098
4611.66528 16.2692 0.0079
4611.85618 16.2639 0.0081
4612.68972 16.2660 0.0075
4615.83226 16.2721 0.0087
4616.64818 16.2725 0.0077
4617.74783 16.2624 0.0087
4618.68908 16.2710 0.0078
4622.55498 16.2695 0.0098
4622.84786 16.2636 0.0087
4623.70947 16.2704 0.0080
4624.63103 16.2606 0.0091
4625.54519 16.2586 0.0099
4626.66629 16.2708 0.0085
4627.60439 16.2666 0.0076
4628.60720 16.2721 0.0078
4629.67193 16.2658 0.0074
4630.60546 16.2616 0.0077
4631.63042 16.2698 0.0075
4632.61507 16.2563 0.0077
4633.61080 16.2570 0.0077
4638.79468 16.2717 0.0084
4639.61579 16.2741 0.0087
4640.63267 16.2630 0.0076
4641.71516 16.2732 0.0084
4642.63124 16.2631 0.0075
4643.59739 16.2551 0.0080
4644.65875 16.2581 0.0078
4645.57118 16.2502 0.0081
4646.56772 16.2394 0.0070
4647.56134 16.2536 0.0083
4648.56577 16.2696 0.0082
4649.56787 16.2594 0.0081
4650.60058 16.2567 0.0079
4651.57207 16.2594 0.0079
4652.54485 16.2678 0.0088
4653.53882 16.2666 0.0103
4654.57800 16.2674 0.0080
4655.53865 16.2508 0.0082
4656.54059 16.2563 0.0078
4658.69929 16.2679 0.0086
4660.65202 16.2708 0.0082
4661.52869 16.2498 0.0075
4665.69646 16.2546 0.0087
4666.60172 16.2624 0.0083
4670.66663 16.2601 0.0091
4671.71386 16.2586 0.0081
4672.54757 16.2635 0.0071
4674.55350 16.2605 0.0079
4677.53015 16.2757 0.0083
4678.64637 16.2721 0.0066
4681.47621 16.2546 0.0083
4682.51984 16.2614 0.0078
4683.55834 16.2679 0.0087
4684.55167 16.2617 0.0080
4685.54203 16.2617 0.0081
4686.54301 16.2703 0.0085
4687.54303 16.2641 0.0082
4688.53625 16.2593 0.0078
4693.70456 16.2549 0.0082
4694.47596 16.2529 0.0112
4697.53987 16.2489 0.0087
4698.54874 16.2575 0.0073
4699.56035 16.2693 0.0090
4700.56128 16.2675 0.0080
4701.54420 16.2701 0.0087
4702.55909 16.2764 0.0079
4703.62648 16.2647 0.0087
4705.61045 16.2737 0.0081
4707.65563 16.2622 0.0081
4709.55438 16.2566 0.0094
4710.59496 16.2621 0.0085
4716.62722 16.2767 0.0127
4721.54514 16.2525 0.0100
4724.55203 16.2606 0.0085
4725.57962 16.2690 0.0095
4730.61414 16.2537 0.0092
4733.63559 16.2704 0.0089
4739.52681 16.2870 0.0096
4743.58831 16.2632 0.0093
4748.53195 16.2589 0.0100
4754.50726 16.2693 0.0100
4758.55244 16.2634 0.0097
4874.86611 16.2607 0.0092
4877.89686 16.2556 0.0103
4884.89315 16.2579 0.0075
4887.86556 16.2556 0.0068
4891.82211 16.2865 0.0084
4897.81144 16.2784 0.0081
4899.90680 16.2620 0.0079
4900.81798 16.2775 0.0083
4902.79503 16.2795 0.0081
4904.82333 16.2740 0.0071
4906.84579 16.2589 0.0087
4910.85241 16.2635 0.0071
4911.81762 16.2425 0.0062
4912.90777 16.2614 0.0066
4914.81709 16.2638 0.0079
4919.73378 16.2711 0.0073
4925.73706 16.2557 0.0074
4927.75316 16.2890 0.0081
4929.75272 16.2693 0.0086
4930.89197 16.2539 0.0076
4931.73676 16.2790 0.0088
4932.86969 16.2571 0.0075
4933.86442 16.2604 0.0081
4938.73392 16.2712 0.0072
4939.75694 16.2590 0.0080
4941.71335 16.2737 0.0075
4942.81780 16.2763 0.0071
4943.82583 16.2747 0.0075
4944.84169 16.2614 0.0067
4945.73523 16.2672 0.0072
4950.81743 16.2675 0.0073
4951.80342 16.2689 0.0077
4953.70002 16.2681 0.0073
4954.69420 16.2656 0.0073
4955.70115 16.2793 0.0075
