2452117.78907 19.8610  0.1738 7.14  458.0  351.90  393.93
2452125.48552 19.6408  0.2133 5.49 1666.0  351.90  393.93
2452129.57477 19.5868  0.1201 4.17  918.0  351.90  393.93
2452132.51950 19.3625  0.0949 4.70  737.0  351.90  393.93
2452135.64564 19.6836  0.1024 3.96  728.0  351.90  393.93
2452140.61496 19.5981  0.1109 4.82  705.0  351.90  393.93
2452143.72083 19.6894  0.1253 4.60  760.0  351.90  393.93
2452158.54682 19.6824  0.1228 4.86  697.0  351.90  393.93
2452167.50226 19.4421  0.1003 4.97  689.0  351.90  393.93
2452172.51787 19.7077  0.1617 5.57  819.0  351.90  393.93
2452175.52975 19.5265  0.1928 4.54 2331.0  351.90  393.93
2452185.54616 19.5211  0.1326 4.99 1047.0  351.90  393.93
2452205.52709 19.7738  0.3322 6.04 2347.0  351.90  393.93
2452329.87990 19.6008  0.0975 3.49  901.0  351.90  393.93
2452346.87237 19.7235  0.1029 3.69  726.0  351.90  393.93
2452352.82670 19.4730  0.1404 6.23  781.0  351.90  393.93
2452361.82103 19.5495  0.1297 4.99  925.0  351.90  393.93
2452371.88174 19.5400  0.1003 4.51  725.0  351.90  393.93
2452381.90029 19.5676  0.0906 4.00  708.0  351.90  393.93
2452385.91010 19.5657  0.0985 4.06  798.0  351.90  393.93
2452389.92103 19.6827  0.1158 4.11  831.0  351.90  393.93
2452397.86720 19.4598  0.0949 3.85  904.0  351.90  393.93
2452401.72721 19.5639  0.0904 3.91  703.0  351.90  393.93
2452403.78595 19.5776  0.0797 3.39  696.0  351.90  393.93
2452405.74768 19.6007  0.1026 4.30  667.0  351.90  393.93
2452415.82090 19.7366  0.1428 5.03  818.0  351.90  393.93
2452424.69961 19.4580  0.0845 3.77  757.0  351.90  393.93
2452428.66314 19.3526  0.1076 5.93  644.0  351.90  393.93
2452432.72123 19.4738  0.1387 6.30  810.0  351.90  393.93
2452433.91718 19.5837  0.1860 5.81 1414.0  351.90  393.93
2452434.59092 19.3860  0.1079 4.82  910.0  351.90  393.93
2452436.64418 19.5065  0.0961 4.08  799.0  351.90  393.93
2452438.65982 19.4886  0.1043 5.11  670.0  351.90  393.93
2452440.65251 19.5254  0.1117 5.10  730.0  351.90  393.93
2452444.77429 19.8257  0.1447 4.93  777.0  351.90  393.93
2452446.78589 19.5617  0.1176 4.24 1017.0  351.90  393.93
2452453.75904 19.7013  0.1206 4.32  808.0  351.90  393.93
2452456.52025 19.8294  0.1719 6.16  736.0  351.90  393.93
2452458.63487 19.5643  0.0921 4.48  556.0  351.90  393.93
2452462.58902 19.5558  0.0770 3.77  596.0  351.90  393.93
2452464.65811 19.6846  0.0924 4.01  575.0  351.90  393.93
2452467.56470 19.6286  0.1007 4.29  666.0  351.90  393.93
2452469.55195 19.5538  0.0810 3.48  667.0  351.90  393.93
2452471.68694 19.9207  0.1036 3.57  578.0  351.90  393.93
2452473.53998 19.7228  0.1376 4.65  820.0  351.90  393.93
2452483.62059 19.6289  0.1083 4.08  724.0  351.90  393.93
2452486.60369 19.4649  0.1058 5.73  580.0  351.90  393.93
2452490.57068 19.7200  0.1263 5.25  613.0  351.90  393.93
2452493.52889 19.5069  0.1046 4.77  775.0  351.90  393.93
2452495.60504 19.4948  0.0918 4.17  671.0  351.90  393.93
2452497.65940 19.6230  0.1062 4.07  707.0  351.90  393.93
2452499.70734 19.5285  0.0795 3.73  684.0  351.90  393.93
2452501.72520 19.4713  0.0874 3.92  748.0  351.90  393.93
2452508.54206 19.7596  0.1468 4.91  931.0  351.90  393.93
2452511.72306 19.3883  0.1766 6.78 1204.0  351.90  393.93
2452518.64000 19.5830  0.1076 4.99  624.0  351.90  393.93
2452521.65476 19.4784  0.1075 5.00  721.0  351.90  393.93
2452524.49376 19.5285  0.1022 4.40  728.0  351.90  393.93
2452529.61794 19.5659  0.1202 4.67  868.0  351.90  393.93
2452537.56201 19.7335  0.1790 5.90  934.0  351.90  393.93
2452541.53025 19.4019  0.0981 4.16  947.0  351.90  393.93
2452546.59607 19.6352  0.1445 5.05  831.0  351.90  393.93
2452551.50765 19.6288  0.1446 5.45  807.0  351.90  393.93
2452555.60408 19.9465  0.2345 6.33  853.0  351.90  393.93
2452562.55779 19.3990  0.1395 4.79 1532.0  351.90  393.93
2452704.89859 19.8535  0.0996 3.36  639.0  351.90  393.93
2452713.88050 19.4870  0.0869 4.64  546.0  351.90  393.93
2452728.82231 19.2884  0.0883 4.94  676.0  351.90  393.93
2452733.79510 19.5226  0.1165 4.41  896.0  351.90  393.93
2452744.77863 19.3873  0.0780 3.61  784.0  351.90  393.93
2452752.84227 19.5781  0.1423 5.64  863.0  351.90  393.93
2452756.82166 19.4609  0.0988 4.69  716.0  351.90  393.93
2452760.78685 19.7367  0.1544 5.42  839.0  351.90  393.93
2452766.81460 19.3902  0.0779 4.15  649.0  351.90  393.93
2452770.70091 19.5997  0.1190 4.46  851.0  351.90  393.93
2452782.93902 19.8298  0.2402 6.72 1046.0  351.90  393.93
2452784.91748 19.4445  0.0958 3.65  947.0  351.90  393.93
2452785.89575 19.0438  0.0902 4.67 1235.0  351.90  393.93
2452786.78185 19.2468  0.0908 4.88  907.0  351.90  393.93
2452787.59522 19.7894  0.1880 5.76  964.0  351.90  393.93
2452787.63160 19.4788  0.0940 4.07  877.0  351.90  393.93
2452787.74230 19.2330  0.0799 4.29  849.0  351.90  393.93
2452787.83141 19.7187  0.1481 5.20  839.0  351.90  393.93
2452788.60458 19.5186  0.1143 4.29  969.0  351.90  393.93
2452788.76025 19.5498  0.0860 4.00  679.0  351.90  393.93
2452789.57143 19.6626  0.1370 4.56 1004.0  351.90  393.93
2452789.74605 19.6274  0.0972 3.66  765.0  351.90  393.93
2452789.79424 19.4243  0.0829 4.06  737.0  351.90  393.93
2452790.69231 19.6298  0.0909 3.72  650.0  351.90  393.93
2452790.90856 19.5934  0.1148 4.46  792.0  351.90  393.93
2452791.76511 19.6125  0.1211 5.47  644.0  351.90  393.93
2452792.67079 19.4205  0.0883 4.78  613.0  351.90  393.93
2452793.58933 18.6182  0.0797 7.20  824.0  351.90  393.93
2452795.60761 19.7901  0.1226 4.59  639.0  351.90  393.93
2452797.59572 19.5363  0.0872 3.63  781.0  351.90  393.93
2452802.80282 19.6814  0.1523 4.87  972.0  351.90  393.93
2452808.82960 19.7451  0.1723 5.11 1074.0  351.90  393.93
2452810.75125 19.7092  0.1153 4.13  778.0  351.90  393.93
2452811.80684 19.6934  0.1233 4.35  800.0  351.90  393.93
2452813.60321 19.3678  0.0951 4.97  702.0  351.90  393.93
2452815.72388 19.3451  0.0787 4.26  619.0  351.90  393.93
2452817.67752 19.7183  0.1741 6.40  731.0  351.90  393.93
2452818.74004 19.5241  0.0996 4.66  649.0  351.90  393.93
2452820.60849 19.6445  0.1225 4.12  899.0  351.90  393.93
2452821.63671 19.4821  0.0862 3.79  678.0  351.90  393.93
2452826.60247 19.3809  0.0945 4.73  733.0  351.90  393.93
2452830.70517 19.6110  0.2908 5.72 3098.0  351.90  393.93
2452835.60011 19.4879  0.1629 5.81 1178.0  351.90  393.93
2452837.51554 19.7706  0.1992 5.67 1013.0  351.90  393.93
2452839.54896 19.4392  0.1327 6.40  743.0  351.90  393.93
2452840.70635 19.6312  0.1060 3.99  779.0  351.90  393.93
2452843.48548 20.2953  0.2827 5.66  922.0  351.90  393.93
2452844.76671 19.3260  0.0877 4.61  685.0  351.90  393.93
2452849.68076 19.5689  0.1155 5.36  668.0  351.90  393.93
2452851.70187 19.2027  0.0997 5.72  750.0  351.90  393.93
2452853.70377 19.4064  0.0905 4.31  735.0  351.90  393.93
2452856.58799 19.8291  0.1517 4.58  842.0  351.90  393.93
2452858.55413 19.2496  0.0844 4.18  920.0  351.90  393.93
2452860.70516 19.8419  0.2436 3.82 2847.0  351.90  393.93
2452863.62770 19.5414  0.1346 4.51 1170.0  351.90  393.93
2452866.71651 19.6346  0.1311 4.76  847.0  351.90  393.93
2452869.61001 19.4819  0.0896 4.04  643.0  351.90  393.93
2452872.63124 19.6215  0.0804 3.35  582.0  351.90  393.93
2452877.57091 19.3611  0.0929 4.67  668.0  351.90  393.93
2452882.63396 20.0951  0.1454 4.48  525.0  351.90  393.93
2452892.52377 19.6303  0.1298 4.79  876.0  351.90  393.93
2452895.67410 19.4508  0.0989 3.99  971.0  351.90  393.93
2452900.53564 19.5284  0.1258 5.25  773.0  351.90  393.93
2452905.58955 19.7208  0.1594 5.38  830.0  351.90  393.93
2452911.50542 19.5240  0.1570 6.56  778.0  351.90  393.93
2452916.57384 19.6901  0.1324 3.63 1094.0  351.90  393.93
2452929.53409 19.2833  0.1463 6.67  948.0  351.90  393.93
2453050.84843 19.4982  0.1093 3.92 1098.0  351.90  393.93
2453058.81372 19.7415  0.1284 4.47  859.0  351.90  393.93
2453061.87814 19.5748  0.1048 4.52  695.0  351.90  393.93
2453067.81453 19.5670  0.0941 4.13  688.0  351.90  393.93
2453069.88823 19.5349  0.0810 3.80  567.0  351.90  393.93
2453072.85305 19.5013  0.0806 3.43  721.0  351.90  393.93
2453074.89254 19.5157  0.0845 3.88  644.0  351.90  393.93
2453079.79944 19.3783  0.0874 3.01 1623.0  351.90  393.93
2453081.90343 19.5866  0.1178 4.91  719.0  351.90  393.93
2453084.75907 19.4842  0.0816 4.09  569.0  351.90  393.93
2453086.75392 19.5338  0.0779 3.70  596.0  351.90  393.93
2453087.85819 19.4630  0.0870 5.03  526.0  351.90  393.93
2453089.77481 19.5207  0.0926 4.36  622.0  351.90  393.93
2453091.73681 19.6281  0.1029 4.51  598.0  351.90  393.93
2453096.76376 19.4976  0.0992 4.65  707.0  351.90  393.93
2453098.76818 19.5260  0.0880 3.77  729.0  351.90  393.93
2453100.88441 19.4893  0.0893 4.44  674.0  351.90  393.93
2453102.76370 19.3954  0.0888 3.57  944.0  351.90  393.93
2453103.91687 19.7144  0.1587 4.42 1216.0  351.90  393.93
2453107.76363 19.4999  0.0814 4.09  585.0  351.90  393.93
2453108.83374 19.3565  0.0751 4.30  639.0  351.90  393.93
2453109.90337 19.5359  0.0975 4.97  639.0  351.90  393.93
2453110.75292 19.7589  0.1165 3.93  801.0  351.90  393.93
2453111.81044 19.5286  0.0993 5.04  590.0  351.90  393.93
2453113.78963 19.6784  0.0859 4.01  461.0  351.90  393.93
2453114.72793 19.3477  0.0643 3.52  558.0  351.90  393.93
2453115.78986 19.4010  0.0709 3.86  568.0  351.90  393.93
2453118.84651 19.5120  0.1059 4.97  699.0  351.90  393.93
2453122.79686 19.4083  0.1045 5.98  553.0  351.90  393.93
2453125.77433 19.5767  0.1403 6.41  639.0  351.90  393.93
2453126.78452 19.3558  0.0740 3.81  675.0  351.90  393.93
2453127.71424 19.5669  0.0849 3.28  744.0  351.90  393.93
2453128.73384 19.4535  0.0975 4.18  749.0  351.90  393.93
2453129.71668 19.7520  0.1381 3.84  984.0  351.90  393.93
2453130.88812 19.2214  0.1033 4.51 1192.0  351.90  393.93
2453134.68694 19.2341  0.1542 4.37 2410.0  351.90  393.93
2453137.73317 19.5103  0.1447 7.11  626.0  351.90  393.93
2453138.84069 19.3521  0.0799 4.73  605.0  351.90  393.93
2453139.77651 19.4256  0.0761 4.47  503.0  351.90  393.93
2453140.78868 19.4365  0.0752 4.08  572.0  351.90  393.93
2453142.64730 19.7201  0.0974 4.18  550.0  351.90  393.93
2453142.90345 19.3946  0.0980 4.74  824.0  351.90  393.93
2453144.71091 19.4468  0.0772 4.33  495.0  351.90  393.93
2453146.69738 19.4461  0.0952 5.41  537.0  351.90  393.93
2453151.66776 19.2687  0.1004 6.18  580.0  351.90  393.93
2453152.67292 19.5422  0.0898 4.08  604.0  351.90  393.93
2453152.88583 19.3700  0.1057 5.60  667.0  351.90  393.93
2453153.67582 19.5469  0.1084 5.32  570.0  351.90  393.93
2453154.61851 19.2761  0.1164 6.67  717.0  351.90  393.93
2453156.66698 19.5227  0.1020 4.40  751.0  351.90  393.93
2453158.75169 19.4704  0.1315 5.20  993.0  351.90  393.93
2453162.72246 19.6244  0.1654 3.72 2115.0  351.90  393.93
2453163.68628 19.3883  0.0769 4.27  598.0  351.90  393.93
2453164.65356 19.4969  0.0847 3.99  584.0  351.90  393.93
2453165.82156 19.5881  0.0829 3.61  674.0  351.90  393.93
2453167.86882 19.5426  0.1132 5.54  607.0  351.90  393.93
2453168.66973 19.3023  0.0838 5.81  501.0  351.90  393.93
2453169.63866 19.3633  0.0695 3.55  589.0  351.90  393.93
2453170.71171 19.2548  0.0721 4.84  514.0  351.90  393.93
2453171.66667 19.3764  0.0679 4.27  501.0  351.90  393.93
2453172.64649 19.5715  0.0806 3.89  519.0  351.90  393.93
2453174.63091 19.4473  0.0678 3.32  632.0  351.90  393.93
2453175.63271 19.3610  0.0733 3.65  719.0  351.90  393.93
2453176.66686 19.4909  0.1040 5.69  510.0  351.90  393.93
2453178.69531 19.7741  0.1411 5.24  670.0  351.90  393.93
2453179.72553 19.8227  0.1212 5.37  502.0  351.90  393.93
2453180.62087 19.6245  0.0693 3.27  520.0  351.90  393.93
2453182.68655 19.3748  0.0756 4.67  489.0  351.90  393.93
2453183.65564 19.5309  0.1022 4.98  593.0  351.90  393.93
2453184.60647 19.5361  0.0712 3.67  502.0  351.90  393.93
2453185.77178 19.5469  0.1025 4.13  683.0  351.90  393.93
2453192.75232 19.8707  0.1946 4.72 1254.0  351.90  393.93
2453193.78999 19.3910  0.0945 5.48  556.0  351.90  393.93
2453194.65623 19.2603  0.1027 6.29  686.0  351.90  393.93
2453195.58741 19.5893  0.0880 3.89  608.0  351.90  393.93
2453196.66340 19.6293  0.1097 5.12  600.0  351.90  393.93
2453197.66630 19.5432  0.1050 5.37  540.0  351.90  393.93
2453199.69794 19.6257  0.0937 5.03  449.0  351.90  393.93
2453202.68570 19.7422  0.1276 5.69  552.0  351.90  393.93
2453203.73090 19.7289  0.0904 3.77  502.0  351.90  393.93
2453205.60500 19.3562  0.0581 3.94  423.0  351.90  393.93
2453206.58207 19.5295  0.0777 4.55  465.0  351.90  393.93
2453210.69314 19.5444  0.0997 4.76  565.0  351.90  393.93
2453211.59812 19.2395  0.0734 5.21  509.0  351.90  393.93
2453212.58366 19.6514  0.1580 6.89  615.0  351.90  393.93
2453217.57291 19.3937  0.1522 3.52 3082.0  351.90  393.93
2453218.57212 19.4065  0.1124 4.78  950.0  351.90  393.93
2453223.56840 19.9873  0.2363 7.78  649.0  351.90  393.93
2453224.57726 19.5586  0.0859 3.72  656.0  351.90  393.93
2453226.53236 19.6079  0.1128 5.50  515.0  351.90  393.93
2453228.66158 19.7260  0.1234 5.58  503.0  351.90  393.93
2453229.54548 19.4577  0.0714 3.53  597.0  351.90  393.93
2453230.58433 19.4261  0.0712 4.01  519.0  351.90  393.93
2453231.48528 19.9775  0.1562 4.73  698.0  351.90  393.93
2453238.71001 19.1561  0.1028 7.04  633.0  351.90  393.93
2453240.69390 19.4315  0.1253 6.64  664.0  351.90  393.93
2453241.57822 19.5633  0.2104 5.47 1925.0  351.90  393.93
2453244.67565 19.6061  0.1656 4.45 1640.0  351.90  393.93
2453246.56224 19.2325  0.1213 7.03  726.0  351.90  393.93
2453247.69029 19.7571  0.2395 7.10  968.0  351.90  393.93
2453248.58704 19.2742  0.0918 4.86  682.0  351.90  393.93
2453250.57430 19.5359  0.1047 4.56  707.0  351.90  393.93
2453253.56613 19.4648  0.0772 4.71  467.0  351.90  393.93
2453255.68357 19.0838  0.0963 7.05  611.0  351.90  393.93
2453259.54240 19.3268  0.1152 6.55  593.0  351.90  393.93
2453262.55400 19.3420  0.0873 4.18  774.0  351.90  393.93
2453266.56762 19.0482  0.0879 5.76  712.0  351.90  393.93
2453268.63283 19.9734  0.1824 5.20  762.0  351.90  393.93
2453271.49428 19.7146  0.3990 6.16 4118.0  351.90  393.93
2453274.54707 19.9730  0.1908 5.47  792.0  351.90  393.93
2453278.49742 19.3918  0.1064 5.25  653.0  351.90  393.93
2453281.51964 21.2884  0.6289 6.53  468.0  351.90  393.93
2453287.53010 19.7908  0.1379 5.55  616.0  351.90  393.93
2453292.51886 18.8660  0.0593 5.85  511.0  351.90  393.93
2453414.88230 19.1594  0.0617 4.03  653.0  351.90  393.93
2453419.88965 19.2048  0.0617 3.51  690.0  351.90  393.93
2453424.88658 19.1781  0.0604 3.36  785.0  351.90  393.93
2453428.82829 19.0367  0.0744 4.66  824.0  351.90  393.93
2453430.87159 19.0740  0.0527 3.48  668.0  351.90  393.93
2453442.80791 18.7438  0.0484 4.81  598.0  351.90  393.93
2453444.86202 18.9889  0.0558 4.22  605.0  351.90  393.93
2453446.89068 19.0391  0.0592 4.32  551.0  351.90  393.93
2453449.78041 18.6882  0.0448 4.68  593.0  351.90  393.93
2453452.80531 18.9002  0.0489 3.70  663.0  351.90  393.93
2453454.86253 19.1323  0.0754 4.25  939.0  351.90  393.93
2453456.85038 18.9664  0.0456 3.65  581.0  351.90  393.93
2453457.76318 18.8463  0.0486 4.39  595.0  351.90  393.93
2453457.79718 19.0963  0.0659 4.16  752.0  351.90  393.93
2453458.76095 19.0949  0.0578 3.89  679.0  351.90  393.93
2453458.79128 18.9563  0.0536 3.69  792.0  351.90  393.93
2453458.84051 18.9106  0.0601 4.39  812.0  351.90  393.93
2453458.86681 18.9976  0.0499 3.88  603.0  351.90  393.93
2453458.91880 19.0244  0.0609 4.20  706.0  351.90  393.93
2453459.75991 18.7161  0.0666 5.25  999.0  351.90  393.93
2453459.90784 18.9961  0.0528 3.99  633.0  351.90  393.93
2453467.84862 18.7597  0.0470 4.88  510.0  351.90  393.93
2453469.75430 18.9996  0.0462 3.65  541.0  351.90  393.93
2453471.84421 19.0652  0.0907 6.53  603.0  351.90  393.93
2453472.91154 18.8851  0.0487 4.33  534.0  351.90  393.93
2453473.74889 18.6601  0.0446 5.07  536.0  351.90  393.93
2453475.77206 18.9597  0.0483 4.24  492.0  351.90  393.93
2453477.85919 19.1166  0.0656 4.20  603.0  351.90  393.93
2453479.80843 18.7970  0.0364 3.61  469.0  351.90  393.93
2453481.70784 18.7431  0.0457 4.24  632.0  351.90  393.93
2453483.86742 19.0625  0.0628 3.84  758.0  351.90  393.93
2453496.83075 18.7986  0.0592 5.13  727.0  351.90  393.93
2453497.70483 18.8415  0.0661 5.51  727.0  351.90  393.93
2453500.76894 18.7367  0.0439 4.00  592.0  351.90  393.93
2453501.76264 18.8172  0.0428 3.67  661.0  351.90  393.93
2453502.79336 18.8911  0.0426 3.29  653.0  351.90  393.93
2453503.75491 18.8769  0.0442 3.87  508.0  351.90  393.93
2453504.77132 18.7586  0.0469 4.67  485.0  351.90  393.93
2453506.90608 18.7566  0.0619 5.53  707.0  351.90  393.93
2453508.85888 18.8906  0.0688 5.48  699.0  351.90  393.93
2453509.80620 18.6750  0.0420 4.53  594.0  351.90  393.93
2453510.81807 18.7926  0.0482 4.37  587.0  351.90  393.93
2453511.77021 18.7205  0.0440 4.02  686.0  351.90  393.93
2453512.64343 18.7075  0.0630 5.09  952.0  351.90  393.93
2453517.92701 18.7279  0.0553 4.19  987.0  351.90  393.93
2453520.63469 18.5736  0.0492 5.02  740.0  351.90  393.93
2453521.74044 18.6322  0.0381 3.50  760.0  351.90  393.93
2453522.65199 18.5991  0.0350 3.38  562.0  351.90  393.93
2453523.69211 18.6401  0.0371 4.06  526.0  351.90  393.93
2453524.73522 18.5992  0.0437 5.14  503.0  351.90  393.93
2453525.71268 18.5920  0.0322 3.71  477.0  351.90  393.93
2453525.78996 18.6144  0.0419 4.83  534.0  351.90  393.93
2453526.79925 18.6026  0.0373 4.32  517.0  351.90  393.93
2453527.88968 18.8301  0.0716 5.54  805.0  351.90  393.93
2453528.75136 18.5553  0.0363 4.26  545.0  351.90  393.93
2453529.87620 18.5087  0.0357 4.07  621.0  351.90  393.93
2453530.57423 18.7610  0.0467 4.26  667.0  351.90  393.93
2453538.82082 18.4835  0.0427 5.15  644.0  351.90  393.93
2453539.60079 18.4502  0.0432 5.27  660.0  351.90  393.93
2453541.86096 18.5471  0.0423 3.66  981.0  351.90  393.93
2453547.67986 18.5710  0.0529 5.67  686.0  351.90  393.93
2453550.76692 18.4467  0.0288 3.81  526.0  351.90  393.93
2453551.74198 18.3663  0.0278 4.32  470.0  351.90  393.93
2453552.76402 18.4573  0.0405 5.03  612.0  351.90  393.93
2453553.66333 18.4465  0.0407 5.14  581.0  351.90  393.93
2453554.74037 18.5226  0.0404 4.97  557.0  351.90  393.93
2453556.62691 18.4450  0.0348 4.48  562.0  351.90  393.93
2453558.64359 18.4645  0.0323 4.10  496.0  351.90  393.93
2453559.72379 18.3817  0.0329 4.37  548.0  351.90  393.93
2453560.79831 18.4176  0.0321 4.30  500.0  351.90  393.93
2453561.65069 18.3849  0.0279 3.67  493.0  351.90  393.93
2453562.50577 18.3150  0.0285 3.60  681.0  351.90  393.93
2453563.55963 18.3516  0.0306 4.20  547.0  351.90  393.93
2453564.64697 18.3904  0.0348 4.66  561.0  351.90  393.93
2453569.74520 18.4984  0.0466 4.41  900.0  351.90  393.93
2453573.55715 18.1575  0.0385 5.66  843.0  351.90  393.93
2453574.61212 18.2747  0.0353 4.81  692.0  351.90  393.93
2453575.60079 18.2414  0.0274 4.00  644.0  351.90  393.93
2453576.57551 18.2064  0.0272 4.28  565.0  351.90  393.93
2453577.64106 18.2377  0.0303 4.83  542.0  351.90  393.93
2453578.58774 18.2343  0.0256 3.97  450.0  351.90  393.93
2453579.51625 18.2115  0.0238 3.60  505.0  351.90  393.93
2453580.55498 18.1810  0.0284 4.37  608.0  351.90  393.93
2453581.59528 18.2217  0.0302 4.30  601.0  351.90  393.93
2453582.54335 18.1544  0.0276 4.35  592.0  351.90  393.93
2453583.49311 18.2752  0.0327 4.72  619.0  351.90  393.93
2453584.56901 18.1856  0.0238 3.98  471.0  351.90  393.93
2453585.55976 18.2420  0.0265 4.19  500.0  351.90  393.93
2453586.54081 18.1792  0.0285 4.38  597.0  351.90  393.93
2453587.69303 18.2062  0.0387 6.53  514.0  351.90  393.93
2453589.59838 18.1273  0.0201 3.20  490.0  351.90  393.93
2453590.56687 18.1388  0.0252 3.93  567.0  351.90  393.93
2453592.58279 18.0948  0.0203 3.33  494.0  351.90  393.93
2453593.58807 18.1119  0.0228 3.66  534.0  351.90  393.93
2453601.55030 17.9708  0.0236 3.73  857.0  351.90  393.93
2453602.54962 17.9310  0.0298 4.83  831.0  351.90  393.93
2453603.55584 18.0024  0.0285 5.10  624.0  351.90  393.93
2453607.55635 17.9055  0.0216 4.24  551.0  351.90  393.93
2453608.55340 17.8568  0.0321 7.01  614.0  351.90  393.93
2453615.67442 17.8453  0.0287 6.23  596.0  351.90  393.93
2453619.52363 17.7266  0.0211 4.23  773.0  351.90  393.93
2453620.63204 17.7007  0.0178 3.90  534.0  351.90  393.93
2453629.56286 17.5026  0.0205 4.93  854.0  351.90  393.93
2453632.48585 17.4962  0.0256 5.95  917.0  351.90  393.93
2453634.54390 17.3839  0.0154 4.52  602.0  351.90  393.93
2453640.48883 17.3153  0.0201 6.65  580.0  351.90  393.93
2453643.54030 17.1706  0.0192 6.48  758.0  351.90  393.93
2453646.57120 17.0911  0.0178 6.87  714.0  351.90  393.93
2453649.48669 17.0046  0.0168 6.45  789.0  351.90  393.93
2453653.56641 16.8656  0.0175 4.26 2339.0  351.90  393.93
2453658.50271 16.6255  0.0119 5.22  941.0  351.90  393.93
2453661.49855 16.4693  0.0114 5.33 1137.0  351.90  393.93
2453666.50993 16.2061  0.0073 4.05  958.0  351.90  393.93
2453774.87899 18.3877  0.0320 3.48  696.0  351.90  393.93
2453780.85876 18.5880  0.0503 4.40  991.0  351.90  393.93
2453786.84969 18.4389  0.0449 4.74  835.0  351.90  393.93
2453790.85029 18.5165  0.0488 4.07 1087.0  351.90  393.93
2453793.84033 18.6388  0.0433 3.87  801.0  351.90  393.93
2453795.83098 18.6354  0.0472 4.40  781.0  351.90  393.93
2453797.82517 18.6855  0.0413 3.74  742.0  351.90  393.93
2453798.87338 18.5764  0.0361 4.00  573.0  351.90  393.93
2453801.79574 18.7075  0.0469 4.27  657.0  351.90  393.93
2453803.78595 18.5978  0.0388 3.39  822.0  351.90  393.93
2453804.82875 18.6494  0.0487 5.09  547.0  351.90  393.93
2453805.86616 18.7557  0.0457 3.97  629.0  351.90  393.93
2453806.86290 18.6383  0.0413 4.79  536.0  351.90  393.93
2453808.83589 18.6689  0.0422 3.74  758.0  351.90  393.93
2453809.83959 18.6285  0.0404 3.80  786.0  351.90  393.93
2453810.88764 18.7630  0.0501 4.20  810.0  351.90  393.93
2453811.91483 18.6620  0.0600 4.34 1142.0  351.90  393.93
2453813.90046 18.7820  0.0462 3.82  721.0  351.90  393.93
2453814.89802 18.6937  0.0409 3.70  686.0  351.90  393.93
2453818.80792 18.7074  0.0472 4.51  650.0  351.90  393.93
2453819.87157 18.8784  0.0419 3.89  518.0  351.90  393.93
2453820.83529 18.7725  0.0393 3.80  487.0  351.90  393.93
2453821.83949 18.8035  0.0398 3.90  510.0  351.90  393.93
2453822.88985 18.6491  0.0368 3.64  564.0  351.90  393.93
2453823.85382 18.8120  0.0376 3.56  491.0  351.90  393.93
2453824.85145 18.6954  0.0518 5.56  550.0  351.90  393.93
2453825.87330 18.5596  0.0398 4.54  577.0  351.90  393.93
2453826.85115 18.7373  0.0448 4.45  559.0  351.90  393.93
2453827.87409 18.8987  0.0442 4.08  483.0  351.90  393.93
2453828.84954 18.6293  0.0444 5.06  512.0  351.90  393.93
2453829.82778 18.6861  0.0370 3.83  499.0  351.90  393.93
2453830.82304 18.7765  0.0437 3.90  589.0  351.90  393.93
2453832.81184 18.7465  0.0372 3.54  502.0  351.90  393.93
2453832.84793 18.8132  0.0421 3.87  514.0  351.90  393.93
2453833.72303 18.8329  0.0408 3.82  536.0  351.90  393.93
2453834.86032 18.7739  0.0423 3.90  572.0  351.90  393.93
2453835.81079 18.8032  0.0383 3.37  555.0  351.90  393.93
2453836.81565 18.7964  0.0492 4.38  647.0  351.90  393.93
2453837.80571 18.8437  0.0527 4.12  656.0  351.90  393.93
2453838.80987 18.6975  0.0541 5.01  682.0  351.90  393.93
2453839.82199 18.9962  0.0618 4.16  760.0  351.90  393.93
2453840.81297 18.8625  0.0527 3.85  788.0  351.90  393.93
2453841.79115 18.9264  0.0527 3.70  822.0  351.90  393.93
2453845.79244 18.8210  0.0617 5.36  613.0  351.90  393.93
2453846.79640 18.9765  0.0554 4.40  529.0  351.90  393.93
2453847.87679 18.9142  0.0545 4.15  639.0  351.90  393.93
2453848.82018 18.9624  0.0479 3.86  528.0  351.90  393.93
2453849.83175 18.8834  0.0445 3.43  612.0  351.90  393.93
2453850.76620 18.8458  0.0459 3.74  613.0  351.90  393.93
2453851.77608 19.1664  0.0802 5.70  510.0  351.90  393.93
2453852.76465 18.9568  0.0529 4.15  565.0  351.90  393.93
2453853.75733 18.8888  0.0330 3.09  442.0  351.90  393.93
2453856.74623 18.9105  0.0521 3.80  615.0  351.90  393.93
2453858.80639 19.0021  0.0730 6.49  461.0  351.90  393.93
2453859.75473 19.0295  0.0578 4.93  467.0  351.90  393.93
2453859.79577 18.8090  0.0449 4.29  500.0  351.90  393.93
2453860.89658 18.7491  0.0613 5.41  728.0  351.90  393.93
2453861.73847 18.8447  0.0556 5.07  534.0  351.90  393.93
2453862.75573 18.8718  0.0429 3.43  615.0  351.90  393.93
2453863.76744 18.9783  0.0462 3.56  557.0  351.90  393.93
2453864.75664 18.8683  0.0405 3.41  539.0  351.90  393.93
2453865.64751 18.8251  0.0516 4.11  762.0  351.90  393.93
2453866.65163 18.9422  0.0562 3.94  753.0  351.90  393.93
2453867.79495 18.8208  0.0515 3.96  771.0  351.90  393.93
2453868.65068 18.8442  0.0694 4.23 1135.0  351.90  393.93
2453869.80755 18.9684  0.0903 4.71 1391.0  351.90  393.93
2453873.63271 19.0411  0.0558 4.02  601.0  351.90  393.93
2453874.85467 18.9702  0.0619 4.79  635.0  351.90  393.93
2453875.62281 18.9352  0.0453 3.89  489.0  351.90  393.93
2453877.61808 18.9679  0.0468 4.32  459.0  351.90  393.93
2453880.72918 18.9186  0.0451 4.10  475.0  351.90  393.93
2453881.72894 18.9668  0.0484 3.80  574.0  351.90  393.93
2453882.66399 18.9906  0.0495 3.82  515.0  351.90  393.93
2453883.71654 19.0014  0.0487 3.89  509.0  351.90  393.93
2453886.67818 18.9882  0.0457 3.97  481.0  351.90  393.93
2453887.67089 18.9300  0.0436 3.87  470.0  351.90  393.93
2453889.82565 19.0742  0.0678 4.97  631.0  351.90  393.93
2453890.61626 19.0739  0.0643 4.19  679.0  351.90  393.93
2453891.74899 19.2158  0.0762 5.21  526.0  351.90  393.93
2453892.80800 18.9668  0.0591 5.03  573.0  351.90  393.93
2453893.70594 18.9961  0.0802 6.72  513.0  351.90  393.93
2453894.74759 19.0406  0.0606 4.78  532.0  351.90  393.93
2453896.69590 19.0346  0.0712 4.63  804.0  351.90  393.93
2453900.60378 19.0793  0.0681 4.19  785.0  351.90  393.93
2453901.62041 19.2107  0.0846 5.26  631.0  351.90  393.93
2453902.63502 19.0651  0.0529 3.77  577.0  351.90  393.93
2453903.73721 19.1032  0.0652 4.62  583.0  351.90  393.93
2453904.61807 19.1396  0.0516 3.84  509.0  351.90  393.93
2453905.61829 19.0303  0.0432 3.10  504.0  351.90  393.93
2453906.60642 19.1650  0.0669 4.10  582.0  351.90  393.93
2453907.66763 19.1351  0.0784 5.39  574.0  351.90  393.93
2453908.60296 19.0128  0.0469 3.21  664.0  351.90  393.93
2453909.60238 19.0514  0.0502 3.80  523.0  351.90  393.93
2453910.66355 18.8898  0.0505 4.57  486.0  351.90  393.93
2453912.60383 19.0566  0.0414 3.11  528.0  351.90  393.93
2453912.74746 19.0042  0.0409 3.78  406.0  351.90  393.93
2453913.60139 19.0222  0.0419 3.39  457.0  351.90  393.93
2453914.61943 18.9547  0.0501 4.17  552.0  351.90  393.93
2453915.59925 19.1116  0.0552 4.18  494.0  351.90  393.93
2453916.67510 19.1958  0.0598 4.26  528.0  351.90  393.93
2453917.69088 19.2535  0.0744 4.80  584.0  351.90  393.93
2453918.69351 19.1517  0.0572 4.06  516.0  351.90  393.93
2453919.63069 19.1772  0.0754 5.21  530.0  351.90  393.93
2453920.58265 19.2169  0.0673 4.35  509.0  351.90  393.93
2453920.86025 19.0970  0.0594 3.66  781.0  351.90  393.93
2453921.59475 18.9282  0.0822 6.34  694.0  351.90  393.93
2453930.64487 19.2559  0.0849 4.59  714.0  351.90  393.93
2453931.58084 19.0944  0.0820 5.37  673.0  351.90  393.93
2453931.71842 19.2011  0.0728 4.85  577.0  351.90  393.93
2453932.67136 19.1617  0.0720 4.84  611.0  351.90  393.93
2453933.58498 19.0920  0.0506 3.49  559.0  351.90  393.93
2453934.55567 19.1558  0.0542 3.46  584.0  351.90  393.93
2453935.63386 19.3875  0.0781 5.04  447.0  351.90  393.93
2453936.55617 19.1056  0.0592 4.04  562.0  351.90  393.93
2453937.63180 19.2659  0.0761 4.96  548.0  351.90  393.93
2453938.56485 19.1441  0.0757 4.86  618.0  351.90  393.93
2453940.70510 19.1108  0.0516 4.43  433.0  351.90  393.93
2453944.64661 19.1074  0.0628 5.25  479.0  351.90  393.93
2453945.58625 19.1306  0.0683 4.88  607.0  351.90  393.93
2453946.58350 19.1164  0.0807 5.87  565.0  351.90  393.93
2453950.59583 19.0914  0.0607 5.05  509.0  351.90  393.93
2453951.62437 19.1574  0.0785 4.71  784.0  351.90  393.93
2453956.63249 19.1019  0.0932 5.43  889.0  351.90  393.93
2453957.57030 19.2920  0.1229 6.24  946.0  351.90  393.93
2453958.65073 19.0733  0.0763 4.58  766.0  351.90  393.93
2453959.58275 19.0998  0.0742 5.52  573.0  351.90  393.93
2453960.57098 19.1672  0.0570 4.25  487.0  351.90  393.93
2453963.61234 19.1694  0.0590 4.05  509.0  351.90  393.93
2453964.59540 19.3080  0.0687 4.54  477.0  351.90  393.93
2453965.58895 19.2311  0.0615 4.18  487.0  351.90  393.93
2453966.57689 19.2919  0.0712 4.27  550.0  351.90  393.93
2453967.60928 19.1087  0.0683 4.91  538.0  351.90  393.93
2453968.56332 19.2261  0.0799 5.17  586.0  351.90  393.93
2453969.57087 19.1404  0.0574 4.39  490.0  351.90  393.93
2453970.58402 19.2685  0.0870 6.43  431.0  351.90  393.93
2453971.61574 19.2246  0.0884 6.00  505.0  351.90  393.93
2453973.64544 19.0794  0.0624 5.13  459.0  351.90  393.93
2453974.58121 19.4500  0.1164 6.57  515.0  351.90  393.93
2453975.57280 19.0667  0.0548 4.32  513.0  351.90  393.93
2453976.57033 19.2527  0.0649 4.31  516.0  351.90  393.93
2453979.58912 18.9871  0.0874 6.76  575.0  351.90  393.93
2453982.52166 19.9453  0.2031 6.00  751.0  351.90  393.93
2453986.64695 19.2492  0.1079 5.58  800.0  351.90  393.93
2453987.56690 19.2734  0.0744 3.92  721.0  351.90  393.93
2453988.58417 19.3762  0.0588 3.31  538.0  351.90  393.93
2453989.64958 19.1170  0.0911 5.63  726.0  351.90  393.93
2453991.54266 19.1898  0.0745 5.01  553.0  351.90  393.93
2453994.61122 19.3044  0.0905 5.18  573.0  351.90  393.93
2453995.63882 19.3562  0.0752 5.61  354.0  351.90  393.93
2453999.54524 19.1736  0.0823 5.57  550.0  351.90  393.93
2454001.56869 19.5466  0.0966 4.09  655.0  351.90  393.93
2454002.56959 19.2183  0.0612 4.13  517.0  351.90  393.93
2454004.58831 19.3960  0.1312 6.54  634.0  351.90  393.93
2454005.60378 19.3330  0.0767 4.04  622.0  351.90  393.93
2454006.58939 19.0983  0.0578 3.76  592.0  351.90  393.93
2454011.50648 19.2394  0.0941 5.64  655.0  351.90  393.93
2454015.53306 19.3898  0.1308 5.86  821.0  351.90  393.93
2454017.50772 19.3063  0.0804 4.06  628.0  351.90  393.93
2454019.51193 19.3118  0.0928 4.83  671.0  351.90  393.93
2454021.51790 19.0937  0.1013 5.88  861.0  351.90  393.93
2454024.54751 19.3331  0.0958 5.15  660.0  351.90  393.93
2454026.54308 19.1124  0.0687 4.75  628.0  351.90  393.93
2454029.49519 20.4990  0.3836 6.47  785.0  351.90  393.93
2454146.88893 19.5236  0.1500 6.09  924.0  351.90  393.93
2454154.88379 19.4874  0.0961 4.71  675.0  351.90  393.93
2454157.85200 19.5284  0.1051 4.71  770.0  351.90  393.93
2454159.87083 19.4772  0.1166 5.27  748.0  351.90  393.93
2454162.81726 19.4966  0.1506 5.80 1032.0  351.90  393.93
2454164.85797 19.3811  0.0893 3.75  956.0  351.90  393.93
2454166.87381 19.4837  0.1544 5.95 1085.0  351.90  393.93
2454168.91323 19.5851  0.1769 4.21 2000.0  351.90  393.93
2454174.79586 19.6131  0.1425 5.64  872.0  351.90  393.93
2454176.78886 19.3992  0.1001 4.60  765.0  351.90  393.93
2454177.84260 19.3960  0.0864 4.89  590.0  351.90  393.93
2454178.88535 19.5512  0.1039 4.75  652.0  351.90  393.93
2454180.76885 19.6515  0.1522 6.66  630.0  351.90  393.93
2454181.86786 19.5580  0.0908 4.19  622.0  351.90  393.93
2454182.92007 19.2712  0.1017 3.49 1920.0  351.90  393.93
2454184.80277 19.3472  0.0867 5.21  591.0  351.90  393.93
2454187.88505 19.5124  0.1212 6.38  529.0  351.90  393.93
2454190.81387 19.3537  0.0926 4.70  760.0  351.90  393.93
2454191.91400 19.5728  0.1306 5.50  744.0  351.90  393.93
2454192.83259 19.3145  0.1005 5.32  774.0  351.90  393.93
2454193.84352 19.4823  0.1062 4.96  822.0  351.90  393.93
2454194.86516 19.4109  0.0982 4.66  760.0  351.90  393.93
2454196.85362 19.4850  0.1021 4.48  802.0  351.90  393.93
2454202.83493 19.5130  0.0900 4.31  669.0  351.90  393.93
2454203.82307 19.4711  0.0824 4.20  653.0  351.90  393.93
2454204.81852 19.6270  0.0917 3.88  636.0  351.90  393.93
2454205.81360 19.4819  0.0859 4.69  535.0  351.90  393.93
2454207.81570 19.4033  0.0732 3.95  583.0  351.90  393.93
2454208.83920 19.3705  0.0803 4.27  616.0  351.90  393.93
2454213.81440 19.5334  0.0783 3.63  614.0  351.90  393.93
2454215.82065 19.5782  0.0978 4.50  605.0  351.90  393.93
2454216.77842 19.4956  0.1007 5.12  611.0  351.90  393.93
2454217.78623 19.5227  0.0769 3.61  631.0  351.90  393.93
2454218.84117 19.4072  0.1018 5.28  631.0  351.90  393.93
2454219.87131 19.3981  0.0985 4.97  669.0  351.90  393.93
2454220.80830 19.4405  0.0914 4.23  745.0  351.90  393.93
2454222.77411 19.4785  0.1207 4.82  923.0  351.90  393.93
2454224.89053 19.3862  0.1140 4.33 1207.0  351.90  393.93
2454228.77129 19.4270  0.1012 4.55  848.0  351.90  393.93
2454229.75600 19.4530  0.1029 4.82  729.0  351.90  393.93
2454230.73979 19.5560  0.1070 4.79  644.0  351.90  393.93
2454231.74217 19.6802  0.1292 4.80  755.0  351.90  393.93
2454232.75364 19.4699  0.1067 4.82  810.0  351.90  393.93
2454234.64861 19.3762  0.1046 5.01  824.0  351.90  393.93
2454235.71539 19.4786  0.0837 3.74  746.0  351.90  393.93
2454238.76535 19.4924  0.1221 5.60  693.0  351.90  393.93
2454239.74448 19.5469  0.1109 5.18  623.0  351.90  393.93
2454240.88818 19.5327  0.1167 4.71  814.0  351.90  393.93
2454243.78405 19.5070  0.1057 4.76  748.0  351.90  393.93
2454244.75918 19.5430  0.1044 4.47  726.0  351.90  393.93
2454245.74998 19.5215  0.0824 4.33  512.0  351.90  393.93
2454246.80769 19.5663  0.1052 4.41  740.0  351.90  393.93
2454250.83304 19.5453  0.1368 5.02 1033.0  351.90  393.93
2454256.66996 19.4729  0.1203 5.37  755.0  351.90  393.93
2454258.67959 19.3406  0.0925 4.98  694.0  351.90  393.93
2454267.64484 19.5264  0.1118 5.11  719.0  351.90  393.93
2454268.81345 19.4820  0.0922 4.51  691.0  351.90  393.93
2454269.62331 19.5072  0.0780 3.92  570.0  351.90  393.93
2454272.67389 19.5313  0.0863 4.05  629.0  351.90  393.93
2454273.72301 19.3836  0.0897 4.42  768.0  351.90  393.93
2454274.51965 19.4100  0.1383 5.68 1105.0  351.90  393.93
2454275.67445 19.6292  0.1202 4.43  876.0  351.90  393.93
2454277.63187 19.4946  0.1020 4.53  743.0  351.90  393.93
2454278.64781 19.4098  0.1107 5.26  751.0  351.90  393.93
2454283.59311 19.6336  0.1339 4.70  986.0  351.90  393.93
2454284.57711 19.4482  0.1044 3.86  947.0  351.90  393.93
2454285.58047 19.2978  0.1187 5.60 1041.0  351.90  393.93
2454286.58001 19.3594  0.0996 4.70  855.0  351.90  393.93
2454289.61487 19.5548  0.1385 5.89  750.0  351.90  393.93
2454290.64631 19.5172  0.1240 6.46  542.0  351.90  393.93
2454291.70113 19.3890  0.0902 5.07  596.0  351.90  393.93
2454292.56253 19.4743  0.0827 4.34  604.0  351.90  393.93
2454293.56876 19.4893  0.0892 4.82  562.0  351.90  393.93
2454294.56167 19.5505  0.0952 4.15  672.0  351.90  393.93
2454295.58352 19.5012  0.0876 4.54  551.0  351.90  393.93
2454296.57044 19.5971  0.1010 4.86  557.0  351.90  393.93
2454297.63314 19.5034  0.0775 3.83  511.0  351.90  393.93
2454298.60849 19.6274  0.1061 5.06  521.0  351.90  393.93
2454299.57885 19.5327  0.0784 4.05  554.0  351.90  393.93
2454300.47732 19.5897  0.1222 4.88  736.0  351.90  393.93
2454301.65758 19.5714  0.0902 4.04  613.0  351.90  393.93
2454302.63987 19.7498  0.1261 4.88  596.0  351.90  393.93
2454303.77336 19.4033  0.1138 6.60  557.0  351.90  393.93
2454304.60469 19.4917  0.1333 5.69  860.0  351.90  393.93
2454306.60561 19.5719  0.1280 4.83  943.0  351.90  393.93
2454310.70639 19.5926  0.1734 5.18 1380.0  351.90  393.93
2454312.60038 19.5162  0.1053 4.20  974.0  351.90  393.93
2454315.61068 19.3812  0.0885 4.24  745.0  351.90  393.93
2454316.63176 19.6904  0.1227 5.38  583.0  351.90  393.93
2454317.53018 19.5489  0.1033 4.88  619.0  351.90  393.93
2454319.59329 19.5002  0.0941 4.20  689.0  351.90  393.93
2454320.68620 19.4952  0.1062 5.12  586.0  351.90  393.93
2454326.60910 19.5014  0.0881 4.57  584.0  351.90  393.93
2454327.63401 19.4585  0.1127 5.67  630.0  351.90  393.93
2454328.57625 19.5449  0.0867 4.31  599.0  351.90  393.93
2454329.56901 19.5606  0.1199 5.68  606.0  351.90  393.93
2454330.61116 19.3542  0.0864 4.92  611.0  351.90  393.93
2454331.57585 19.4877  0.1063 5.35  599.0  351.90  393.93
2454332.64688 19.4418  0.0859 4.04  712.0  351.90  393.93
2454333.57655 19.7088  0.1385 5.04  784.0  351.90  393.93
2454334.54397 19.3234  0.2190 5.27 3330.0  351.90  393.93
2454338.60700 19.5034  0.1276 4.81 1029.0  351.90  393.93
2454339.57609 19.5063  0.1100 4.57  960.0  351.90  393.93
2454340.67317 19.5306  0.1399 4.57 1262.0  351.90  393.93
2454341.57807 19.6118  0.1501 5.51  965.0  351.90  393.93
2454342.61436 19.4413  0.1027 4.64  799.0  351.90  393.93
2454343.59365 19.4449  0.0893 4.09  803.0  351.90  393.93
2454344.63883 19.5101  0.1231 4.69  950.0  351.90  393.93
2454345.59347 19.5238  0.1056 4.43  781.0  351.90  393.93
2454346.59549 19.5675  0.1255 5.20  771.0  351.90  393.93
2454347.60940 19.3923  0.1050 5.57  649.0  351.90  393.93
2454349.58129 19.5117  0.0850 4.25  567.0  351.90  393.93
2454350.64308 19.5960  0.1055 4.64  659.0  351.90  393.93
2454351.58336 19.4763  0.1115 5.45  651.0  351.90  393.93
2454353.60322 19.4651  0.1222 5.05  920.0  351.90  393.93
2454354.62273 19.6368  0.1207 5.10  679.0  351.90  393.93
2454355.63565 19.6524  0.1467 5.86  740.0  351.90  393.93
2454356.58735 19.4341  0.1137 5.55  692.0  351.90  393.93
2454358.60984 19.4578  0.1362 6.87  670.0  351.90  393.93
2454359.62895 19.4095  0.1192 5.89  762.0  351.90  393.93
2454361.62965 19.6707  0.1985 6.77  948.0  351.90  393.93
2454368.57867 19.4896  0.1380 5.40  987.0  351.90  393.93
2454371.59463 19.7599  0.1647 5.00 1034.0  351.90  393.93
2454373.59125 19.6049  0.1372 4.76  929.0  351.90  393.93
2454378.56716 19.7277  0.1703 5.84  769.0  351.90  393.93
2454381.57038 20.0621  0.3036 6.51 1074.0  351.90  393.93
2454392.51943 19.5229  0.1415 4.37 1342.0  351.90  393.93
2454393.49759 19.5197  0.1224 4.86 1002.0  351.90  393.93
2454394.50571 19.3816  0.1038 4.25  986.0  351.90  393.93
2454397.56906 19.5816  0.1750 4.98 1475.0  351.90  393.93
2454506.85816 19.7188  0.1822 5.56 1093.0  351.90  393.93
2454512.87268 19.5624  0.0926 4.55  610.0  351.90  393.93
2454514.89098 19.6312  0.1130 4.68  705.0  351.90  393.93
2454518.87518 19.6547  0.1639 6.15  821.0  351.90  393.93
2454521.84551 19.5877  0.1235 4.51  920.0  351.90  393.93
2454524.85486 19.8503  0.1492 4.62  851.0  351.90  393.93
2454530.84290 19.5638  0.0893 4.15  661.0  351.90  393.93
2454533.88022 19.7211  0.1231 4.70  678.0  351.90  393.93
2454535.90138 19.5982  0.1211 5.42  658.0  351.90  393.93
2454537.83103 19.6027  0.0948 4.39  568.0  351.90  393.93
2454539.77429 19.6310  0.1357 5.65  729.0  351.90  393.93
2454540.90195 19.4523  0.0835 4.30  637.0  351.90  393.93
2454541.89868 19.5381  0.0870 4.08  622.0  351.90  393.93
2454542.86208 19.3967  0.0940 5.65  618.0  351.90  393.93
2454543.88819 19.5570  0.0923 4.72  535.0  351.90  393.93
2454544.88580 19.5279  0.0877 4.49  560.0  351.90  393.93
2454545.81039 19.6695  0.1302 4.79  813.0  351.90  393.93
2454546.86354 19.3810  0.1253 7.37  772.0  351.90  393.93
2454547.87970 19.5951  0.1126 4.41  833.0  351.90  393.93
2454550.87945 19.4644  0.1008 4.77  765.0  351.90  393.93
2454551.86116 19.3736  0.1445 4.88 1499.0  351.90  393.93
2454552.86578 19.6102  0.1196 4.28  873.0  351.90  393.93
2454556.83371 19.5803  0.0975 4.92  609.0  351.90  393.93
2454557.86003 19.5605  0.0957 4.48  599.0  351.90  393.93
2454558.85650 19.3641  0.0800 4.43  597.0  351.90  393.93
2454559.82415 19.5158  0.1035 5.18  548.0  351.90  393.93
2454560.82443 19.6517  0.0853 3.79  515.0  351.90  393.93
2454561.81335 19.5435  0.0764 4.48  528.0  351.90  393.93
2454564.81766 19.4814  0.0727 4.08  486.0  351.90  393.93
2454565.80660 19.6065  0.0732 3.39  554.0  351.90  393.93
2454566.80861 19.5406  0.0781 4.31  526.0  351.90  393.93
2454567.80900 19.4217  0.0706 3.79  568.0  351.90  393.93
2454568.83137 19.2410  0.0713 4.13  650.0  351.90  393.93
2454569.82524 19.6625  0.1064 4.66  547.0  351.90  393.93
2454570.81590 19.6015  0.1058 5.00  570.0  351.90  393.93
2454571.79960 19.7425  0.1266 5.45  560.0  351.90  393.93
2454572.83751 19.4339  0.0880 4.33  686.0  351.90  393.93
2454573.81317 19.5935  0.0869 3.79  633.0  351.90  393.93
2454574.81530 19.6025  0.1240 5.19  758.0  351.90  393.93
2454575.82409 19.6756  0.1208 4.17  802.0  351.90  393.93
2454583.68390 19.5589  0.1628 6.28  896.0  351.90  393.93
2454585.88830 19.6155  0.1164 4.52  780.0  351.90  393.93
2454586.83620 19.4607  0.0935 4.33  735.0  351.90  393.93
2454587.81681 19.4981  0.0961 4.84  590.0  351.90  393.93
2454588.79984 19.5252  0.0874 4.27  626.0  351.90  393.93
2454589.64197 19.6263  0.1288 5.30  721.0  351.90  393.93
2454590.75011 19.6359  0.1215 5.53  605.0  351.90  393.93
2454591.63429 19.4177  0.1177 5.43  869.0  351.90  393.93
2454592.74322 19.4495  0.0933 3.91  875.0  351.90  393.93
2454593.72850 19.8188  0.1376 4.94  670.0  351.90  393.93
2454594.75707 19.5605  0.1011 4.73  604.0  351.90  393.93
2454595.74480 19.5470  0.1081 5.57  586.0  351.90  393.93
2454596.73400 19.3824  0.0792 4.76  564.0  351.90  393.93
2454597.76521 19.5366  0.1028 4.82  644.0  351.90  393.93
2454598.73461 19.7031  0.0846 3.91  480.0  351.90  393.93
2454599.71037 19.4444  0.0913 5.05  590.0  351.90  393.93
2454600.71952 19.4748  0.0673 4.08  489.0  351.90  393.93
2454601.72416 19.4507  0.0762 4.04  564.0  351.90  393.93
2454602.71829 19.4774  0.0798 3.94  621.0  351.90  393.93
2454603.94173 19.7321  0.1859 5.59 1093.0  351.90  393.93
2454606.73209 19.6149  0.1047 3.68  982.0  351.90  393.93
2454610.82595 19.8874  0.1910 2.99 2613.0  351.90  393.93
2454611.70584 19.6242  0.1279 4.92  763.0  351.90  393.93
2454611.89236 19.5634  0.1300 4.28 1168.0  351.90  393.93
2454615.88246 19.3127  0.1148 5.75  864.0  351.90  393.93
2454616.68784 19.4204  0.0850 4.52  618.0  351.90  393.93
2454617.79961 19.3980  0.1163 5.78  716.0  351.90  393.93
2454618.72863 19.7053  0.1073 4.19  649.0  351.90  393.93
2454622.66994 19.6435  0.1279 5.44  620.0  351.90  393.93
2454623.74978 19.5885  0.1131 4.88  660.0  351.90  393.93
2454624.68522 19.5198  0.1130 5.08  723.0  351.90  393.93
2454625.67029 19.5396  0.1316 6.09  653.0  351.90  393.93
2454626.72035 19.5774  0.1062 5.35  541.0  351.90  393.93
2454627.64345 19.4730  0.0783 4.17  532.0  351.90  393.93
2454628.64373 19.5331  0.1082 5.11  641.0  351.90  393.93
2454629.70892 19.4379  0.0859 4.52  545.0  351.90  393.93
2454630.64575 19.5636  0.1153 4.83  681.0  351.90  393.93
2454631.66726 19.6028  0.0839 3.78  597.0  351.90  393.93
2454632.66511 19.6773  0.1003 4.11  669.0  351.90  393.93
2454633.72416 19.6877  0.1161 3.98  819.0  351.90  393.93
2454639.76964 19.5176  0.1201 4.55  945.0  351.90  393.93
2454640.66962 19.5778  0.1051 4.52  661.0  351.90  393.93
2454641.82616 19.6893  0.1612 5.69  851.0  351.90  393.93
2454642.66801 19.5537  0.1041 4.75  623.0  351.90  393.93
2454643.63402 19.8638  0.1398 5.23  563.0  351.90  393.93
2454644.70110 19.7720  0.1327 5.24  581.0  351.90  393.93
2454645.62372 19.5205  0.0906 4.18  575.0  351.90  393.93
2454646.60437 19.5970  0.0858 3.78  574.0  351.90  393.93
2454647.61475 19.5543  0.0981 4.17  734.0  351.90  393.93
2454649.60889 19.5184  0.0874 4.62  518.0  351.90  393.93
2454650.63722 19.6951  0.1051 4.02  668.0  351.90  393.93
2454651.65216 19.6696  0.1129 4.44  663.0  351.90  393.93
2454652.58126 19.6450  0.1155 4.42  743.0  351.90  393.93
2454653.57520 19.7262  0.1516 5.60  791.0  351.90  393.93
2454654.61430 19.4749  0.0940 4.62  688.0  351.90  393.93
2454655.57858 19.7240  0.1333 4.73  820.0  351.90  393.93
2454656.57692 19.4795  0.0916 4.52  612.0  351.90  393.93
2454658.73900 19.5038  0.1163 5.35  709.0  351.90  393.93
2454660.68852 19.3833  0.0861 4.06  781.0  351.90  393.93
2454661.57112 19.5251  0.0956 3.65  957.0  351.90  393.93
2454661.65597 19.7809  0.1882 3.73 2074.0  351.90  393.93
2454661.68169 19.6255  0.1188 4.06  907.0  351.90  393.93
2454665.73288 19.5966  0.1517 3.98 1654.0  351.90  393.93
2454666.63831 19.6484  0.1213 4.13  920.0  351.90  393.93
2454670.70305 19.5547  0.1010 4.51  660.0  351.90  393.93
2454671.62778 19.4172  0.0767 4.15  572.0  351.90  393.93
2454672.58740 19.4521  0.0858 4.47  577.0  351.90  393.93
2454674.59383 19.6140  0.1363 5.64  691.0  351.90  393.93
2454677.56637 19.4878  0.0989 5.02  613.0  351.90  393.93
2454681.58174 19.8129  0.1192 4.72  556.0  351.90  393.93
2454682.59920 19.4633  0.0931 4.32  632.0  351.90  393.93
2454683.59619 19.5058  0.1228 5.67  696.0  351.90  393.93
2454684.61418 19.5501  0.1056 4.61  657.0  351.90  393.93
2454685.58192 19.3979  0.0943 4.48  693.0  351.90  393.93
2454686.71073 19.4527  0.1109 5.45  611.0  351.90  393.93
2454687.62912 19.8224  0.1403 4.76  688.0  351.90  393.93
2454688.57283 19.6521  0.1773 4.10 1865.0  351.90  393.93
2454694.65056 19.8917  0.2431 6.49 1001.0  351.90  393.93
2454697.57655 19.7561  0.1262 4.70  660.0  351.90  393.93
2454698.60277 19.5725  0.0892 4.01  643.0  351.90  393.93
2454700.59785 19.4739  0.0933 4.42  623.0  351.90  393.93
2454701.58070 19.7241  0.1489 5.59  685.0  351.90  393.93
2454702.59565 19.6274  0.0996 4.44  569.0  351.90  393.93
2454703.66293 19.7132  0.1319 5.59  607.0  351.90  393.93
2454708.59643 19.6659  0.1148 4.91  639.0  351.90  393.93
2454710.63163 19.4197  0.0951 4.77  693.0  351.90  393.93
2454716.66835 19.6035  0.1945 6.24 1132.0  351.90  393.93
2454720.61389 19.8438  0.1919 5.53  956.0  351.90  393.93
2454721.58274 19.7860  0.1932 5.69  938.0  351.90  393.93
2454724.59479 19.6637  0.1644 5.21 1032.0  351.90  393.93
2454726.57401 19.9353  0.2457 6.85  823.0  351.90  393.93
2454731.62359 19.6867  0.1452 5.95  628.0  351.90  393.93
2454738.49947 19.6527  0.1372 5.63  655.0  351.90  393.93
2454740.60366 19.7599  0.1911 6.79  741.0  351.90  393.93
2454748.56838 19.4601  0.1518 5.70  991.0  351.90  393.93
2454754.54391 19.5202  0.1575 5.68 1055.0  351.90  393.93
2454755.52222 19.4541  0.1376 5.76  934.0  351.90  393.93
2454759.51257 19.9663  0.2448 6.48  830.0  351.90  393.93
2454768.51104 19.3689  0.1701 6.73 1050.0  351.90  393.93
2454769.50446 19.7507  0.2434 6.93  993.0  351.90  393.93
2454771.52368 19.1485  0.1553 7.39 1133.0  351.90  393.93
2454772.52954 19.6182  0.2180 5.81 1615.0  351.90  393.93
2454773.51430 19.7171  0.1806 4.64 1489.0  351.90  393.93
2454774.49959 19.4200  0.2188 5.50 2645.0  351.90  393.93
2454778.52664 19.9979  0.3018 6.59 1318.0  351.90  393.93
2454779.52241 19.3560  0.1484 6.30 1250.0  351.90  393.93
2454875.85165 19.4123  0.1315 5.97  912.0  351.90  393.93
2454878.88189 19.9790  0.1605 4.19  954.0  351.90  393.93
2454885.86360 19.6269  0.1233 5.45  692.0  351.90  393.93
2454887.90192 19.4035  0.1416 4.04 2176.0  351.90  393.93
2454892.81098 19.3789  0.1223 5.65  875.0  351.90  393.93
2454897.88971 19.4604  0.1021 5.38  688.0  351.90  393.93
2454900.90748 19.5376  0.1222 4.89  918.0  351.90  393.93
2454903.83228 19.2887  0.0818 4.05  843.0  351.90  393.93
2454904.89049 19.7053  0.1153 4.07  755.0  351.90  393.93
2454906.88200 19.7623  0.1330 4.42  837.0  351.90  393.93
2454910.88853 19.3427  0.0932 3.76 1061.0  351.90  393.93
2454912.87504 19.5268  0.0669 3.52  515.0  351.90  393.93
2454914.85642 19.5658  0.0881 4.48  505.0  351.90  393.93
2454925.78977 19.6564  0.0921 4.18  638.0  351.90  393.93
2454927.84360 19.4191  0.0964 4.61  688.0  351.90  393.93
2454929.81232 19.6567  0.1197 4.80  767.0  351.90  393.93
2454930.84570 19.6279  0.1278 4.45  887.0  351.90  393.93
2454931.78952 19.7345  0.1552 5.09  898.0  351.90  393.93
2454932.74474 19.5172  0.1204 4.95  929.0  351.90  393.93
2454933.79305 19.2943  0.0897 4.37  910.0  351.90  393.93
2454938.76807 19.8026  0.1168 3.80  713.0  351.90  393.93
2454939.79339 19.6264  0.1126 4.78  653.0  351.90  393.93
2454941.74751 19.5949  0.1036 4.46  624.0  351.90  393.93
2454942.78830 19.5724  0.0822 3.97  555.0  351.90  393.93
2454943.78083 19.5737  0.0998 4.61  575.0  351.90  393.93
2454945.86850 19.6088  0.0804 3.73  594.0  351.90  393.93
2454950.79346 19.5333  0.0976 4.20  655.0  351.90  393.93
2454952.82042 19.5922  0.0891 4.18  584.0  351.90  393.93
2454953.78504 19.5417  0.0937 4.17  657.0  351.90  393.93
2454954.74689 20.0348  0.1399 4.02  557.0  351.90  393.93
2454955.74272 19.7842  0.1553 5.58  647.0  351.90  393.93
