2452117.78615 18.0355  0.0338 6.88  444.0  415.10  325.04
2452125.48259 18.2675  0.0611 5.59 1595.0  415.10  325.04
2452129.57183 18.2318  0.0374 4.29  832.0  415.10  325.04
2452132.51655 18.2348  0.0326 4.09  676.0  415.10  325.04
2452135.64268 18.3855  0.0339 3.93  698.0  415.10  325.04
2452140.61200 18.3142  0.0360 4.46  637.0  415.10  325.04
2452143.71814 18.1876  0.0349 4.53  698.0  415.10  325.04
2452158.54388 18.2947  0.0349 4.77  564.0  415.10  325.04
2452167.49928 18.2391  0.0347 4.96  638.0  415.10  325.04
2452172.51489 18.1823  0.0436 5.93  763.0  415.10  325.04
2452175.52681 18.0990  0.0545 4.85 2132.0  415.10  325.04
2452185.54320 18.1883  0.0392 4.80  961.0  415.10  325.04
2452204.53338 17.8448  0.0435 4.86 1671.0  415.10  325.04
2452205.52439 18.2042  0.0590 4.75 2002.0  415.10  325.04
2452329.87707 18.2219  0.0319 3.70  856.0  415.10  325.04
2452346.86951 18.3896  0.0354 3.66  719.0  415.10  325.04
2452352.82386 18.1564  0.0402 5.51  735.0  415.10  325.04
2452361.81817 18.3120  0.0428 4.50  874.0  415.10  325.04
2452371.87889 18.3044  0.0351 4.42  667.0  415.10  325.04
2452381.89746 18.2715  0.0319 4.17  628.0  415.10  325.04
2452385.90720 18.3189  0.0364 4.26  741.0  415.10  325.04
2452389.91815 18.3112  0.0350 4.09  728.0  415.10  325.04
2452391.81175 18.1320  0.0592 6.65 1140.0  415.10  325.04
2452397.86430 18.3048  0.0374 3.93  839.0  415.10  325.04
2452401.72432 18.2587  0.0320 3.93  653.0  415.10  325.04
2452403.78305 18.3206  0.0291 3.56  637.0  415.10  325.04
2452405.74482 18.3119  0.0355 4.74  600.0  415.10  325.04
2452415.81799 18.2602  0.0378 4.57  752.0  415.10  325.04
2452424.69667 18.2890  0.0321 3.73  702.0  415.10  325.04
2452428.66023 18.6451  0.0552 6.18  518.0  415.10  325.04
2452432.71831 18.2141  0.0487 6.18  755.0  415.10  325.04
2452433.91425 18.1875  0.0560 5.78 1300.0  415.10  325.04
2452434.58804 18.2775  0.0418 4.67  846.0  415.10  325.04
2452436.64126 18.3665  0.0371 4.09  737.0  415.10  325.04
2452438.65689 18.3178  0.0332 4.15  593.0  415.10  325.04
2452440.64960 18.3616  0.0378 4.52  638.0  415.10  325.04
2452444.76892 18.2830  0.0410 5.22  704.0  415.10  325.04
2452448.75030 18.3018  0.1027 4.10 7779.0  415.10  325.04
2452453.75610 18.2681  0.0391 4.72  776.0  415.10  325.04
2452455.67086 18.3735  0.0366 4.03  921.0  415.10  325.04
2452456.51731 18.1508  0.0407 6.12  721.0  415.10  325.04
2452458.63192 18.2382  0.0345 5.21  510.0  415.10  325.04
2452462.58606 18.3285  0.0315 4.07  550.0  415.10  325.04
2452464.65517 18.3216  0.0290 3.92  540.0  415.10  325.04
2452467.56170 18.3007  0.0336 4.26  612.0  415.10  325.04
2452469.54900 18.3165  0.0302 3.55  637.0  415.10  325.04
2452471.68396 18.3443  0.0280 3.74  550.0  415.10  325.04
2452473.53703 18.3078  0.0385 4.71  748.0  415.10  325.04
2452483.61763 18.2666  0.0329 3.89  685.0  415.10  325.04
2452486.60073 18.2788  0.0385 5.44  532.0  415.10  325.04
2452490.56772 18.3043  0.0379 5.04  571.0  415.10  325.04
2452493.52590 18.2795  0.0335 3.99  740.0  415.10  325.04
2452495.60206 18.2636  0.0348 4.39  642.0  415.10  325.04
2452497.65643 18.2465  0.0325 3.95  662.0  415.10  325.04
2452499.70433 18.2627  0.0297 4.29  650.0  415.10  325.04
2452501.72223 18.3055  0.0329 3.96  698.0  415.10  325.04
2452508.53909 18.2907  0.0381 4.37  871.0  415.10  325.04
2452511.72005 18.1456  0.0602 6.76 1204.0  415.10  325.04
2452518.63702 18.2585  0.0336 4.64  586.0  415.10  325.04
2452518.64819 18.3318  0.0417 5.18  609.0  415.10  325.04
2452521.65175 18.2899  0.0432 5.48  713.0  415.10  325.04
2452524.49078 18.3398  0.0368 4.37  697.0  415.10  325.04
2452526.48863 18.2277  0.0413 5.44  675.0  415.10  325.04
2452528.51501 18.2651  0.0419 4.77  792.0  415.10  325.04
2452529.61494 18.2865  0.0389 4.38  868.0  415.10  325.04
2452537.55900 18.1868  0.0509 6.49  885.0  415.10  325.04
2452541.52724 18.3202  0.0317 3.38  863.0  415.10  325.04
2452546.59312 18.1380  0.0407 5.29  844.0  415.10  325.04
2452555.60110 18.1858  0.0448 5.61  830.0  415.10  325.04
2452573.52266 18.2039  0.0506 5.04 1380.0  415.10  325.04
2452704.89570 18.3497  0.0329 3.92  628.0  415.10  325.04
2452713.87760 18.2540  0.0337 5.09  514.0  415.10  325.04
2452728.81949 18.3483  0.0388 4.72  642.0  415.10  325.04
2452733.79229 18.2702  0.0413 4.78  862.0  415.10  325.04
2452744.77602 18.3225  0.0304 3.40  744.0  415.10  325.04
2452752.83943 18.2977  0.0451 5.26  843.0  415.10  325.04
2452755.83713 18.3310  0.0393 5.17  671.0  415.10  325.04
2452756.81882 18.2855  0.0374 4.84  669.0  415.10  325.04
2452760.78402 18.2872  0.0386 4.76  807.0  415.10  325.04
2452766.81178 18.2803  0.0325 4.19  603.0  415.10  325.04
2452770.69810 18.3034  0.0368 4.09  842.0  415.10  325.04
2452782.93617 17.9901  0.0472 7.19  886.0  415.10  325.04
2452785.89291 18.3136  0.0455 4.66 1210.0  415.10  325.04
2452786.77900 18.2896  0.0407 4.79  896.0  415.10  325.04
2452790.68945 18.3445  0.0324 3.82  618.0  415.10  325.04
2452793.61223 18.2110  0.0532 7.05  718.0  415.10  325.04
2452795.60479 18.2866  0.0345 4.59  629.0  415.10  325.04
2452797.59288 18.3340  0.0346 3.91  774.0  415.10  325.04
2452802.79996 18.2407  0.0464 5.32  963.0  415.10  325.04
2452808.82672 18.2226  0.0494 5.41 1052.0  415.10  325.04
2452810.74552 18.2612  0.0331 3.89  763.0  415.10  325.04
2452811.80394 18.2408  0.0352 4.45  708.0  415.10  325.04
2452813.60033 18.3498  0.0381 4.79  674.0  415.10  325.04
2452815.72096 18.2869  0.0330 4.24  608.0  415.10  325.04
2452817.67465 18.2917  0.0416 5.32  704.0  415.10  325.04
2452818.73716 18.3478  0.0376 4.70  657.0  415.10  325.04
2452820.60561 18.2446  0.0352 3.93  851.0  415.10  325.04
2452821.62983 18.3575  0.0353 3.95  678.0  415.10  325.04
2452826.59958 18.3073  0.0378 4.52  691.0  415.10  325.04
2452830.70231 18.0827  0.0673 6.12 2263.0  415.10  325.04
2452835.59719 18.1955  0.0597 6.55 1193.0  415.10  325.04
2452837.51262 18.1980  0.0480 5.61  981.0  415.10  325.04
2452839.54605 18.2491  0.0488 6.33  716.0  415.10  325.04
2452840.70345 18.3071  0.0360 4.23  725.0  415.10  325.04
2452842.77892 20.0278  0.2017 5.14  837.0  415.10  325.04
2452843.48257 18.1363  0.0406 5.56  940.0  415.10  325.04
2452844.76380 18.2512  0.0349 4.48  669.0  415.10  325.04
2452849.67784 18.2124  0.0378 5.41  644.0  415.10  325.04
2452851.69899 18.2724  0.0427 5.40  692.0  415.10  325.04
2452853.70086 18.3018  0.0360 4.64  719.0  415.10  325.04
2452856.58506 18.3583  0.0402 4.20  799.0  415.10  325.04
2452858.55121 18.3175  0.0370 4.09  930.0  415.10  325.04
2452860.70225 18.2957  0.0546 3.71 2503.0  415.10  325.04
2452863.62480 18.3866  0.0520 4.92 1158.0  415.10  325.04
2452866.71359 18.2817  0.0465 5.27  838.0  415.10  325.04
2452869.60710 18.3115  0.0339 4.19  646.0  415.10  325.04
2452872.62832 18.3298  0.0281 3.45  574.0  415.10  325.04
2452877.56799 18.1821  0.0347 4.35  643.0  415.10  325.04
2452882.63104 18.2660  0.0287 4.61  514.0  415.10  325.04
2452892.52082 18.2559  0.0417 4.84  862.0  415.10  325.04
2452895.67117 18.3271  0.0389 4.18  969.0  415.10  325.04
2452900.53270 18.1771  0.0451 6.15  758.0  415.10  325.04
2452905.58663 18.2648  0.0470 5.58  818.0  415.10  325.04
2452911.50247 18.1067  0.0408 5.10  749.0  415.10  325.04
2452916.57092 18.2791  0.0413 3.88 1205.0  415.10  325.04
2452929.53117 17.9004  0.0395 5.63  933.0  415.10  325.04
2452937.55635 17.9700  0.0521 6.91 1012.0  415.10  325.04
2453050.84561 18.4033  0.0456 4.27 1140.0  415.10  325.04
2453058.81100 18.3798  0.0407 4.84  854.0  415.10  325.04
2453061.87541 18.2997  0.0380 4.64  718.0  415.10  325.04
2453067.81177 18.2934  0.0338 4.48  678.0  415.10  325.04
2453069.88549 18.3212  0.0287 3.48  596.0  415.10  325.04
2453072.85029 18.3366  0.0309 3.37  753.0  415.10  325.04
2453074.88979 18.3389  0.0320 3.83  640.0  415.10  325.04
2453079.79667 18.3647  0.0384 2.96 1865.0  415.10  325.04
2453081.90070 18.2998  0.0389 4.64  711.0  415.10  325.04
2453084.75632 18.2784  0.0350 4.91  565.0  415.10  325.04
2453086.75118 18.3743  0.0300 3.64  602.0  415.10  325.04
2453087.85467 18.3453  0.0347 4.77  529.0  415.10  325.04
2453089.77207 18.3292  0.0334 4.31  606.0  415.10  325.04
2453091.73405 18.3496  0.0360 4.74  595.0  415.10  325.04
2453096.76103 18.2981  0.0406 5.14  687.0  415.10  325.04
2453098.76544 18.2273  0.0291 3.68  721.0  415.10  325.04
2453100.88168 18.3354  0.0332 4.13  679.0  415.10  325.04
2453102.76091 18.2793  0.0342 3.53  968.0  415.10  325.04
2453103.91412 18.2363  0.0385 4.35  888.0  415.10  325.04
2453107.76086 18.2800  0.0302 4.05  572.0  415.10  325.04
2453108.83098 18.2611  0.0296 3.82  628.0  415.10  325.04
2453109.90063 18.2343  0.0325 4.10  643.0  415.10  325.04
2453110.75017 18.2754  0.0332 3.89  790.0  415.10  325.04
2453111.80767 18.3236  0.0338 4.53  561.0  415.10  325.04
2453113.78687 18.3099  0.0279 3.94  465.0  415.10  325.04
2453114.72516 18.2995  0.0293 3.62  555.0  415.10  325.04
2453115.78710 18.3218  0.0320 4.09  596.0  415.10  325.04
2453118.84373 18.2463  0.0361 4.58  711.0  415.10  325.04
2453122.79411 18.1360  0.0385 5.93  572.0  415.10  325.04
2453125.77156 18.2919  0.0463 6.00  636.0  415.10  325.04
2453126.77823 18.3005  0.0298 3.62  674.0  415.10  325.04
2453127.71148 18.3523  0.0338 3.67  764.0  415.10  325.04
2453128.73108 18.3026  0.0357 3.71  756.0  415.10  325.04
2453129.71391 18.2340  0.0410 4.44 1009.0  415.10  325.04
2453130.88536 18.2662  0.0447 4.41 1225.0  415.10  325.04
2453134.68416 18.2490  0.0576 4.81 1722.0  415.10  325.04
2453137.73042 18.3589  0.0476 6.71  615.0  415.10  325.04
2453138.83792 18.2594  0.0344 4.92  624.0  415.10  325.04
2453139.77374 18.3136  0.0315 4.52  500.0  415.10  325.04
2453140.78590 18.3247  0.0314 4.48  546.0  415.10  325.04
2453142.64455 18.3607  0.0332 4.31  560.0  415.10  325.04
2453142.90066 18.2538  0.0355 4.56  824.0  415.10  325.04
2453144.70812 18.2685  0.0295 4.41  468.0  415.10  325.04
2453146.67077 18.2740  0.0375 5.24  571.0  415.10  325.04
2453151.66497 18.1573  0.0395 5.93  598.0  415.10  325.04
2453152.67012 18.2940  0.0342 4.39  613.0  415.10  325.04
2453152.88306 18.2358  0.0423 5.59  661.0  415.10  325.04
2453153.67302 18.3664  0.0376 4.75  580.0  415.10  325.04
2453154.61574 18.1549  0.0496 7.23  706.0  415.10  325.04
2453156.66421 18.3415  0.0371 4.22  775.0  415.10  325.04
2453158.73848 18.3825  0.0630 4.33 2223.0  415.10  325.04
2453162.71966 18.3100  0.0408 3.65 1276.0  415.10  325.04
2453163.68351 18.3436  0.0335 4.70  594.0  415.10  325.04
2453164.65076 18.3251  0.0309 3.63  566.0  415.10  325.04
2453165.81875 18.3015  0.0269 3.73  657.0  415.10  325.04
2453167.86604 18.2136  0.0368 5.36  584.0  415.10  325.04
2453168.66692 18.2253  0.0367 5.58  483.0  415.10  325.04
2453169.63589 18.3241  0.0302 3.67  592.0  415.10  325.04
2453170.70889 18.2872  0.0337 5.05  526.0  415.10  325.04
2453171.66387 18.2781  0.0293 4.36  501.0  415.10  325.04
2453172.64370 18.3154  0.0298 3.99  513.0  415.10  325.04
2453174.62811 18.3291  0.0270 3.28  621.0  415.10  325.04
2453175.62992 18.3377  0.0301 3.52  693.0  415.10  325.04
2453176.66404 18.2894  0.0385 5.42  495.0  415.10  325.04
2453178.69250 18.2995  0.0380 5.11  671.0  415.10  325.04
2453179.72273 18.2143  0.0306 4.78  512.0  415.10  325.04
2453180.61805 18.3101  0.0234 3.15  488.0  415.10  325.04
2453182.68376 18.3357  0.0329 4.54  481.0  415.10  325.04
2453183.63278 18.3159  0.0363 4.93  551.0  415.10  325.04
2453184.60367 18.3845  0.0281 3.59  495.0  415.10  325.04
2453185.76898 18.3692  0.0397 4.24  711.0  415.10  325.04
2453192.74951 18.3360  0.0428 4.69  914.0  415.10  325.04
2453193.78716 18.2120  0.0369 5.49  539.0  415.10  325.04
2453194.65344 18.0734  0.0433 6.33  719.0  415.10  325.04
2453195.58459 18.3153  0.0307 3.86  608.0  415.10  325.04
2453196.66059 18.2442  0.0357 5.20  581.0  415.10  325.04
2453197.66348 18.3375  0.0368 5.04  538.0  415.10  325.04
2453199.69513 18.2913  0.0300 4.57  431.0  415.10  325.04
2453202.68287 18.3818  0.0366 4.85  528.0  415.10  325.04
2453203.72808 18.2702  0.0281 3.89  489.0  415.10  325.04
2453204.72378 18.2600  0.0278 3.84  507.0  415.10  325.04
2453205.60215 18.3215  0.0253 3.87  402.0  415.10  325.04
2453206.57922 18.3037  0.0263 3.84  448.0  415.10  325.04
2453210.69031 18.2839  0.0336 4.59  542.0  415.10  325.04
2453211.59525 18.2564  0.0338 5.08  502.0  415.10  325.04
2453212.58084 18.1435  0.0433 6.83  625.0  415.10  325.04
2453217.57005 18.3512  0.0402 3.25 1577.0  415.10  325.04
2453218.56928 18.2172  0.0397 4.81  946.0  415.10  325.04
2453223.56554 18.1367  0.0423 6.65  646.0  415.10  325.04
2453224.57441 18.3228  0.0302 3.73  654.0  415.10  325.04
2453226.52953 18.2125  0.0333 5.07  504.0  415.10  325.04
2453228.65870 18.3285  0.0408 5.91  488.0  415.10  325.04
2453229.54263 18.2835  0.0273 3.89  573.0  415.10  325.04
2453230.58148 18.3238  0.0278 3.40  531.0  415.10  325.04
2453231.48244 18.3536  0.0404 4.82  689.0  415.10  325.04
2453238.70716 18.1795  0.0451 6.93  594.0  415.10  325.04
2453240.69104 18.2894  0.0452 6.11  654.0  415.10  325.04
2453241.57538 18.2325  0.0805 6.25 2398.0  415.10  325.04
2453244.67281 18.2127  0.0486 4.67 1520.0  415.10  325.04
2453246.55937 18.1741  0.0425 6.09  692.0  415.10  325.04
2453247.68742 18.2278  0.0448 5.27  919.0  415.10  325.04
2453248.58417 18.1966  0.0387 4.80  669.0  415.10  325.04
2453250.57146 18.3600  0.0380 4.62  672.0  415.10  325.04
2453253.56325 18.3824  0.0338 5.17  441.0  415.10  325.04
2453255.68071 17.9026  0.0358 6.86  586.0  415.10  325.04
2453259.53955 18.0657  0.0375 6.11  584.0  415.10  325.04
2453262.55113 18.2645  0.0370 4.32  743.0  415.10  325.04
2453266.56474 18.1183  0.0438 6.11  694.0  415.10  325.04
2453268.62997 18.3500  0.0408 4.58  738.0  415.10  325.04
2453271.49139 18.0927  0.0861 6.18 3582.0  415.10  325.04
2453274.54421 18.1960  0.0442 5.83  781.0  415.10  325.04
2453278.49459 18.2671  0.0379 4.96  630.0  415.10  325.04
2453280.60083 18.0170  0.0316 5.67  483.0  415.10  325.04
2453287.52722 18.1388  0.0346 5.59  598.0  415.10  325.04
2453292.51598 18.1247  0.0342 5.85  509.0  415.10  325.04
2453414.87953 18.1997  0.0308 4.87  593.0  415.10  325.04
2453419.88690 18.3665  0.0291 3.79  572.0  415.10  325.04
2453424.88383 18.2954  0.0317 3.95  745.0  415.10  325.04
2453427.90292 18.3331  0.0477 4.11 1376.0  415.10  325.04
2453430.86886 18.2424  0.0267 3.68  609.0  415.10  325.04
2453442.80517 18.2942  0.0353 5.10  545.0  415.10  325.04
2453444.85926 18.2877  0.0315 4.71  554.0  415.10  325.04
2453446.88788 18.2290  0.0304 4.54  515.0  415.10  325.04
2453449.77765 18.2867  0.0327 4.83  530.0  415.10  325.04
2453452.80254 18.3776  0.0342 4.13  602.0  415.10  325.04
2453454.85977 18.2438  0.0350 4.54  878.0  415.10  325.04
2453457.81752 18.3225  0.0327 4.09  666.0  415.10  325.04
2453458.78853 18.2889  0.0332 4.24  744.0  415.10  325.04
2453458.83776 18.3462  0.0349 4.19  741.0  415.10  325.04
2453467.84589 18.2356  0.0286 4.66  468.0  415.10  325.04
2453469.75156 18.3844  0.0301 4.06  507.0  415.10  325.04
2453471.84145 18.2472  0.0385 5.88  530.0  415.10  325.04
2453472.90881 18.2602  0.0296 4.28  494.0  415.10  325.04
2453473.74614 18.2702  0.0322 5.03  494.0  415.10  325.04
2453474.92421 18.2648  0.0368 5.11  658.0  415.10  325.04
2453475.76934 18.2957  0.0282 4.42  456.0  415.10  325.04
2453477.85641 18.2100  0.0304 4.35  536.0  415.10  325.04
2453479.80567 18.3241  0.0237 3.52  407.0  415.10  325.04
2453481.70510 18.3981  0.0385 4.88  571.0  415.10  325.04
2453483.86469 18.2741  0.0355 5.00  662.0  415.10  325.04
2453496.82797 18.2864  0.0401 5.39  695.0  415.10  325.04
2453497.70208 18.0884  0.0418 6.79  644.0  415.10  325.04
2453500.76615 18.3915  0.0337 4.49  514.0  415.10  325.04
2453501.75988 18.3245  0.0304 4.18  609.0  415.10  325.04
2453502.79060 18.3344  0.0266 3.43  564.0  415.10  325.04
2453503.75213 18.3396  0.0266 3.81  455.0  415.10  325.04
2453504.76858 18.2394  0.0296 4.88  421.0  415.10  325.04
2453506.90330 18.1629  0.0405 6.16  617.0  415.10  325.04
2453508.85610 18.3391  0.0412 5.49  603.0  415.10  325.04
2453509.80343 18.2939  0.0305 4.45  527.0  415.10  325.04
2453510.81528 18.3282  0.0305 4.15  516.0  415.10  325.04
2453511.76743 18.3079  0.0344 4.59  616.0  415.10  325.04
2453512.63955 18.2352  0.0428 5.38  869.0  415.10  325.04
2453517.92422 18.1950  0.0329 4.02  871.0  415.10  325.04
2453520.63189 18.4349  0.0374 4.28  714.0  415.10  325.04
2453521.73767 18.3117  0.0266 3.26  673.0  415.10  325.04
2453522.64922 18.3149  0.0288 3.80  511.0  415.10  325.04
2453523.68935 18.3396  0.0301 4.27  491.0  415.10  325.04
2453524.73244 18.2857  0.0300 4.63  449.0  415.10  325.04
2453525.70987 18.3531  0.0272 3.83  422.0  415.10  325.04
2453525.78715 18.3059  0.0298 4.46  472.0  415.10  325.04
2453526.79646 18.2467  0.0266 4.25  459.0  415.10  325.04
2453527.88688 18.0284  0.0363 5.51  716.0  415.10  325.04
2453528.74861 18.2917  0.0263 3.72  469.0  415.10  325.04
2453529.87340 18.2984  0.0298 4.18  553.0  415.10  325.04
2453530.57144 18.3636  0.0362 5.08  583.0  415.10  325.04
2453538.81799 18.2257  0.0317 5.11  554.0  415.10  325.04
2453539.59800 18.3190  0.0428 5.97  612.0  415.10  325.04
2453541.85815 18.3436  0.0335 3.37  939.0  415.10  325.04
2453547.67702 18.2449  0.0422 6.06  627.0  415.10  325.04
2453550.76411 18.3265  0.0253 3.99  477.0  415.10  325.04
2453551.73913 18.3054  0.0235 3.93  409.0  415.10  325.04
2453552.76122 18.3521  0.0331 4.56  516.0  415.10  325.04
2453553.66053 18.1829  0.0356 5.82  497.0  415.10  325.04
2453554.73758 18.1765  0.0347 5.53  507.0  415.10  325.04
2453556.62410 18.2894  0.0321 4.82  504.0  415.10  325.04
2453558.64077 18.3184  0.0267 4.00  452.0  415.10  325.04
2453559.72098 18.2643  0.0281 3.99  492.0  415.10  325.04
2453560.79548 18.2556  0.0263 3.94  421.0  415.10  325.04
2453561.64787 18.2869  0.0265 4.07  445.0  415.10  325.04
2453562.50297 18.3803  0.0296 3.79  621.0  415.10  325.04
2453563.55680 18.2931  0.0288 4.28  482.0  415.10  325.04
2453564.64412 18.3591  0.0325 4.56  489.0  415.10  325.04
2453569.74235 18.2607  0.0371 4.36  814.0  415.10  325.04
2453573.55432 18.2303  0.0397 5.60  737.0  415.10  325.04
2453574.60931 18.2633  0.0337 4.61  624.0  415.10  325.04
2453575.59798 18.3303  0.0277 3.56  576.0  415.10  325.04
2453576.57268 18.2992  0.0313 4.63  489.0  415.10  325.04
2453577.63821 18.2536  0.0282 4.54  444.0  415.10  325.04
2453578.58491 18.3409  0.0276 4.15  396.0  415.10  325.04
2453579.51339 18.2958  0.0266 4.14  441.0  415.10  325.04
2453580.55218 18.3340  0.0309 4.30  520.0  415.10  325.04
2453581.59240 18.2308  0.0296 4.40  536.0  415.10  325.04
2453582.54052 18.2761  0.0317 4.46  519.0  415.10  325.04
2453583.49027 18.2879  0.0366 5.55  542.0  415.10  325.04
2453584.56617 18.3034  0.0292 4.78  423.0  415.10  325.04
2453585.55692 18.3015  0.0277 4.15  454.0  415.10  325.04
2453586.53801 18.2555  0.0280 3.78  519.0  415.10  325.04
2453587.69024 18.1899  0.0344 5.86  445.0  415.10  325.04
2453588.62426 18.4449  0.0314 4.45  460.0  415.10  325.04
2453589.59551 18.2925  0.0211 3.28  428.0  415.10  325.04
2453590.56399 18.2835  0.0285 4.26  498.0  415.10  325.04
2453592.57996 18.2797  0.0235 3.62  439.0  415.10  325.04
2453593.58522 18.3272  0.0284 3.98  477.0  415.10  325.04
2453601.54188 18.3571  0.0297 3.15  774.0  415.10  325.04
2453602.54677 18.3144  0.0402 4.59  729.0  415.10  325.04
2453603.55299 18.2927  0.0329 4.55  541.0  415.10  325.04
2453607.55350 18.3161  0.0286 4.23  486.0  415.10  325.04
2453608.55057 18.2349  0.0374 5.65  529.0  415.10  325.04
2453615.67158 18.1308  0.0332 5.68  501.0  415.10  325.04
2453619.52078 18.2694  0.0306 3.95  698.0  415.10  325.04
2453620.62918 18.1994  0.0271 4.42  470.0  415.10  325.04
2453629.56000 18.3426  0.0404 4.84  749.0  415.10  325.04
2453632.48299 18.2553  0.0452 5.47  813.0  415.10  325.04
2453634.54102 18.3006  0.0286 4.07  522.0  415.10  325.04
2453640.48594 17.9422  0.0335 5.99  540.0  415.10  325.04
2453643.53742 18.1627  0.0417 6.26  663.0  415.10  325.04
2453646.56834 18.2245  0.0493 7.22  639.0  415.10  325.04
2453649.48377 18.1182  0.0471 6.42  885.0  415.10  325.04
2453653.56356 18.2070  0.0522 4.35 1897.0  415.10  325.04
2453658.49985 17.9679  0.0372 5.25  881.0  415.10  325.04
2453661.49569 17.9596  0.0418 5.14 1117.0  415.10  325.04
2453666.50707 18.2728  0.0361 3.93  907.0  415.10  325.04
2453774.87624 18.3656  0.0306 3.53  653.0  415.10  325.04
2453780.85601 18.3071  0.0414 4.53  969.0  415.10  325.04
2453786.84697 18.2520  0.0433 5.23  840.0  415.10  325.04
2453790.84753 18.3467  0.0470 4.55 1147.0  415.10  325.04
2453793.83755 18.4009  0.0371 4.10  788.0  415.10  325.04
2453795.82825 18.3665  0.0401 4.77  758.0  415.10  325.04
2453797.82242 18.3061  0.0327 3.93  723.0  415.10  325.04
2453798.87066 18.3819  0.0307 3.82  570.0  415.10  325.04
2453801.79301 18.4153  0.0389 4.36  655.0  415.10  325.04
2453803.78323 18.2665  0.0335 4.02  825.0  415.10  325.04
2453804.82600 18.1925  0.0367 5.77  525.0  415.10  325.04
2453805.86341 18.3129  0.0311 3.86  617.0  415.10  325.04
2453806.86011 18.2771  0.0318 4.60  540.0  415.10  325.04
2453808.83312 18.4447  0.0377 4.00  764.0  415.10  325.04
2453809.83685 18.2855  0.0309 3.73  790.0  415.10  325.04
2453810.88491 18.3746  0.0360 4.01  803.0  415.10  325.04
2453811.91207 18.2141  0.0352 4.54  836.0  415.10  325.04
2453813.89771 18.2978  0.0321 3.98  713.0  415.10  325.04
2453814.89531 18.2982  0.0303 3.54  683.0  415.10  325.04
2453818.80518 18.3187  0.0356 4.68  633.0  415.10  325.04
2453819.86885 18.2631  0.0250 3.61  512.0  415.10  325.04
2453820.83254 18.2991  0.0265 3.57  472.0  415.10  325.04
2453821.83677 18.3035  0.0265 3.98  497.0  415.10  325.04
2453822.88710 18.3337  0.0292 3.73  557.0  415.10  325.04
2453823.85110 18.3348  0.0276 4.20  481.0  415.10  325.04
2453824.84869 18.3179  0.0380 5.53  549.0  415.10  325.04
2453825.87056 18.2803  0.0291 4.10  562.0  415.10  325.04
2453826.84840 18.2920  0.0314 4.57  537.0  415.10  325.04
2453827.87136 18.2980  0.0264 3.97  467.0  415.10  325.04
2453828.84677 18.2794  0.0352 5.32  497.0  415.10  325.04
2453829.82503 18.3340  0.0301 3.96  498.0  415.10  325.04
2453830.81748 18.2764  0.0268 3.70  564.0  415.10  325.04
2453832.80901 18.3537  0.0274 3.75  488.0  415.10  325.04
2453832.84517 18.3609  0.0304 4.25  517.0  415.10  325.04
2453833.72028 18.2821  0.0267 4.01  526.0  415.10  325.04
2453834.85756 18.3199  0.0258 3.34  541.0  415.10  325.04
2453835.80803 18.2603  0.0237 3.28  533.0  415.10  325.04
2453836.81290 18.2782  0.0359 4.81  638.0  415.10  325.04
2453837.80296 18.2697  0.0331 4.35  643.0  415.10  325.04
2453838.80712 18.2722  0.0370 4.77  664.0  415.10  325.04
2453839.81554 18.4291  0.0428 4.54  764.0  415.10  325.04
2453840.81021 18.3477  0.0365 4.12  766.0  415.10  325.04
2453841.78838 18.2871  0.0333 3.89  818.0  415.10  325.04
2453845.78927 18.2242  0.0369 5.23  601.0  415.10  325.04
2453846.79367 18.2977  0.0322 4.26  530.0  415.10  325.04
2453847.87359 18.2990  0.0340 4.56  625.0  415.10  325.04
2453848.81743 18.3460  0.0315 4.36  525.0  415.10  325.04
2453849.82900 18.3282  0.0301 3.82  597.0  415.10  325.04
2453850.76346 18.3352  0.0303 3.81  598.0  415.10  325.04
2453851.77334 18.1034  0.0360 6.16  507.0  415.10  325.04
2453852.76190 18.3233  0.0343 4.68  562.0  415.10  325.04
2453853.75460 18.3757  0.0227 3.09  433.0  415.10  325.04
2453856.74349 18.3125  0.0304 3.64  600.0  415.10  325.04
2453858.80363 18.1824  0.0357 6.33  450.0  415.10  325.04
2453859.74886 18.3597  0.0400 6.99  460.0  415.10  325.04
2453860.89383 18.2040  0.0362 4.96  698.0  415.10  325.04
2453861.73569 18.2032  0.0322 4.87  529.0  415.10  325.04
2453862.75297 18.2849  0.0260 3.40  593.0  415.10  325.04
2453863.76470 18.2610  0.0261 3.68  552.0  415.10  325.04
2453864.75385 18.3530  0.0268 3.39  530.0  415.10  325.04
2453865.64305 18.2732  0.0316 4.18  760.0  415.10  325.04
2453866.64887 18.1897  0.0337 4.72  752.0  415.10  325.04
2453867.79216 18.3769  0.0380 4.10  860.0  415.10  325.04
2453868.64351 18.2577  0.0403 4.04 1157.0  415.10  325.04
2453869.80478 18.3070  0.0443 4.48 1087.0  415.10  325.04
2453873.62993 18.2845  0.0328 4.22  672.0  415.10  325.04
2453874.85191 18.2066  0.0318 4.68  617.0  415.10  325.04
2453875.62004 18.3274  0.0288 4.24  481.0  415.10  325.04
2453877.61461 18.4118  0.0299 4.48  442.0  415.10  325.04
2453877.65331 18.2572  0.0278 4.41  446.0  415.10  325.04
2453880.72643 18.2933  0.0291 4.39  460.0  415.10  325.04
2453881.72620 18.3751  0.0290 3.57  572.0  415.10  325.04
2453882.66119 18.2630  0.0278 3.85  498.0  415.10  325.04
2453883.71377 18.3272  0.0282 3.93  504.0  415.10  325.04
2453886.67541 18.2949  0.0246 3.66  456.0  415.10  325.04
2453887.66812 18.3506  0.0321 4.46  455.0  415.10  325.04
2453889.82285 18.2716  0.0348 4.97  612.0  415.10  325.04
2453890.61348 18.3918  0.0367 4.19  660.0  415.10  325.04
2453891.74624 18.1406  0.0338 5.78  510.0  415.10  325.04
2453892.80519 18.2649  0.0343 5.11  554.0  415.10  325.04
2453893.70316 18.0555  0.0367 6.63  497.0  415.10  325.04
2453894.74479 18.2818  0.0326 4.70  508.0  415.10  325.04
2453896.69315 18.3652  0.0414 4.60  802.0  415.10  325.04
2453900.60099 18.2679  0.0348 3.79  963.0  415.10  325.04
2453901.61763 18.2167  0.0339 4.74  625.0  415.10  325.04
2453902.63222 18.2597  0.0275 4.02  580.0  415.10  325.04
2453903.73441 18.2471  0.0303 4.07  590.0  415.10  325.04
2453904.61525 18.3342  0.0281 4.01  486.0  415.10  325.04
2453905.61551 18.3537  0.0244 3.07  492.0  415.10  325.04
2453906.60363 18.2988  0.0326 4.45  570.0  415.10  325.04
2453907.66485 18.3050  0.0374 5.01  563.0  415.10  325.04
2453908.59354 18.3529  0.0273 3.11  640.0  415.10  325.04
2453909.59955 18.3031  0.0268 3.51  530.0  415.10  325.04
2453910.66075 18.2938  0.0296 4.27  469.0  415.10  325.04
2453912.60106 18.4074  0.0244 3.05  521.0  415.10  325.04
2453913.59858 18.2687  0.0228 3.61  458.0  415.10  325.04
2453914.61661 18.2213  0.0288 4.43  529.0  415.10  325.04
2453915.59641 18.2582  0.0287 4.33  484.0  415.10  325.04
2453916.64769 18.2190  0.0325 4.95  566.0  415.10  325.04
2453917.68807 18.3159  0.0332 4.45  582.0  415.10  325.04
2453918.69070 18.2570  0.0270 3.91  505.0  415.10  325.04
2453919.62788 18.2955  0.0320 4.80  501.0  415.10  325.04
2453920.57986 18.2931  0.0312 4.23  499.0  415.10  325.04
2453920.85746 18.2714  0.0313 3.92  748.0  415.10  325.04
2453921.59193 18.0485  0.0396 6.26  678.0  415.10  325.04
2453930.64203 18.2351  0.0330 3.73  791.0  415.10  325.04
2453931.57804 18.2856  0.0392 4.87  659.0  415.10  325.04
2453931.71560 18.2296  0.0317 4.99  545.0  415.10  325.04
2453932.66852 18.2829  0.0288 4.02  583.0  415.10  325.04
2453933.58214 18.2881  0.0275 3.79  548.0  415.10  325.04
2453934.55285 18.2860  0.0287 3.96  598.0  415.10  325.04
2453935.63103 18.4319  0.0322 4.51  430.0  415.10  325.04
2453936.55335 18.3045  0.0312 4.23  561.0  415.10  325.04
2453937.62896 18.2900  0.0308 4.08  544.0  415.10  325.04
2453938.56202 18.2688  0.0367 5.23  602.0  415.10  325.04
2453940.70225 18.2887  0.0276 4.28  430.0  415.10  325.04
2453944.64376 18.1964  0.0251 4.45  455.0  415.10  325.04
2453945.58344 18.3027  0.0338 4.40  595.0  415.10  325.04
2453946.58066 18.2172  0.0343 5.15  531.0  415.10  325.04
2453950.59303 18.3206  0.0306 4.43  498.0  415.10  325.04
2453951.61942 18.3740  0.0448 4.60  979.0  415.10  325.04
2453956.62968 18.2161  0.0391 4.81  845.0  415.10  325.04
2453957.56749 18.2706  0.0391 5.28  707.0  415.10  325.04
2453958.64792 18.2862  0.0360 3.91  759.0  415.10  325.04
2453959.57998 18.2724  0.0363 5.31  564.0  415.10  325.04
2453960.56819 18.2962  0.0259 3.93  461.0  415.10  325.04
2453963.60956 18.2768  0.0307 4.44  486.0  415.10  325.04
2453964.59259 18.3081  0.0293 4.22  450.0  415.10  325.04
2453965.58614 18.3043  0.0269 3.87  461.0  415.10  325.04
2453966.57407 18.2647  0.0294 3.83  533.0  415.10  325.04
2453967.60649 18.1601  0.0302 4.50  514.0  415.10  325.04
2453968.56057 18.1933  0.0355 5.51  538.0  415.10  325.04
2453969.56807 18.3052  0.0287 4.26  462.0  415.10  325.04
2453970.58123 18.0754  0.0306 5.64  414.0  415.10  325.04
2453971.49704 18.0411  0.0370 6.37  525.0  415.10  325.04
2453971.53951 18.0286  0.0317 5.64  481.0  415.10  325.04
2453971.61293 18.1014  0.0283 4.16  477.0  415.10  325.04
2453971.68852 18.2067  0.0302 4.67  469.0  415.10  325.04
2453973.64262 18.2762  0.0327 5.34  427.0  415.10  325.04
2453974.57506 18.1401  0.0369 6.21  484.0  415.10  325.04
2453975.56998 18.2529  0.0276 4.32  486.0  415.10  325.04
2453976.56754 18.2436  0.0293 4.42  502.0  415.10  325.04
2453979.58632 17.9990  0.0347 6.08  560.0  415.10  325.04
2453982.51884 18.1193  0.0383 5.34  707.0  415.10  325.04
2453986.64414 18.2509  0.0437 5.24  773.0  415.10  325.04
2453987.56410 18.3363  0.0331 3.80  691.0  415.10  325.04
2453988.58136 18.2657  0.0248 3.43  557.0  415.10  325.04
2453989.64675 18.1781  0.0443 6.17  693.0  415.10  325.04
2453991.53985 18.1690  0.0329 5.44  534.0  415.10  325.04
2453994.60840 18.1344  0.0357 5.64  572.0  415.10  325.04
2453995.63602 18.2251  0.0251 4.66  341.0  415.10  325.04
2453999.54244 18.0934  0.0330 5.63  520.0  415.10  325.04
2454001.56590 18.2786  0.0305 3.49  632.0  415.10  325.04
2454002.56680 18.3314  0.0292 3.88  488.0  415.10  325.04
2454004.58549 18.0362  0.0371 6.06  602.0  415.10  325.04
2454005.60096 18.3800  0.0346 4.07  590.0  415.10  325.04
2454006.58659 18.1652  0.0258 3.51  568.0  415.10  325.04
2454011.50369 18.1902  0.0402 5.86  624.0  415.10  325.04
2454015.53025 18.1678  0.0413 5.21  786.0  415.10  325.04
2454017.50491 18.1824  0.0305 4.00  609.0  415.10  325.04
2454019.50912 18.0994  0.0323 4.71  631.0  415.10  325.04
2454021.51508 18.1221  0.0425 5.64  830.0  415.10  325.04
2454024.54472 18.2962  0.0358 4.68  628.0  415.10  325.04
2454026.54026 18.2964  0.0341 4.76  591.0  415.10  325.04
2454028.55631 18.2586  0.0367 4.51  707.0  415.10  325.04
2454146.88621 18.2362  0.0492 6.27  783.0  415.10  325.04
2454154.88107 18.2901  0.0342 4.47  643.0  415.10  325.04
2454157.84930 18.3974  0.0405 4.99  767.0  415.10  325.04
2454159.86813 18.2473  0.0393 4.73  760.0  415.10  325.04
2454162.81456 18.2899  0.0491 5.46 1010.0  415.10  325.04
2454164.85527 18.3238  0.0343 3.36  924.0  415.10  325.04
2454166.87112 18.1942  0.0504 5.63 1071.0  415.10  325.04
2454168.90714 18.3621  0.0417 3.62 1079.0  415.10  325.04
2454174.79318 18.2819  0.0426 5.16  812.0  415.10  325.04
2454176.78616 18.3096  0.0350 3.83  731.0  415.10  325.04
2454177.83571 18.2503  0.0339 4.80  561.0  415.10  325.04
2454178.88268 18.3396  0.0390 4.61  660.0  415.10  325.04
2454180.76614 18.2809  0.0468 6.55  606.0  415.10  325.04
2454181.86517 18.3309  0.0322 3.96  611.0  415.10  325.04
2454182.91739 18.3345  0.0357 3.22 1182.0  415.10  325.04
2454184.80006 18.3707  0.0380 4.80  572.0  415.10  325.04
2454185.92101 18.3691  0.0474 4.32 1230.0  415.10  325.04
2454190.81119 18.3241  0.0378 4.29  747.0  415.10  325.04
2454191.91133 18.2450  0.0396 5.11  701.0  415.10  325.04
2454192.82991 18.3241  0.0422 4.93  760.0  415.10  325.04
2454193.84086 18.2522  0.0372 4.47  806.0  415.10  325.04
2454194.86247 18.3416  0.0361 4.17  720.0  415.10  325.04
2454196.85092 18.3135  0.0385 4.34  796.0  415.10  325.04
2454202.83223 18.3047  0.0323 4.11  640.0  415.10  325.04
2454203.82039 18.3339  0.0325 3.83  632.0  415.10  325.04
2454204.81584 18.3380  0.0311 3.62  614.0  415.10  325.04
2454205.81091 18.3025  0.0327 4.45  520.0  415.10  325.04
2454207.81298 18.2857  0.0292 3.68  586.0  415.10  325.04
2454208.83652 18.2980  0.0335 4.33  624.0  415.10  325.04
2454213.81170 18.3364  0.0315 3.70  602.0  415.10  325.04
2454215.81797 18.3142  0.0346 4.47  584.0  415.10  325.04
2454216.77572 18.3681  0.0414 5.21  599.0  415.10  325.04
2454217.78352 18.3366  0.0281 3.34  618.0  415.10  325.04
2454218.83846 18.1576  0.0426 6.13  611.0  415.10  325.04
2454219.86560 18.3165  0.0396 4.83  671.0  415.10  325.04
2454220.80559 18.2991  0.0335 3.81  741.0  415.10  325.04
2454222.77140 18.2697  0.0427 4.70  929.0  415.10  325.04
2454224.88784 18.3448  0.0465 4.34 1208.0  415.10  325.04
2454228.76861 18.2611  0.0586 4.67 2030.0  415.10  325.04
2454229.75327 18.2887  0.0384 4.71  720.0  415.10  325.04
2454230.73708 18.3514  0.0405 4.91  630.0  415.10  325.04
2454231.73945 18.3526  0.0377 4.43  728.0  415.10  325.04
2454232.62611 18.3414  0.0525 5.94  902.0  415.10  325.04
2454232.75094 18.3907  0.0427 4.59  825.0  415.10  325.04
2454234.64470 18.2088  0.0379 5.40  777.0  415.10  325.04
2454235.71268 18.3646  0.0343 3.77  741.0  415.10  325.04
2454238.76262 18.2711  0.0395 5.38  666.0  415.10  325.04
2454239.74176 18.2592  0.0357 4.84  631.0  415.10  325.04
2454240.88252 18.2599  0.0409 5.05  805.0  415.10  325.04
2454243.78133 18.2207  0.0391 5.15  746.0  415.10  325.04
2454244.75646 18.2938  0.0365 4.47  711.0  415.10  325.04
2454245.74726 18.3086  0.0291 3.96  508.0  415.10  325.04
2454246.80493 18.2533  0.0339 4.30  716.0  415.10  325.04
2454250.83034 18.2993  0.0423 4.61 1014.0  415.10  325.04
2454256.66724 18.2626  0.0507 6.25  774.0  415.10  325.04
2454258.67698 18.3431  0.0396 4.89  672.0  415.10  325.04
2454267.64224 18.2886  0.0337 4.24  684.0  415.10  325.04
2454268.81085 18.3163  0.0352 4.50  662.0  415.10  325.04
2454269.62071 18.3086  0.0310 3.90  556.0  415.10  325.04
2454272.67127 18.3235  0.0293 3.54  604.0  415.10  325.04
2454273.72040 18.2693  0.0385 4.74  751.0  415.10  325.04
2454274.51703 18.3362  0.0570 5.91 1137.0  415.10  325.04
2454275.67184 18.3475  0.0417 4.40  847.0  415.10  325.04
2454277.62925 18.3119  0.0361 4.24  726.0  415.10  325.04
2454278.64520 18.2756  0.0463 5.57  741.0  415.10  325.04
2454283.59049 18.2622  0.0410 4.72 1011.0  415.10  325.04
2454284.57449 18.3043  0.0432 4.13 1008.0  415.10  325.04
2454285.57785 18.2456  0.0454 4.90  986.0  415.10  325.04
2454286.57739 18.3367  0.0390 4.31  902.0  415.10  325.04
2454289.61223 18.2606  0.0470 5.97  717.0  415.10  325.04
2454290.63480 18.2458  0.0395 5.62  525.0  415.10  325.04
2454291.69849 18.3484  0.0355 4.27  572.0  415.10  325.04
2454292.55989 18.3736  0.0306 3.54  594.0  415.10  325.04
2454293.56611 18.4423  0.0336 3.95  565.0  415.10  325.04
2454294.55905 18.3696  0.0359 4.17  666.0  415.10  325.04
2454295.58090 18.3272  0.0338 4.32  531.0  415.10  325.04
2454296.56781 18.3198  0.0328 4.46  536.0  415.10  325.04
2454297.62991 18.2864  0.0296 4.04  500.0  415.10  325.04
2454298.60583 18.2900  0.0336 4.62  513.0  415.10  325.04
2454299.57620 18.3230  0.0326 4.20  551.0  415.10  325.04
2454300.47466 18.3547  0.0428 4.52  731.0  415.10  325.04
2454301.65494 18.3229  0.0330 4.50  618.0  415.10  325.04
2454302.63724 18.2639  0.0379 5.31  594.0  415.10  325.04
2454303.76862 18.1295  0.0381 6.12  531.0  415.10  325.04
2454304.60205 18.2983  0.0494 5.47  886.0  415.10  325.04
2454306.60296 18.2642  0.0472 5.05 1080.0  415.10  325.04
2454310.70372 18.2538  0.0542 5.25 1391.0  415.10  325.04
2454312.59772 18.3218  0.0371 4.38  962.0  415.10  325.04
2454315.60801 18.3209  0.0400 4.80  714.0  415.10  325.04
2454316.62911 18.2133  0.0366 5.49  543.0  415.10  325.04
2454317.52752 18.3137  0.0382 4.92  601.0  415.10  325.04
2454319.59064 18.3145  0.0357 4.27  642.0  415.10  325.04
2454320.68355 18.1739  0.0356 5.00  553.0  415.10  325.04
2454326.60645 18.3292  0.0323 4.13  560.0  415.10  325.04
2454327.63123 18.1705  0.0393 5.66  587.0  415.10  325.04
2454328.57345 18.3050  0.0286 3.73  559.0  415.10  325.04
2454329.56634 18.2009  0.0374 5.46  572.0  415.10  325.04
2454330.60838 18.2240  0.0323 4.47  595.0  415.10  325.04
2454331.57306 18.2216  0.0385 5.35  578.0  415.10  325.04
2454332.64408 18.2019  0.0340 4.61  695.0  415.10  325.04
2454333.57375 18.2873  0.0418 5.13  754.0  415.10  325.04
2454334.54118 18.4372  0.0919 5.54 2604.0  415.10  325.04
2454338.60418 18.2812  0.0456 4.96  963.0  415.10  325.04
2454339.57329 18.3320  0.0409 4.62  914.0  415.10  325.04
2454340.67036 18.2660  0.0484 4.92 1213.0  415.10  325.04
2454341.57528 18.1946  0.0432 5.00  895.0  415.10  325.04
2454342.61159 18.2122  0.0359 4.43  752.0  415.10  325.04
2454343.59083 18.3409  0.0340 4.06  750.0  415.10  325.04
2454344.63601 18.2472  0.0414 4.75  898.0  415.10  325.04
2454345.59067 18.2976  0.0370 4.54  735.0  415.10  325.04
2454346.59272 18.1971  0.0379 4.86  747.0  415.10  325.04
2454347.60660 18.2715  0.0381 5.14  607.0  415.10  325.04
2454349.57848 18.3043  0.0305 3.92  539.0  415.10  325.04
2454350.64028 18.2968  0.0356 4.55  618.0  415.10  325.04
2454351.58056 18.1385  0.0382 5.70  622.0  415.10  325.04
2454353.60042 18.3201  0.0460 5.14  891.0  415.10  325.04
2454354.61993 18.2605  0.0480 5.77  904.0  415.10  325.04
2454355.63287 18.2794  0.0409 5.48  690.0  415.10  325.04
2454356.58452 18.2712  0.0420 5.58  658.0  415.10  325.04
2454358.60703 18.2004  0.0425 6.40  616.0  415.10  325.04
2454359.62616 18.3097  0.0480 6.14  705.0  415.10  325.04
2454361.62684 18.0452  0.0485 6.88  899.0  415.10  325.04
2454362.62065 18.1836  0.0630 6.39 1480.0  415.10  325.04
2454368.57584 18.1168  0.0478 5.95  975.0  415.10  325.04
2454371.59186 18.1951  0.0431 5.40  988.0  415.10  325.04
2454373.58237 18.2663  0.0409 4.75  858.0  415.10  325.04
2454378.56437 17.7927  0.0344 6.16  737.0  415.10  325.04
2454381.56758 18.0340  0.0455 5.97 1030.0  415.10  325.04
2454396.57704 18.2119  0.0624 6.25 1439.0  415.10  325.04
2454506.85560 18.3379  0.0509 5.62 1065.0  415.10  325.04
2454512.86998 18.4291  0.0319 3.88  575.0  415.10  325.04
2454514.88827 18.3967  0.0374 4.39  665.0  415.10  325.04
2454518.87251 18.2700  0.0502 6.07  814.0  415.10  325.04
2454521.84283 18.2763  0.0390 4.32  932.0  415.10  325.04
2454524.85217 18.2500  0.0378 4.48  867.0  415.10  325.04
2454530.84022 18.3124  0.0286 3.48  656.0  415.10  325.04
2454533.87601 18.3213  0.0375 4.77  638.0  415.10  325.04
2454535.89870 18.1988  0.0410 5.89  636.0  415.10  325.04
2454537.82833 18.3440  0.0286 3.52  563.0  415.10  325.04
2454539.77161 18.3363  0.0485 5.86  715.0  415.10  325.04
2454540.89877 18.3420  0.0342 4.47  594.0  415.10  325.04
2454541.89600 18.3529  0.0292 3.62  589.0  415.10  325.04
2454542.85942 18.3795  0.0401 5.76  610.0  415.10  325.04
2454543.88550 18.3235  0.0327 4.67  532.0  415.10  325.04
2454544.88311 18.3745  0.0330 4.58  546.0  415.10  325.04
2454545.80772 18.3137  0.0364 4.21  814.0  415.10  325.04
2454546.86085 18.2339  0.0422 7.20  780.0  415.10  325.04
2454547.87700 18.2834  0.0374 4.54  823.0  415.10  325.04
2454550.87677 18.3432  0.0366 4.13  773.0  415.10  325.04
2454551.85848 18.2814  0.0466 4.57 1184.0  415.10  325.04
2454552.86311 18.3029  0.0506 4.21 1679.0  415.10  325.04
2454556.83103 18.3136  0.0309 3.97  582.0  415.10  325.04
2454557.85736 18.3006  0.0322 4.37  592.0  415.10  325.04
2454558.85381 18.3231  0.0323 4.09  591.0  415.10  325.04
2454559.82147 18.3300  0.0366 4.86  541.0  415.10  325.04
2454560.82174 18.3034  0.0273 3.68  514.0  415.10  325.04
2454561.81064 18.3283  0.0274 4.00  524.0  415.10  325.04
2454564.81496 18.3211  0.0280 3.82  488.0  415.10  325.04
2454565.80391 18.3415  0.0252 3.11  550.0  415.10  325.04
2454566.80592 18.2952  0.0262 3.52  524.0  415.10  325.04
2454567.80631 18.3185  0.0287 3.44  583.0  415.10  325.04
2454568.82870 18.3004  0.0304 3.76  647.0  415.10  325.04
2454569.82255 18.3328  0.0366 4.90  546.0  415.10  325.04
2454570.81321 18.3020  0.0310 4.15  552.0  415.10  325.04
2454571.79693 18.2707  0.0313 4.46  547.0  415.10  325.04
2454572.83482 18.3399  0.0364 4.45  686.0  415.10  325.04
2454573.81049 18.3350  0.0313 3.87  626.0  415.10  325.04
2454574.81262 18.3212  0.0393 4.67  752.0  415.10  325.04
2454575.82140 18.3315  0.0363 3.75  801.0  415.10  325.04
2454578.86405 18.2497  0.0442 5.30  859.0  415.10  325.04
2454583.67426 18.1600  0.0470 6.40  839.0  415.10  325.04
2454585.88563 18.3900  0.0355 3.90  817.0  415.10  325.04
2454586.68410 18.3178  0.0475 6.16  650.0  415.10  325.04
2454587.81412 18.3712  0.0364 4.56  581.0  415.10  325.04
2454588.79712 18.2988  0.0312 3.96  609.0  415.10  325.04
2454589.63928 18.3060  0.0415 5.57  708.0  415.10  325.04
2454590.74742 18.3253  0.0401 5.30  600.0  415.10  325.04
2454591.63160 18.3467  0.0436 4.87  846.0  415.10  325.04
2454592.74054 18.2922  0.0341 3.69  872.0  415.10  325.04
2454593.72579 18.2741  0.0351 4.62  643.0  415.10  325.04
2454594.75435 18.2755  0.0338 4.60  600.0  415.10  325.04
2454595.74209 18.2688  0.0348 5.04  573.0  415.10  325.04
2454596.73130 18.3302  0.0315 4.18  552.0  415.10  325.04
2454597.76249 18.3003  0.0347 4.45  639.0  415.10  325.04
2454598.73192 18.3582  0.0273 3.58  476.0  415.10  325.04
2454599.70769 18.2428  0.0317 4.46  591.0  415.10  325.04
2454600.71681 18.2898  0.0250 3.45  497.0  415.10  325.04
2454601.72145 18.2832  0.0286 3.93  553.0  415.10  325.04
2454602.71557 18.3492  0.0287 3.42  620.0  415.10  325.04
2454603.93899 18.2475  0.0393 5.03  846.0  415.10  325.04
2454606.72939 18.3949  0.0355 3.38  953.0  415.10  325.04
2454610.82322 18.3523  0.0461 3.23 1886.0  415.10  325.04
2454611.70311 18.2577  0.0358 4.33  722.0  415.10  325.04
2454611.88964 18.2350  0.0390 3.95 1152.0  415.10  325.04
2454612.76451 18.3049  0.0331 3.40  984.0  415.10  325.04
2454615.87975 18.1371  0.0426 5.73  809.0  415.10  325.04
2454616.68511 18.2464  0.0320 4.39  593.0  415.10  325.04
2454617.79690 18.2142  0.0398 5.37  662.0  415.10  325.04
2454618.72591 18.2792  0.0335 4.25  626.0  415.10  325.04
2454622.66720 18.2946  0.0385 5.09  604.0  415.10  325.04
2454623.74704 18.2126  0.0315 4.43  616.0  415.10  325.04
2454624.68249 18.2504  0.0363 4.72  678.0  415.10  325.04
2454625.66754 18.0782  0.0344 5.46  619.0  415.10  325.04
2454626.71762 18.2513  0.0392 5.78  539.0  415.10  325.04
2454627.64071 18.2310  0.0270 3.91  500.0  415.10  325.04
2454628.64099 18.3095  0.0375 4.74  624.0  415.10  325.04
2454629.70620 18.2027  0.0323 4.92  525.0  415.10  325.04
2454630.64300 18.2251  0.0354 4.88  653.0  415.10  325.04
2454631.66453 18.2947  0.0283 3.63  599.0  415.10  325.04
2454632.66235 18.2860  0.0332 4.31  660.0  415.10  325.04
2454633.72145 18.2709  0.0323 3.78  781.0  415.10  325.04
2454639.76688 18.1075  0.0380 4.91  914.0  415.10  325.04
2454640.66687 18.2764  0.0373 5.04  606.0  415.10  325.04
2454641.82343 18.0940  0.0408 5.78  804.0  415.10  325.04
2454642.66528 18.2039  0.0312 4.39  616.0  415.10  325.04
2454643.63126 18.1288  0.0325 5.24  551.0  415.10  325.04
2454644.69838 18.2191  0.0314 4.58  527.0  415.10  325.04
2454645.62097 18.1629  0.0279 3.94  545.0  415.10  325.04
2454646.60161 18.1778  0.0266 3.97  542.0  415.10  325.04
2454647.61199 18.2035  0.0286 3.54  715.0  415.10  325.04
2454649.60614 18.1822  0.0303 4.63  494.0  415.10  325.04
2454650.63444 18.2336  0.0320 4.20  654.0  415.10  325.04
2454651.64941 18.1359  0.0286 4.12  621.0  415.10  325.04
2454652.57849 18.1783  0.0329 4.21  743.0  415.10  325.04
2454653.57243 18.2256  0.0368 4.77  742.0  415.10  325.04
2454654.61155 18.1137  0.0311 4.74  647.0  415.10  325.04
2454655.57584 18.1457  0.0316 4.08  798.0  415.10  325.04
2454656.57414 18.1648  0.0293 3.84  591.0  415.10  325.04
2454658.73623 18.0618  0.0380 5.92  670.0  415.10  325.04
2454660.68573 18.1222  0.0313 4.32  707.0  415.10  325.04
2454661.56837 18.0404  0.0273 3.44  939.0  415.10  325.04
2454665.73010 18.0130  0.0366 4.03 1548.0  415.10  325.04
2454666.63555 18.0934  0.0327 4.17  924.0  415.10  325.04
2454670.70030 17.9164  0.0277 4.88  621.0  415.10  325.04
2454671.62502 17.9769  0.0228 4.01  520.0  415.10  325.04
2454672.58462 17.9366  0.0249 4.26  621.0  415.10  325.04
2454674.59105 17.8685  0.0301 5.56  660.0  415.10  325.04
2454677.56359 17.8894  0.0242 4.31  587.0  415.10  325.04
2454681.57893 17.7032  0.0201 4.31  532.0  415.10  325.04
2454682.59643 17.6883  0.0224 5.06  607.0  415.10  325.04
2454683.59341 17.6141  0.0250 5.97  664.0  415.10  325.04
2454684.61142 17.6083  0.0202 4.30  618.0  415.10  325.04
2454685.57913 17.5756  0.0205 4.63  665.0  415.10  325.04
2454686.69589 17.4401  0.0216 5.37  622.0  415.10  325.04
2454687.62633 17.4437  0.0182 4.38  623.0  415.10  325.04
2454688.56999 17.4877  0.0190 4.18  737.0  415.10  325.04
2454694.64776 17.2553  0.0248 6.51  951.0  415.10  325.04
2454697.57374 17.4841  0.0186 4.54  622.0  415.10  325.04
2454698.60000 17.5693  0.0181 4.17  598.0  415.10  325.04
2454700.59503 17.5903  0.0193 4.17  566.0  415.10  325.04
2454701.57790 17.6322  0.0239 5.14  646.0  415.10  325.04
2454702.59284 17.6707  0.0189 4.22  515.0  415.10  325.04
2454703.66013 17.6565  0.0232 5.62  565.0  415.10  325.04
2454708.59363 17.8787  0.0257 4.80  594.0  415.10  325.04
2454710.62884 17.9360  0.0291 5.25  663.0  415.10  325.04
2454716.66557 17.9364  0.0466 5.71 1626.0  415.10  325.04
2454720.61106 17.9816  0.0389 5.70  902.0  415.10  325.04
2454721.57993 17.8764  0.0353 5.54  902.0  415.10  325.04
2454724.59199 17.9926  0.0392 5.26 1017.0  415.10  325.04
2454726.57121 17.7287  0.0363 7.07  792.0  415.10  325.04
2454731.62078 18.0302  0.0361 5.96  594.0  415.10  325.04
2454738.49667 18.0969  0.0377 5.96  621.0  415.10  325.04
2454740.60087 18.0732  0.0411 6.35  694.0  415.10  325.04
2454748.56561 18.0554  0.0433 5.81  938.0  415.10  325.04
2454754.54113 18.1201  0.0481 5.83 1050.0  415.10  325.04
2454755.51943 18.1336  0.0419 5.41  902.0  415.10  325.04
2454759.50980 17.8187  0.0344 5.92  799.0  415.10  325.04
2454767.53280 18.1381  0.0532 6.73 1023.0  415.10  325.04
2454772.52637 18.2523  0.0658 5.82 1806.0  415.10  325.04
2454773.52031 18.2414  0.0553 5.38 1396.0  415.10  325.04
2454875.84893 18.1405  0.0459 6.69  889.0  415.10  325.04
2454878.87917 18.3013  0.0352 3.88  916.0  415.10  325.04
2454885.86092 18.2985  0.0347 4.35  660.0  415.10  325.04
2454887.89924 18.4171  0.0455 3.76 1313.0  415.10  325.04
2454892.80366 18.1796  0.0448 5.96  784.0  415.10  325.04
2454897.88703 18.3617  0.0388 4.93  666.0  415.10  325.04
2454900.90480 18.3005  0.0368 4.60  778.0  415.10  325.04
2454903.82959 18.2394  0.0310 3.58  817.0  415.10  325.04
2454904.88783 18.3076  0.0320 3.52  724.0  415.10  325.04
2454906.87930 18.3819  0.0410 4.63  823.0  415.10  325.04
2454910.88586 18.3454  0.0367 3.58  926.0  415.10  325.04
2454912.87235 18.3791  0.0249 3.07  505.0  415.10  325.04
2454913.87150 18.3221  0.0289 3.66  547.0  415.10  325.04
2454914.75145 18.2706  0.0389 5.99  514.0  415.10  325.04
2454914.78106 18.3403  0.0358 5.12  491.0  415.10  325.04
2454914.81122 18.3747  0.0345 4.67  494.0  415.10  325.04
2454914.84504 18.3233  0.0312 4.32  486.0  415.10  325.04
2454914.85376 18.3108  0.0310 4.26  488.0  415.10  325.04
2454914.87919 18.3748  0.0277 3.54  493.0  415.10  325.04
2454914.91301 18.3672  0.0302 3.56  607.0  415.10  325.04
2454915.85421 18.2124  0.0371 5.90  556.0  415.10  325.04
2454915.89288 18.2617  0.0298 4.38  574.0  415.10  325.04
2454915.92290 18.3698  0.0610 4.32 2111.0  415.10  325.04
2454917.77807 18.3604  0.0318 3.72  561.0  415.10  325.04
2454917.90832 18.3084  0.0328 4.21  687.0  415.10  325.04
2454918.77701 18.3096  0.0304 4.07  550.0  415.10  325.04
2454918.92192 18.3623  0.0588 4.07 2188.0  415.10  325.04
2454920.72396 18.3334  0.0310 4.19  537.0  415.10  325.04
2454921.74760 18.3346  0.0333 4.01  640.0  415.10  325.04
2454921.76178 18.2847  0.0317 3.97  655.0  415.10  325.04
2454925.78721 18.2622  0.0269 3.58  609.0  415.10  325.04
2454927.84105 18.3821  0.0378 4.43  644.0  415.10  325.04
2454929.80977 18.2846  0.0330 3.96  731.0  415.10  325.04
2454930.84312 18.3588  0.0428 4.50  863.0  415.10  325.04
2454931.78697 18.2684  0.0393 4.14  882.0  415.10  325.04
2454932.74216 18.2559  0.0359 4.22  907.0  415.10  325.04
2454933.79049 18.2772  0.0336 3.70  886.0  415.10  325.04
2454938.76552 18.3143  0.0327 3.60  687.0  415.10  325.04
2454939.79084 18.3627  0.0350 4.68  631.0  415.10  325.04
2454941.74493 18.3651  0.0346 4.11  604.0  415.10  325.04
2454942.78573 18.3324  0.0279 3.67  528.0  415.10  325.04
2454943.77362 18.3310  0.0304 4.01  555.0  415.10  325.04
2454945.86593 18.2882  0.0283 4.08  579.0  415.10  325.04
2454950.79090 18.2441  0.0332 4.46  627.0  415.10  325.04
2454952.81786 18.3986  0.0326 4.56  565.0  415.10  325.04
2454953.78246 18.2598  0.0321 4.25  634.0  415.10  325.04
2454954.74431 18.3005  0.0313 3.99  545.0  415.10  325.04
