2452127.49264 18.2056  0.0462 5.55  939.0  201.47  116.28
2452130.52548 18.3318  0.0357 3.92  722.0  201.47  116.28
2452133.53959 18.2307  0.0338 4.22  704.0  201.47  116.28
2452136.66080 18.3119  0.0459 5.62  660.0  201.47  116.28
2452141.65157 18.4004  0.0559 5.59  924.0  201.47  116.28
2452165.57403 18.4551  0.0548 5.73  784.0  201.47  116.28
2452171.64107 18.3217  0.0450 5.25  812.0  201.47  116.28
2452179.53142 18.3734  0.0547 5.32 1069.0  201.47  116.28
2452189.52642 18.3543  0.0580 5.96  972.0  201.47  116.28
2452212.55151 18.2631  0.0568 5.69 1446.0  201.47  116.28
2452214.50881 18.4929  0.0818 5.56 1476.0  201.47  116.28
2452337.83855 18.3113  0.0387 3.49 1172.0  201.47  116.28
2452352.85604 18.2775  0.0400 4.74  824.0  201.47  116.28
2452361.85051 18.3773  0.0503 4.82  974.0  201.47  116.28
2452373.80531 18.3335  0.0449 5.34  750.0  201.47  116.28
2452384.84115 18.3087  0.0332 3.56  828.0  201.47  116.28
2452388.84047 18.3226  0.0367 3.90  771.0  201.47  116.28
2452390.87877 18.3597  0.0518 4.68 1222.0  201.47  116.28
2452393.87268 18.4411  0.0652 4.68 1711.0  201.47  116.28
2452400.82005 18.3479  0.0363 4.14  759.0  201.47  116.28
2452402.92676 18.3835  0.0530 4.89 1030.0  201.47  116.28
2452406.86951 18.3512  0.0487 5.32  815.0  201.47  116.28
2452411.72756 18.2557  0.0366 5.02  723.0  201.47  116.28
2452415.90281 18.4010  0.0506 5.11 1012.0  201.47  116.28
2452417.87361 18.3372  0.0407 4.09  966.0  201.47  116.28
2452425.90547 18.1215  0.0695 5.99 2474.0  201.47  116.28
2452428.88365 18.4358  0.0638 6.25  864.0  201.47  116.28
2452434.80022 18.3473  0.0368 4.03  760.0  201.47  116.28
2452436.84892 18.2651  0.0469 5.01  925.0  201.47  116.28
2452438.83028 18.3094  0.0413 4.89  763.0  201.47  116.28
2452441.78511 18.3330  0.0376 4.34  751.0  201.47  116.28
2452445.70148 18.3367  0.0346 3.59  689.0  201.47  116.28
2452448.73852 18.4861  0.0919 3.90 4330.0  201.47  116.28
2452454.75937 18.2394  0.0419 3.91 1367.0  201.47  116.28
2452460.73247 18.4337  0.0595 6.20  737.0  201.47  116.28
2452463.61209 18.3397  0.0343 3.88  720.0  201.47  116.28
2452466.58608 18.2831  0.0332 4.24  686.0  201.47  116.28
2452468.77360 18.2844  0.0410 4.69  828.0  201.47  116.28
2452470.75755 18.3569  0.0415 4.96  619.0  201.47  116.28
2452472.79014 18.4363  0.0459 5.46  667.0  201.47  116.28
2452481.63002 18.3254  0.0564 6.20  850.0  201.47  116.28
2452484.69221 18.2727  0.0483 5.81  701.0  201.47  116.28
2452493.71270 18.5545  0.0590 5.79  765.0  201.47  116.28
2452496.55867 18.3096  0.0301 3.49  619.0  201.47  116.28
2452498.59676 18.2920  0.0279 3.04  688.0  201.47  116.28
2452500.62291 18.2996  0.0339 3.33  725.0  201.47  116.28
2452502.64108 18.3664  0.0439 4.85  833.0  201.47  116.28
2452510.53823 18.4094  0.0425 3.89  913.0  201.47  116.28
2452516.50144 18.3066  0.0429 5.53  819.0  201.47  116.28
2452517.54832 18.3459  0.0546 5.78  831.0  201.47  116.28
2452520.65706 18.4124  0.0417 4.53  715.0  201.47  116.28
2452529.52356 18.3174  0.0382 4.00  860.0  201.47  116.28
2452538.57282 18.2686  0.0494 4.64 1083.0  201.47  116.28
2452542.56177 18.3448  0.0502 3.65 1958.0  201.47  116.28
2452548.52699 18.3962  0.0501 4.76  857.0  201.47  116.28
2452552.56361 18.4080  0.0531 5.10  916.0  201.47  116.28
2452557.52859 18.2913  0.0426 4.47  848.0  201.47  116.28
2452561.52454 18.2840  0.0587 4.91 1467.0  201.47  116.28
2452568.55905 18.3921  0.0745 5.86 1635.0  201.47  116.28
2452708.87664 18.3372  0.0394 3.91  743.0  201.47  116.28
2452719.88282 18.2982  0.0370 3.43 1060.0  201.47  116.28
2452729.90836 18.3221  0.0434 4.75  882.0  201.47  116.28
2452734.88191 18.3227  0.0383 4.14  810.0  201.47  116.28
2452747.76627 18.2759  0.0588 5.93 1225.0  201.47  116.28
2452754.77630 18.3010  0.0375 4.41  748.0  201.47  116.28
2452757.84134 18.3487  0.0468 4.87  994.0  201.47  116.28
2452763.79445 18.2277  0.0370 3.96  872.0  201.47  116.28
2452767.88675 18.2605  0.0574 6.00 1065.0  201.47  116.28
2452775.79219 18.3363  0.0707 6.14 1477.0  201.47  116.28
2452776.74712 18.3753  0.1129 7.02 3311.0  201.47  116.28
2452783.88124 18.3427  0.0364 3.85  842.0  201.47  116.28
2452788.62706 18.2663  0.0385 4.07 1014.0  201.47  116.28
2452790.77342 18.2600  0.0410 4.85  754.0  201.47  116.28
2452793.70035 17.8351  0.0297 6.10  660.0  201.47  116.28
2452795.66008 18.2058  0.0305 4.13  657.0  201.47  116.28
2452797.67119 18.2537  0.0293 3.25  693.0  201.47  116.28
2452809.79129 18.2596  0.0454 4.45 1067.0  201.47  116.28
2452811.71174 18.2678  0.0459 5.09  873.0  201.47  116.28
2452812.84101 18.2155  0.0372 4.43  856.0  201.47  116.28
2452813.88477 18.2355  0.0438 4.79  936.0  201.47  116.28
2452815.86552 18.2264  0.0442 5.02  932.0  201.47  116.28
2452817.76399 18.2730  0.0396 4.84  764.0  201.47  116.28
2452819.67439 18.2226  0.0335 3.68  777.0  201.47  116.28
2452830.69583 18.3941  0.0676 5.14 1829.0  201.47  116.28
2452835.70531 18.1824  0.0397 4.38 1032.0  201.47  116.28
2452837.71574 18.2470  0.0716 6.55 1497.0  201.47  116.28
2452837.72636 18.2887  0.0548 5.33 1175.0  201.47  116.28
2452839.77552 18.2578  0.0487 5.34  964.0  201.47  116.28
2452841.79666 18.1308  0.0357 4.18  951.0  201.47  116.28
2452843.72394 18.0817  0.0347 5.70  851.0  201.47  116.28
2452845.71360 18.1719  0.0336 4.45  667.0  201.47  116.28
2452850.60965 18.1709  0.0311 3.75  875.0  201.47  116.28
2452852.62098 18.1442  0.0454 5.93  913.0  201.47  116.28
2452854.61447 18.1463  0.0480 6.17  854.0  201.47  116.28
2452857.52473 18.1182  0.0345 4.23  937.0  201.47  116.28
2452858.73701 18.0660  0.0335 4.08 1082.0  201.47  116.28
2452862.64805 18.1588  0.0455 4.86 1135.0  201.47  116.28
2452865.62820 18.0985  0.0313 4.00  803.0  201.47  116.28
2452868.62447 18.0734  0.0284 3.84  750.0  201.47  116.28
2452871.70514 18.1619  0.0326 4.15  754.0  201.47  116.28
2452876.70616 18.1188  0.0386 5.36  726.0  201.47  116.28
2452879.67149 18.0317  0.0368 5.42  738.0  201.47  116.28
2452884.70266 18.1825  0.0429 5.46  819.0  201.47  116.28
2452893.57912 18.0100  0.0288 3.47 1056.0  201.47  116.28
2452894.68868 18.0745  0.0558 6.70 1251.0  201.47  116.28
2452900.52069 18.0255  0.0405 5.45  866.0  201.47  116.28
2452902.50765 18.0306  0.0448 5.94  881.0  201.47  116.28
2452902.56893 18.0241  0.0423 5.28 1020.0  201.47  116.28
2452911.48851 18.1012  0.0528 6.33  846.0  201.47  116.28
2452911.57467 17.9996  0.0309 3.83  872.0  201.47  116.28
2452915.50114 18.0339  0.0459 5.08 1517.0  201.47  116.28
2452916.53807 17.9230  0.0320 4.16 1078.0  201.47  116.28
2452918.51439 17.9842  0.0467 5.89 1083.0  201.47  116.28
2452918.61736 18.0074  0.0455 5.85 1216.0  201.47  116.28
2452920.53590 17.9337  0.0448 6.17 1202.0  201.47  116.28
2452923.53261 17.9010  0.0299 3.69 1138.0  201.47  116.28
2452925.51987 17.9302  0.0339 5.67  930.0  201.47  116.28
2452928.53355 17.8517  0.0292 4.15  916.0  201.47  116.28
2452931.57537 17.8656  0.0277 3.71  956.0  201.47  116.28
2452941.53293 17.8159  0.0361 4.99 1280.0  201.47  116.28
2452943.51756 17.9043  0.0583 6.09 2182.0  201.47  116.28
2452945.52105 17.8474  0.0450 5.38 1595.0  201.47  116.28
2452946.53105 17.7936  0.0441 6.25 1369.0  201.47  116.28
2452947.50418 17.8881  0.0459 5.13 1613.0  201.47  116.28
2452949.52444 17.7557  0.0393 4.99 1589.0  201.47  116.28
2452952.51303 17.8124  0.0371 5.34 1185.0  201.47  116.28
2453052.88528 16.9025  0.0115 3.80 1051.0  201.47  116.28
2453059.87127 17.1160  0.0136 4.47  705.0  201.47  116.28
2453064.88260 17.2489  0.0145 3.91  843.0  201.47  116.28
2453068.83566 17.3259  0.0162 4.20  872.0  201.47  116.28
2453071.88823 17.3710  0.0189 4.19  919.0  201.47  116.28
2453073.89738 17.4115  0.0160 3.55  896.0  201.47  116.28
2453077.78752 17.5046  0.0534 6.67 3414.0  201.47  116.28
2453080.83666 17.5237  0.0198 4.30  954.0  201.47  116.28
2453083.78214 17.5908  0.0185 3.68  672.0  201.47  116.28
2453085.89478 17.6316  0.0184 4.05  622.0  201.47  116.28
2453087.82941 17.6803  0.0206 4.14  632.0  201.47  116.28
2453089.84616 17.6260  0.0168 3.47  654.0  201.47  116.28
2453091.84716 17.6702  0.0204 4.20  676.0  201.47  116.28
2453097.82977 17.7658  0.0216 4.01  708.0  201.47  116.28
2453099.85579 17.7834  0.0251 4.72  801.0  201.47  116.28
2453101.82508 17.8403  0.0294 4.58  913.0  201.47  116.28
2453102.85744 17.8162  0.0260 3.91  932.0  201.47  116.28
2453104.77304 17.8663  0.0502 3.37 5217.0  201.47  116.28
2453106.91961 17.8566  0.0308 4.08 1364.0  201.47  116.28
2453108.80978 17.8755  0.0219 3.29  731.0  201.47  116.28
2453109.92371 17.7966  0.0264 4.19  971.0  201.47  116.28
2453110.89960 17.9050  0.0265 3.81  773.0  201.47  116.28
2453112.85658 17.8442  0.0248 4.81  618.0  201.47  116.28
2453114.85159 17.9579  0.0264 4.17  713.0  201.47  116.28
2453116.83917 17.9681  0.0308 4.56  783.0  201.47  116.28
2453122.84571 17.9552  0.0363 5.90  688.0  201.47  116.28
2453125.91211 18.0533  0.0405 5.84  808.0  201.47  116.28
2453126.80864 17.9767  0.0259 3.73  760.0  201.47  116.28
2453127.89468 18.0090  0.0324 4.60  762.0  201.47  116.28
2453128.88396 18.0577  0.0382 4.89 1037.0  201.47  116.28
2453130.76155 18.0536  0.0379 4.19 1240.0  201.47  116.28
2453131.62683 18.1543  0.0635 6.52 1728.0  201.47  116.28
2453134.89694 18.0326  0.0738 5.36 3418.0  201.47  116.28
2453135.78184 18.0419  0.0267 3.63  775.0  201.47  116.28
2453137.83266 18.0760  0.0422 5.74 1021.0  201.47  116.28
2453138.71898 18.0903  0.0327 4.38  746.0  201.47  116.28
2453140.69072 18.0422  0.0299 4.37  774.0  201.47  116.28
2453140.92453 18.1017  0.0355 5.08  728.0  201.47  116.28
2453141.75583 18.0519  0.0301 4.94  579.0  201.47  116.28
2453142.83011 18.0863  0.0313 4.63  769.0  201.47  116.28
2453144.84808 18.1242  0.0316 4.58  693.0  201.47  116.28
2453146.91449 18.0835  0.0306 4.64  647.0  201.47  116.28
2453147.93011 18.1578  0.0387 5.73  801.0  201.47  116.28
2453151.82208 18.1649  0.0445 6.44  643.0  201.47  116.28
2453152.82177 18.1518  0.0366 4.67  734.0  201.47  116.28
2453153.82032 18.2283  0.0430 5.23  805.0  201.47  116.28
2453154.91417 18.2383  0.0527 6.13 1006.0  201.47  116.28
2453157.89424 18.1726  0.0379 4.16 1022.0  201.47  116.28
2453162.85806 18.1621  0.0343 3.57 1030.0  201.47  116.28
2453163.82039 18.0952  0.0297 3.73  874.0  201.47  116.28
2453164.80613 18.1582  0.0350 4.62  724.0  201.47  116.28
2453164.91362 18.1686  0.0416 5.12  894.0  201.47  116.28
2453167.66895 18.0879  0.0369 5.98  655.0  201.47  116.28
2453168.81925 18.1884  0.0311 4.10  734.0  201.47  116.28
2453169.84520 18.2216  0.0376 4.71  749.0  201.47  116.28
2453170.87472 18.1922  0.0305 3.75  766.0  201.47  116.28
2453171.72096 18.2047  0.0296 4.13  608.0  201.47  116.28
2453173.80646 18.2273  0.0373 4.71  772.0  201.47  116.28
2453174.77372 18.1257  0.0311 3.84  832.0  201.47  116.28
2453175.85466 18.2754  0.0374 4.10  867.0  201.47  116.28
2453177.83028 18.2706  0.0546 6.48  886.0  201.47  116.28
2453177.87045 18.4814  0.0717 6.79  926.0  201.47  116.28
2453178.73862 18.1752  0.0380 5.00  824.0  201.47  116.28
2453179.57316 18.2639  0.0368 4.56  725.0  201.47  116.28
2453179.87501 18.1406  0.0362 5.01  779.0  201.47  116.28
2453180.79155 18.1624  0.0276 3.84  537.0  201.47  116.28
2453182.85180 18.1927  0.0346 4.21  775.0  201.47  116.28
2453183.80760 18.3759  0.0605 6.66  743.0  201.47  116.28
2453184.80213 18.2090  0.0358 4.42  756.0  201.47  116.28
2453185.62111 18.1546  0.0281 3.34  794.0  201.47  116.28
2453193.61639 18.2440  0.0300 3.87  632.0  201.47  116.28
2453194.51607 18.3591  0.0476 4.58 1158.0  201.47  116.28
2453194.80682 18.2594  0.0354 4.10  710.0  201.47  116.28
2453195.73994 18.2555  0.0298 3.92  653.0  201.47  116.28
2453196.59282 18.2066  0.0351 4.42  739.0  201.47  116.28
2453196.83560 18.2712  0.0373 4.50  754.0  201.47  116.28
2453197.78129 18.2104  0.0346 4.22  754.0  201.47  116.28
2453199.77783 18.1831  0.0387 5.94  620.0  201.47  116.28
2453201.82500 18.2653  0.0394 5.47  712.0  201.47  116.28
2453202.77239 18.3424  0.0349 4.35  612.0  201.47  116.28
2453203.60153 18.1851  0.0251 3.53  572.0  201.47  116.28
2453204.74958 18.1962  0.0318 3.87  649.0  201.47  116.28
2453205.67988 18.2555  0.0296 4.38  507.0  201.47  116.28
2453206.78635 18.2373  0.0418 5.96  698.0  201.47  116.28
2453210.56345 18.4507  0.0526 5.64  853.0  201.47  116.28
2453211.74340 18.3238  0.0441 6.37  599.0  201.47  116.28
2453217.71929 18.2574  0.0414 4.24 1138.0  201.47  116.28
2453218.73029 18.2368  0.0526 5.81 1108.0  201.47  116.28
2453223.71933 18.2993  0.0459 5.68  738.0  201.47  116.28
2453224.76382 18.2575  0.0420 5.02  850.0  201.47  116.28
2453226.70093 18.3483  0.0552 6.84  622.0  201.47  116.28
2453228.68484 18.2780  0.0393 5.40  598.0  201.47  116.28
2453229.71559 18.2380  0.0383 5.26  613.0  201.47  116.28
2453230.73148 18.2287  0.0366 5.32  573.0  201.47  116.28
2453231.65872 18.3788  0.0546 6.15  735.0  201.47  116.28
2453238.68330 18.2470  0.0400 5.64  632.0  201.47  116.28
2453240.53246 18.3819  0.0387 4.18  734.0  201.47  116.28
2453241.71615 18.2695  0.0579 5.15 1746.0  201.47  116.28
2453245.64511 18.2750  0.0411 5.02  869.0  201.47  116.28
2453247.50641 18.2687  0.0369 3.78  940.0  201.47  116.28
2453249.61883 18.2905  0.0422 4.51  781.0  201.47  116.28
2453251.52181 18.2827  0.0482 6.20  675.0  201.47  116.28
2453254.58523 18.4628  0.0688 7.31  625.0  201.47  116.28
2453254.60337 18.4538  0.0575 6.16  619.0  201.47  116.28
2453257.54135 18.2266  0.0287 3.86  570.0  201.47  116.28
2453260.58683 18.5389  0.0717 7.14  652.0  201.47  116.28
2453265.53978 18.3242  0.0424 5.44  658.0  201.47  116.28
2453267.59805 18.1429  0.0399 5.43  838.0  201.47  116.28
2453273.49303 18.3493  0.0667 6.26 1056.0  201.47  116.28
2453277.51639 18.2356  0.0451 5.38  915.0  201.47  116.28
2453280.51728 18.4234  0.0501 5.59  640.0  201.47  116.28
2453282.58800 18.3355  0.0297 3.97  413.0  201.47  116.28
2453289.52213 18.3882  0.0540 5.77  647.0  201.47  116.28
2453294.51743 18.6318  0.0552 5.84  498.0  201.47  116.28
2453296.51654 18.4581  0.0488 5.00  570.0  201.47  116.28
2453302.51368 18.2895  0.0546 5.99  985.0  201.47  116.28
2453418.85647 18.3799  0.0366 4.22  702.0  201.47  116.28
2453423.88449 18.3077  0.0283 4.18  549.0  201.47  116.28
2453427.83821 18.1935  0.0377 5.08  835.0  201.47  116.28
2453430.82363 18.3324  0.0414 5.18  796.0  201.47  116.28
2453436.87024 18.3582  0.0452 6.04  618.0  201.47  116.28
2453443.84135 18.2066  0.0255 3.79  623.0  201.47  116.28
2453445.86984 18.3153  0.0273 3.41  571.0  201.47  116.28
2453447.91417 18.2698  0.0380 3.74 1051.0  201.47  116.28
2453450.79379 18.2518  0.0257 3.89  525.0  201.47  116.28
2453453.83722 18.2328  0.0346 4.49  824.0  201.47  116.28
2453455.90273 18.3816  0.0437 4.44  889.0  201.47  116.28
2453458.87243 18.3449  0.0359 3.92  859.0  201.47  116.28
2453459.88767 18.3300  0.0365 3.80  814.0  201.47  116.28
2453468.87111 18.2466  0.0282 3.97  656.0  201.47  116.28
2453469.87383 18.2428  0.0263 3.39  592.0  201.47  116.28
2453472.85873 18.3030  0.0287 3.72  557.0  201.47  116.28
2453474.79238 18.3655  0.0441 5.77  550.0  201.47  116.28
2453476.76889 18.2932  0.0281 3.99  562.0  201.47  116.28
2453478.86428 18.3100  0.0313 4.18  574.0  201.47  116.28
2453480.87992 18.2350  0.0338 4.67  571.0  201.47  116.28
2453483.81316 18.2980  0.0328 4.08  725.0  201.47  116.28
2453496.90816 18.3555  0.0500 5.70  854.0  201.47  116.28
2453497.89513 18.4116  0.0417 4.71  755.0  201.47  116.28
2453500.90419 18.3254  0.0377 4.33  685.0  201.47  116.28
2453502.88603 18.3448  0.0361 4.03  770.0  201.47  116.28
2453503.86558 18.2029  0.0292 4.04  638.0  201.47  116.28
2453506.92865 18.2588  0.0369 4.60  758.0  201.47  116.28
2453508.90602 18.4834  0.0605 6.18  811.0  201.47  116.28
2453509.88882 18.3070  0.0340 4.32  661.0  201.47  116.28
2453511.91239 18.3078  0.0315 3.56  780.0  201.47  116.28
2453512.89895 18.2681  0.0365 3.99  990.0  201.47  116.28
2453520.66452 18.3631  0.0393 4.73  732.0  201.47  116.28
2453521.79522 18.5424  0.0465 4.18  737.0  201.47  116.28
2453522.86285 18.3613  0.0417 4.28  753.0  201.47  116.28
2453524.85412 18.2104  0.0310 3.54  753.0  201.47  116.28
2453527.63741 18.2135  0.0324 4.98  635.0  201.47  116.28
2453528.88175 18.2142  0.0348 4.61  753.0  201.47  116.28
2453529.92056 18.2523  0.0326 3.97  774.0  201.47  116.28
2453530.86006 18.2704  0.0279 3.65  566.0  201.47  116.28
2453530.89144 18.2465  0.0269 3.62  630.0  201.47  116.28
2453538.84960 18.1871  0.0301 4.28  688.0  201.47  116.28
2453541.88376 18.3338  0.0411 4.34  997.0  201.47  116.28
2453544.88117 18.3849  0.0524 4.35 1382.0  201.47  116.28
2453547.84861 18.3021  0.0401 4.78  788.0  201.47  116.28
2453550.82541 18.3218  0.0310 3.59  780.0  201.47  116.28
2453551.83741 18.1780  0.0268 3.82  580.0  201.47  116.28
2453552.83279 18.3306  0.0422 4.97  702.0  201.47  116.28
2453553.84921 18.5127  0.0650 5.98  949.0  201.47  116.28
2453554.86177 18.2698  0.0378 4.71  769.0  201.47  116.28
2453556.84383 18.3453  0.0514 6.06  710.0  201.47  116.28
2453558.62075 18.3968  0.0362 4.38  554.0  201.47  116.28
2453559.62914 18.3677  0.0355 4.70  541.0  201.47  116.28
2453560.70553 18.4400  0.0348 4.03  508.0  201.47  116.28
2453561.61274 18.3329  0.0333 3.99  619.0  201.47  116.28
2453563.72478 18.3534  0.0343 4.34  599.0  201.47  116.28
2453569.65276 18.4120  0.0758 5.64 1689.0  201.47  116.28
2453573.78319 18.2799  0.0445 4.82 1027.0  201.47  116.28
2453574.75539 18.1942  0.0372 4.74  847.0  201.47  116.28
2453575.69734 18.3828  0.0324 3.88  592.0  201.47  116.28
2453576.76398 18.3981  0.0448 5.26  639.0  201.47  116.28
2453578.73843 18.3037  0.0303 4.42  487.0  201.47  116.28
2453579.68698 18.2984  0.0305 4.65  473.0  201.47  116.28
2453580.72663 18.3598  0.0404 4.85  649.0  201.47  116.28
2453581.73649 18.3164  0.0440 5.92  551.0  201.47  116.28
2453582.68542 18.2960  0.0289 3.74  538.0  201.47  116.28
2453583.70361 18.2046  0.0295 4.38  570.0  201.47  116.28
2453584.70750 18.4085  0.0319 4.23  505.0  201.47  116.28
2453585.70614 18.3736  0.0275 3.81  422.0  201.47  116.28
2453586.76021 18.3062  0.0293 3.79  633.0  201.47  116.28
2453589.74962 18.3641  0.0417 5.45  615.0  201.47  116.28
2453590.74584 18.3092  0.0353 4.08  728.0  201.47  116.28
2453591.72745 18.2834  0.0281 3.43  539.0  201.47  116.28
2453592.69868 18.2132  0.0261 3.66  514.0  201.47  116.28
2453602.72243 18.3883  0.0492 4.60 1145.0  201.47  116.28
2453603.71741 18.3048  0.0402 4.94  725.0  201.47  116.28
2453607.70138 18.2993  0.0492 6.55  607.0  201.47  116.28
2453608.69401 18.3049  0.0313 3.98  564.0  201.47  116.28
2453615.65173 18.4213  0.0381 4.82  549.0  201.47  116.28
2453617.61334 18.4005  0.0453 5.85  582.0  201.47  116.28
2453619.61046 18.3018  0.0313 4.07  605.0  201.47  116.28
2453621.65213 18.2735  0.0333 4.45  569.0  201.47  116.28
2453629.53639 18.2985  0.0352 4.23  812.0  201.47  116.28
2453631.56527 18.3059  0.0448 4.43  997.0  201.47  116.28
2453633.59022 18.3314  0.0512 5.92  828.0  201.47  116.28
2453640.52361 18.4133  0.0457 5.34  548.0  201.47  116.28
2453644.59942 18.2606  0.0345 4.44  724.0  201.47  116.28
2453649.57542 18.3984  0.0445 5.54  609.0  201.47  116.28
2453652.54937 18.2546  0.0500 4.46 1480.0  201.47  116.28
2453656.54217 18.5190  0.0543 3.96 1008.0  201.47  116.28
2453660.54635 18.2552  0.0437 3.73 1273.0  201.47  116.28
2453665.52914 18.1865  0.0410 4.43  948.0  201.47  116.28
2453670.51476 18.4056  0.0696 6.80  890.0  201.47  116.28
2453778.83898 18.3794  0.0568 5.22 1338.0  201.47  116.28
2453783.87785 18.2922  0.0303 3.50  807.0  201.47  116.28
2453785.88885 18.2423  0.0321 3.53  915.0  201.47  116.28
2453788.89285 18.3635  0.0439 4.17 1149.0  201.47  116.28
2453792.88301 18.2251  0.0285 3.88  671.0  201.47  116.28
2453794.88217 18.3353  0.0300 3.82  630.0  201.47  116.28
2453796.87393 18.4002  0.0402 4.74  653.0  201.47  116.28
2453797.87358 18.2356  0.0298 3.45  779.0  201.47  116.28
2453800.85466 18.5875  0.0582 5.51  699.0  201.47  116.28
2453802.80158 18.3860  0.0384 4.68  694.0  201.47  116.28
2453803.83417 18.3033  0.0342 4.10  879.0  201.47  116.28
2453804.88134 18.3408  0.0380 4.81  593.0  201.47  116.28
2453806.89384 18.2917  0.0308 3.84  648.0  201.47  116.28
2453808.87882 18.2639  0.0346 4.12  812.0  201.47  116.28
2453810.79480 18.3175  0.0395 4.20  991.0  201.47  116.28
2453812.78097 18.3380  0.0435 4.73  893.0  201.47  116.28
2453814.77188 18.3338  0.0412 4.16 1020.0  201.47  116.28
2453818.83681 18.2440  0.0303 3.40  820.0  201.47  116.28
2453819.89625 18.3222  0.0281 3.36  618.0  201.47  116.28
2453820.88848 18.3254  0.0302 3.68  645.0  201.47  116.28
2453821.89985 18.3173  0.0304 3.54  639.0  201.47  116.28
2453822.91170 18.2885  0.0310 3.55  708.0  201.47  116.28
2453824.90671 18.3645  0.0475 5.76  725.0  201.47  116.28
2453825.89881 18.3451  0.0362 4.35  673.0  201.47  116.28
2453827.89794 18.3263  0.0288 3.60  583.0  201.47  116.28
2453828.91008 18.3895  0.0407 4.44  653.0  201.47  116.28
2453829.90596 18.3634  0.0314 3.72  630.0  201.47  116.28
2453830.87240 18.3870  0.0344 3.76  690.0  201.47  116.28
2453832.90017 18.4011  0.0398 5.19  638.0  201.47  116.28
2453833.88858 18.2717  0.0300 3.41  697.0  201.47  116.28
2453834.81375 18.2397  0.0274 3.82  593.0  201.47  116.28
2453835.86617 18.3160  0.0277 3.48  568.0  201.47  116.28
2453836.87564 18.1616  0.0283 3.77  694.0  201.47  116.28
2453837.85442 18.3112  0.0401 4.82  752.0  201.47  116.28
2453838.85856 18.3264  0.0386 4.39  759.0  201.47  116.28
2453839.87761 18.1840  0.0457 5.42  912.0  201.47  116.28
2453840.86161 18.2641  0.0337 3.87  822.0  201.47  116.28
2453841.84491 18.3125  0.0343 3.49  921.0  201.47  116.28
2453842.75882 18.2741  0.0422 4.40 1206.0  201.47  116.28
2453842.91983 18.4816  0.0778 4.51 2728.0  201.47  116.28
2453845.84883 18.4170  0.0472 4.84  781.0  201.47  116.28
2453846.71510 18.3467  0.0363 4.77  662.0  201.47  116.28
2453846.80557 18.2881  0.0340 4.41  632.0  201.47  116.28
2453846.85327 18.3291  0.0310 3.43  705.0  201.47  116.28
2453846.87629 18.2424  0.0296 3.71  695.0  201.47  116.28
2453847.75226 18.4562  0.0580 6.65  676.0  201.47  116.28
2453847.82054 18.2710  0.0401 5.10  705.0  201.47  116.28
2453847.89514 18.2905  0.0382 4.33  754.0  201.47  116.28
2453848.72298 18.4139  0.0473 5.94  593.0  201.47  116.28
2453848.86886 18.3957  0.0410 4.29  701.0  201.47  116.28
2453849.79450 18.2233  0.0331 4.48  648.0  201.47  116.28
2453849.89807 18.3789  0.0440 4.90  676.0  201.47  116.28
2453850.77485 18.5105  0.0431 4.26  699.0  201.47  116.28
2453850.81814 18.2982  0.0363 4.05  751.0  201.47  116.28
2453851.82444 18.2867  0.0399 4.94  635.0  201.47  116.28
2453852.81654 18.3241  0.0330 4.04  635.0  201.47  116.28
2453853.80577 18.2875  0.0267 3.42  571.0  201.47  116.28
2453856.79449 18.3363  0.0382 4.29  722.0  201.47  116.28
2453858.85849 18.3585  0.0419 5.27  590.0  201.47  116.28
2453859.90354 18.5695  0.0672 6.17  703.0  201.47  116.28
2453860.84985 18.5136  0.0538 5.20  716.0  201.47  116.28
2453861.86512 18.3352  0.0351 4.46  658.0  201.47  116.28
2453862.80831 18.3084  0.0280 3.21  704.0  201.47  116.28
2453863.78655 18.2993  0.0305 3.81  649.0  201.47  116.28
2453864.80999 18.2982  0.0287 3.29  607.0  201.47  116.28
2453865.77276 18.3522  0.0359 4.13  706.0  201.47  116.28
2453866.73792 18.3616  0.0316 3.66  663.0  201.47  116.28
2453867.74527 18.3566  0.0391 3.79  871.0  201.47  116.28
2453868.74068 18.4788  0.0514 4.26 1016.0  201.47  116.28
2453869.72240 18.2375  0.0422 4.45 1152.0  201.47  116.28
2453873.72588 18.3148  0.0356 3.97  768.0  201.47  116.28
2453874.77265 18.2953  0.0466 5.91  653.0  201.47  116.28
2453875.75451 18.3074  0.0279 3.39  593.0  201.47  116.28
2453877.71423 18.2613  0.0297 4.20  547.0  201.47  116.28
2453880.78102 18.3115  0.0328 4.14  612.0  201.47  116.28
2453881.78959 18.2651  0.0278 3.46  648.0  201.47  116.28
2453882.72454 18.3582  0.0394 5.26  612.0  201.47  116.28
2453883.77631 18.2847  0.0357 4.72  578.0  201.47  116.28
2453886.73703 18.4351  0.0404 4.55  615.0  201.47  116.28
2453887.71964 18.3459  0.0315 4.00  559.0  201.47  116.28
2453889.88139 18.2662  0.0334 3.91  790.0  201.47  116.28
2453891.56362 18.3242  0.0458 6.07  700.0  201.47  116.28
2453891.61303 18.4271  0.0537 6.04  665.0  201.47  116.28
2453891.63945 18.2774  0.0337 4.36  617.0  201.47  116.28
2453891.69591 18.2275  0.0317 4.31  590.0  201.47  116.28
2453891.76121 18.4345  0.0432 4.94  627.0  201.47  116.28
2453891.79042 18.3999  0.0462 5.47  650.0  201.47  116.28
2453891.84331 18.3465  0.0344 4.15  647.0  201.47  116.28
2453891.87263 18.3543  0.0382 4.35  657.0  201.47  116.28
2453891.89888 18.2975  0.0315 4.08  633.0  201.47  116.28
2453891.92840 18.2069  0.0405 5.48  718.0  201.47  116.28
2453892.55994 18.2669  0.0496 6.13  906.0  201.47  116.28
2453892.60171 18.1820  0.0456 5.58 1036.0  201.47  116.28
2453892.65472 17.9812  0.0266 4.10  795.0  201.47  116.28
2453892.70783 18.3296  0.0355 4.10  675.0  201.47  116.28
2453892.74826 18.4049  0.0339 3.79  600.0  201.47  116.28
2453892.77152 18.2439  0.0406 5.40  651.0  201.47  116.28
2453892.78801 18.2651  0.0332 4.42  610.0  201.47  116.28
2453892.79952 18.2985  0.0443 5.54  653.0  201.47  116.28
2453892.81086 18.2351  0.0380 5.13  638.0  201.47  116.28
2453892.81945 18.1795  0.0324 4.60  638.0  201.47  116.28
2453892.82926 18.2587  0.0327 4.37  658.0  201.47  116.28
2453892.83880 18.3739  0.0371 4.37  671.0  201.47  116.28
2453892.84727 18.0811  0.0254 4.00  662.0  201.47  116.28
2453892.85576 18.3280  0.0352 4.59  653.0  201.47  116.28
2453892.86425 18.3493  0.0365 4.76  617.0  201.47  116.28
2453892.87280 18.3109  0.0332 4.51  625.0  201.47  116.28
2453892.87876 18.4588  0.0427 4.70  674.0  201.47  116.28
2453892.88172 18.4219  0.0359 3.97  676.0  201.47  116.28
2453892.88890 18.4345  0.0468 5.23  697.0  201.47  116.28
2453892.89802 18.2222  0.0307 4.01  702.0  201.47  116.28
2453892.90654 18.3459  0.0324 3.71  701.0  201.47  116.28
2453892.91499 18.3338  0.0373 4.57  709.0  201.47  116.28
2453892.92344 18.2865  0.0406 5.08  744.0  201.47  116.28
2453892.93584 18.4130  0.0491 5.34  757.0  201.47  116.28
2453892.94431 18.2850  0.0408 4.66  928.0  201.47  116.28
2453892.95031 18.3943  0.0630 4.97 1698.0  201.47  116.28
2453893.56991 18.3839  0.0540 6.05  851.0  201.47  116.28
2453893.58569 18.2566  0.0373 4.85  779.0  201.47  116.28
2453893.59690 18.3965  0.0495 5.56  787.0  201.47  116.28
2453893.61014 18.2973  0.0400 5.02  724.0  201.47  116.28
2453893.62494 18.3458  0.0379 4.53  685.0  201.47  116.28
2453893.63634 18.3284  0.0495 5.97  667.0  201.47  116.28
2453893.64795 18.3587  0.0341 3.99  625.0  201.47  116.28
2453893.65940 18.2633  0.0366 4.76  626.0  201.47  116.28
2453893.67057 18.3672  0.0341 4.09  583.0  201.47  116.28
2453893.68608 18.2895  0.0381 4.98  588.0  201.47  116.28
2453893.70033 18.3298  0.0452 5.78  589.0  201.47  116.28
2453893.71440 18.4334  0.0536 6.34  589.0  201.47  116.28
2453893.73205 18.3361  0.0509 6.60  590.0  201.47  116.28
2453893.74617 18.3672  0.0498 6.22  605.0  201.47  116.28
2453893.75753 18.3823  0.0551 6.56  637.0  201.47  116.28
2453893.76808 18.4043  0.0605 6.64  674.0  201.47  116.28
2453893.77947 18.4346  0.0501 5.39  702.0  201.47  116.28
2453893.78808 18.4035  0.0538 5.90  682.0  201.47  116.28
2453893.79661 18.2891  0.0389 4.75  672.0  201.47  116.28
2453893.80245 18.3314  0.0495 6.13  680.0  201.47  116.28
2453893.80847 18.2645  0.0436 5.59  686.0  201.47  116.28
2453893.81415 18.3493  0.0444 5.25  680.0  201.47  116.28
2453893.82352 18.5345  0.0518 5.35  650.0  201.47  116.28
2453893.83208 18.3803  0.0534 6.25  664.0  201.47  116.28
2453893.84058 18.5435  0.0591 5.95  678.0  201.47  116.28
2453893.85486 18.3631  0.0494 5.73  721.0  201.47  116.28
2453893.86397 18.3173  0.0414 4.97  699.0  201.47  116.28
2453893.87241 18.1703  0.0396 5.52  703.0  201.47  116.28
2453893.88944 18.3164  0.0414 4.93  726.0  201.47  116.28
2453893.89846 18.3617  0.0391 4.48  737.0  201.47  116.28
2453893.90467 18.3267  0.0535 6.06  776.0  201.47  116.28
2453893.91353 18.3908  0.0485 5.30  799.0  201.47  116.28
2453893.92196 18.3125  0.0532 6.37  804.0  201.47  116.28
2453893.93125 18.2735  0.0495 5.95  828.0  201.47  116.28
2453894.62941 18.6571  0.0650 6.20  609.0  201.47  116.28
2453894.71865 18.2540  0.0360 4.84  574.0  201.47  116.28
2453894.75976 18.3808  0.0466 5.41  614.0  201.47  116.28
2453894.79842 18.3256  0.0465 5.82  641.0  201.47  116.28
2453894.81652 18.3833  0.0488 5.82  671.0  201.47  116.28
2453894.84943 18.4530  0.0522 6.03  604.0  201.47  116.28
2453894.88216 18.2791  0.0409 5.32  598.0  201.47  116.28
2453896.56699 18.3513  0.0665 6.59 1181.0  201.47  116.28
2453896.76695 18.3004  0.0435 5.04  921.0  201.47  116.28
2453896.81567 18.4219  0.0727 7.00 1004.0  201.47  116.28
2453900.66370 18.2130  0.0467 3.86 1914.0  201.47  116.28
2453901.66924 18.3405  0.0392 4.50  703.0  201.47  116.28
2453902.68675 18.3457  0.0330 4.03  674.0  201.47  116.28
2453903.82755 18.3159  0.0367 4.51  655.0  201.47  116.28
2453904.66661 18.3110  0.0274 3.27  607.0  201.47  116.28
2453905.67729 18.2813  0.0288 3.41  576.0  201.47  116.28
2453906.65513 18.3542  0.0365 4.62  691.0  201.47  116.28
2453907.72116 18.2967  0.0447 5.57  681.0  201.47  116.28
2453908.66105 18.2826  0.0273 3.06  673.0  201.47  116.28
2453909.65918 18.3424  0.0263 3.64  497.0  201.47  116.28
2453912.66327 18.3145  0.0243 3.06  534.0  201.47  116.28
2453913.66345 18.3529  0.0290 3.77  540.0  201.47  116.28
2453914.71120 18.3371  0.0301 4.08  523.0  201.47  116.28
2453915.66035 18.3814  0.0331 4.19  518.0  201.47  116.28
2453916.74209 18.4198  0.0537 6.33  652.0  201.47  116.28
2453917.75925 18.2188  0.0350 5.10  624.0  201.47  116.28
2453918.75957 18.2924  0.0343 4.67  556.0  201.47  116.28
2453919.68974 18.2829  0.0302 4.13  565.0  201.47  116.28
2453920.64343 18.1931  0.0357 4.86  588.0  201.47  116.28
2453921.65189 18.3290  0.0479 5.44  662.0  201.47  116.28
2453930.71353 18.3249  0.0360 4.01  887.0  201.47  116.28
2453931.62970 18.3112  0.0363 4.30  716.0  201.47  116.28
2453932.59358 18.3320  0.0291 3.62  664.0  201.47  116.28
2453933.64044 18.3152  0.0250 3.27  518.0  201.47  116.28
2453934.60747 18.3619  0.0303 3.73  621.0  201.47  116.28
2453934.81265 18.3555  0.0421 4.79  704.0  201.47  116.28
2453935.58848 18.3738  0.0328 3.77  571.0  201.47  116.28
2453936.57355 18.3112  0.0352 4.48  627.0  201.47  116.28
2453937.65232 18.3681  0.0381 4.37  650.0  201.47  116.28
2453938.61780 18.3116  0.0313 3.94  573.0  201.47  116.28
2453940.75860 18.2847  0.0268 3.81  501.0  201.47  116.28
2453944.71363 18.3233  0.0303 4.13  533.0  201.47  116.28
2453945.64988 18.4081  0.0394 4.51  658.0  201.47  116.28
2453946.64570 18.3939  0.0378 4.86  538.0  201.47  116.28
2453950.66124 18.2692  0.0318 4.56  547.0  201.47  116.28
2453951.67204 18.3195  0.0670 5.45 1726.0  201.47  116.28
2453957.72126 18.3777  0.0626 6.61  950.0  201.47  116.28
2453959.63284 18.4420  0.0417 4.68  649.0  201.47  116.28
2453960.62396 18.3255  0.0325 4.10  588.0  201.47  116.28
2453963.62937 18.3450  0.0327 4.13  568.0  201.47  116.28
2453964.66553 18.3620  0.0310 3.79  506.0  201.47  116.28
2453965.64038 18.2895  0.0264 3.26  526.0  201.47  116.28
2453966.63486 18.3987  0.0369 3.99  567.0  201.47  116.28
2453967.65827 18.2403  0.0302 4.22  479.0  201.47  116.28
2453968.61778 18.4082  0.0397 4.55  556.0  201.47  116.28
2453969.62825 18.4183  0.0454 5.16  549.0  201.47  116.28
2453970.63501 18.4511  0.0420 4.78  507.0  201.47  116.28
2453971.66637 18.2867  0.0303 3.60  543.0  201.47  116.28
2453973.69459 18.4232  0.0431 5.66  549.0  201.47  116.28
2453974.63214 18.2913  0.0349 4.89  537.0  201.47  116.28
2453975.62468 18.2829  0.0316 4.38  587.0  201.47  116.28
2453976.61864 18.3628  0.0386 4.92  641.0  201.47  116.28
2453979.65381 18.5783  0.0552 5.45  641.0  201.47  116.28
2453982.68651 18.2600  0.0652 6.42 1322.0  201.47  116.28
2453986.66715 18.0856  0.0399 5.42  907.0  201.47  116.28
2453987.61592 18.2915  0.0297 3.49  755.0  201.47  116.28
2453988.64806 18.3600  0.0335 3.86  798.0  201.47  116.28
2453989.56620 18.1961  0.0377 4.86  641.0  201.47  116.28
2453991.56760 18.4686  0.0529 6.21  620.0  201.47  116.28
2453995.51543 18.2978  0.0375 4.96  617.0  201.47  116.28
2454001.58578 18.3558  0.0353 3.53  683.0  201.47  116.28
2454002.62140 18.2465  0.0346 4.59  626.0  201.47  116.28
2454003.57586 18.2551  0.0261 3.32  673.0  201.47  116.28
2454011.55918 18.4549  0.0556 5.53  805.0  201.47  116.28
2454015.58814 18.3685  0.0521 5.00 1073.0  201.47  116.28
2454017.56182 18.4023  0.0423 3.83 1089.0  201.47  116.28
2454019.56318 18.2014  0.0381 4.43  771.0  201.47  116.28
2454021.58609 18.5189  0.0545 4.84  948.0  201.47  116.28
2454025.50433 18.1795  0.0367 4.79  828.0  201.47  116.28
2454027.51210 18.2193  0.0392 4.95  757.0  201.47  116.28
2454029.55363 18.4098  0.0564 5.72  815.0  201.47  116.28
2454151.89462 18.3196  0.0550 5.04 1281.0  201.47  116.28
2454155.85862 18.3282  0.0404 4.36  793.0  201.47  116.28
2454158.82038 18.2595  0.0418 4.53 1038.0  201.47  116.28
2454160.87996 18.4151  0.0627 6.22  865.0  201.47  116.28
2454162.87113 18.2722  0.0486 5.27 1056.0  201.47  116.28
2454165.85556 18.2964  0.0526 4.80 1401.0  201.47  116.28
2454167.84848 18.3407  0.0631 5.75 1078.0  201.47  116.28
2454169.85083 18.3421  0.0415 3.75  952.0  201.47  116.28
2454174.86490 18.3030  0.0414 4.38  846.0  201.47  116.28
2454176.84219 18.2720  0.0369 3.59  871.0  201.47  116.28
2454177.89909 18.3501  0.0403 4.55  653.0  201.47  116.28
2454179.79339 18.3509  0.0436 4.88  786.0  201.47  116.28
2454180.84536 18.3728  0.0549 6.44  738.0  201.47  116.28
2454182.77029 18.2378  0.0353 4.23  719.0  201.47  116.28
2454183.80723 18.2672  0.0404 4.92  726.0  201.47  116.28
2454185.78299 18.3430  0.0452 5.42  729.0  201.47  116.28
2454190.88106 18.3109  0.0385 4.33  736.0  201.47  116.28
2454192.88525 18.3222  0.0391 4.31  793.0  201.47  116.28
2454193.89627 18.3275  0.0413 4.50  856.0  201.47  116.28
2454196.87591 18.2259  0.0356 4.07  879.0  201.47  116.28
2454202.88754 18.3129  0.0344 3.77  714.0  201.47  116.28
2454203.87569 18.2544  0.0311 3.48  790.0  201.47  116.28
2454204.88251 18.3200  0.0367 3.89  767.0  201.47  116.28
2454205.87133 18.3128  0.0359 4.14  696.0  201.47  116.28
2454207.89526 18.3340  0.0359 3.70  742.0  201.47  116.28
2454208.90472 18.3654  0.0451 4.86  783.0  201.47  116.28
2454213.87616 18.2934  0.0322 3.58  726.0  201.47  116.28
2454215.91036 18.3489  0.0397 4.54  734.0  201.47  116.28
2454216.83484 18.2479  0.0362 4.45  696.0  201.47  116.28
2454217.85713 18.3579  0.0308 3.25  690.0  201.47  116.28
2454218.90146 18.3180  0.0349 3.89  736.0  201.47  116.28
2454220.88284 18.3224  0.0516 5.08  955.0  201.47  116.28
2454222.84532 18.3320  0.0420 4.20  973.0  201.47  116.28
2454228.84926 18.3626  0.0519 5.33  990.0  201.47  116.28
2454229.81471 18.3493  0.0420 4.15  928.0  201.47  116.28
2454230.79584 18.2824  0.0327 3.65  740.0  201.47  116.28
2454231.83814 18.2592  0.0379 4.21  821.0  201.47  116.28
2454232.85909 18.3813  0.0643 6.39  947.0  201.47  116.28
2454234.79379 18.2720  0.0336 3.75  781.0  201.47  116.28
2454234.83126 18.3548  0.0363 3.59  837.0  201.47  116.28
2454235.81766 18.3465  0.0370 3.97  754.0  201.47  116.28
2454237.63453 18.4098  0.0588 6.42  829.0  201.47  116.28
2454238.82223 18.3292  0.0512 5.54  885.0  201.47  116.28
2454240.61593 18.3182  0.0584 6.16  952.0  201.47  116.28
2454243.86855 18.4335  0.0579 5.88  822.0  201.47  116.28
2454244.87526 18.3050  0.0457 4.87  882.0  201.47  116.28
2454245.90971 18.3436  0.0470 5.26  780.0  201.47  116.28
2454246.92260 18.2614  0.0471 5.03  960.0  201.47  116.28
2454247.57968 18.5062  0.0437 6.21  401.0  201.47  116.28
2454250.90891 18.3200  0.0579 5.41 1246.0  201.47  116.28
2454256.80725 18.4279  0.0590 5.61  976.0  201.47  116.28
2454257.69115 18.3145  0.0485 5.50  763.0  201.47  116.28
2454258.79426 18.2991  0.0458 5.26  851.0  201.47  116.28
2454268.57531 18.1923  0.0460 6.08  799.0  201.47  116.28
2454269.71511 18.2503  0.0336 4.02  616.0  201.47  116.28
2454272.63695 18.2746  0.0328 3.87  727.0  201.47  116.28
2454273.68439 18.3121  0.0438 4.86  802.0  201.47  116.28
2454274.66824 18.3261  0.0430 4.77  868.0  201.47  116.28
2454275.72502 18.3518  0.0467 4.56  933.0  201.47  116.28
2454277.56591 18.3483  0.0592 5.98  969.0  201.47  116.28
2454278.69899 18.2582  0.0472 5.18  833.0  201.47  116.28
2454283.64600 18.3290  0.0394 3.56 1117.0  201.47  116.28
2454284.62746 18.4156  0.0504 4.25 1109.0  201.47  116.28
2454285.63443 18.4533  0.0610 5.38  994.0  201.47  116.28
2454286.72817 18.4249  0.0884 6.36 1862.0  201.47  116.28
2454289.67790 18.4083  0.0623 6.02  882.0  201.47  116.28
2454290.75709 18.4499  0.0591 6.02  684.0  201.47  116.28
2454291.75529 18.3252  0.0457 5.49  686.0  201.47  116.28
2454292.61284 18.3431  0.0352 3.97  693.0  201.47  116.28
2454293.64058 18.3088  0.0315 3.55  641.0  201.47  116.28
2454294.68184 18.3737  0.0382 4.33  642.0  201.47  116.28
2454295.64185 18.3136  0.0347 4.53  524.0  201.47  116.28
2454296.62102 18.3545  0.0359 4.29  580.0  201.47  116.28
2454297.55254 18.3304  0.0339 3.77  653.0  201.47  116.28
2454298.78340 18.3600  0.0573 6.38  728.0  201.47  116.28
2454299.75421 18.3297  0.0351 4.68  571.0  201.47  116.28
2454300.68421 18.3992  0.0444 5.08  575.0  201.47  116.28
2454301.55350 18.2897  0.0347 3.94  794.0  201.47  116.28
2454302.78742 18.3050  0.0496 6.26  615.0  201.47  116.28
2454306.54448 18.2728  0.0550 6.09  935.0  201.47  116.28
2454307.56495 18.3100  0.0385 3.72  989.0  201.47  116.28
2454311.58698 18.2562  0.0500 4.58 1403.0  201.47  116.28
2454312.65423 18.3278  0.0408 4.56 1020.0  201.47  116.28
2454317.64131 18.3772  0.0466 5.28  663.0  201.47  116.28
2454319.65029 18.3428  0.0452 5.22  709.0  201.47  116.28
2454326.65949 18.3058  0.0462 5.98  649.0  201.47  116.28
2454327.69448 18.4078  0.0529 5.51  738.0  201.47  116.28
2454328.62925 18.3227  0.0412 4.88  628.0  201.47  116.28
2454329.62066 18.3339  0.0468 5.15  692.0  201.47  116.28
2454330.63389 18.3424  0.0382 4.26  648.0  201.47  116.28
2454331.62930 18.2456  0.0389 5.08  599.0  201.47  116.28
2454332.68398 18.2968  0.0422 4.62  854.0  201.47  116.28
2454333.63312 18.4646  0.0594 5.99  781.0  201.47  116.28
2454334.64657 18.3634  0.0716 4.93 2053.0  201.47  116.28
2454338.66618 18.2337  0.0537 5.18 1308.0  201.47  116.28
2454339.63617 18.3473  0.0495 4.90 1077.0  201.47  116.28
2454340.69934 18.2478  0.0516 4.49 1556.0  201.47  116.28
2454341.67691 18.5800  0.0880 6.02 1247.0  201.47  116.28
2454342.67723 18.2504  0.0505 5.85  906.0  201.47  116.28
2454343.64705 18.2958  0.0404 4.42  857.0  201.47  116.28
2454345.64690 18.3119  0.0535 5.66  972.0  201.47  116.28
2454346.65206 18.4063  0.0668 6.77  833.0  201.47  116.28
2454347.66621 18.4168  0.0456 4.85  741.0  201.47  116.28
2454348.65230 18.3045  0.0428 4.98  738.0  201.47  116.28
2454349.64122 18.2586  0.0370 4.89  626.0  201.47  116.28
2454350.66581 18.3638  0.0434 4.97  732.0  201.47  116.28
2454351.63668 18.3148  0.0419 5.05  680.0  201.47  116.28
2454354.64540 18.4246  0.0556 6.05  731.0  201.47  116.28
2454357.58348 18.4516  0.0640 6.42  772.0  201.47  116.28
2454359.55225 18.3502  0.0578 6.51  760.0  201.47  116.28
2454365.59843 18.2348  0.0564 5.66 1257.0  201.47  116.28
2454368.60145 18.5076  0.0762 6.24 1106.0  201.47  116.28
2454370.55708 18.2804  0.0368 3.70 1038.0  201.47  116.28
2454372.58990 18.3368  0.0419 4.13  918.0  201.47  116.28
2454377.55063 18.3087  0.0470 5.17  855.0  201.47  116.28
2454381.59301 18.4683  0.0722 5.64 1242.0  201.47  116.28
2454515.89415 18.4756  0.0580 5.25  938.0  201.47  116.28
2454520.87316 18.3048  0.0533 5.90  923.0  201.47  116.28
2454523.85670 18.3386  0.0594 5.90 1003.0  201.47  116.28
2454525.85142 18.3622  0.0664 4.00 2768.0  201.47  116.28
2454532.87629 18.3451  0.0398 4.70  712.0  201.47  116.28
2454534.90067 18.3813  0.0524 5.87  715.0  201.47  116.28
2454536.91052 18.2988  0.0522 4.67 1437.0  201.47  116.28
2454537.79173 18.3101  0.0510 6.29  738.0  201.47  116.28
2454538.90513 18.3383  0.0434 4.30  933.0  201.47  116.28
2454539.79651 18.2707  0.0375 4.47  774.0  201.47  116.28
2454541.82839 18.2757  0.0452 5.69  688.0  201.47  116.28
2454543.81809 18.3567  0.0377 4.45  701.0  201.47  116.28
2454544.81498 18.3109  0.0451 5.10  876.0  201.47  116.28
2454545.83249 18.4185  0.0442 4.25  898.0  201.47  116.28
2454547.80632 18.2992  0.0393 4.11  995.0  201.47  116.28
2454550.80534 18.3875  0.0559 5.62  874.0  201.47  116.28
2454552.79539 18.3267  0.0541 4.83 1325.0  201.47  116.28
2454556.88713 18.3879  0.0335 3.51  690.0  201.47  116.28
2454557.91279 18.2852  0.0330 4.35  756.0  201.47  116.28
2454558.87930 18.3767  0.0416 4.45  707.0  201.47  116.28
2454559.87723 18.3862  0.0375 4.27  658.0  201.47  116.28
2454560.87740 18.3745  0.0317 3.40  617.0  201.47  116.28
2454564.87058 18.2505  0.0274 3.54  590.0  201.47  116.28
2454565.86027 18.3113  0.0260 3.06  638.0  201.47  116.28
2454566.86148 18.3644  0.0328 3.53  658.0  201.47  116.28
2454567.86705 18.2517  0.0289 3.41  659.0  201.47  116.28
2454568.89900 18.3302  0.0363 4.26  863.0  201.47  116.28
2454569.88223 18.3463  0.0358 4.04  686.0  201.47  116.28
2454570.89077 18.2937  0.0353 4.10  745.0  201.47  116.28
2454571.85247 18.3689  0.0328 3.52  672.0  201.47  116.28
2454572.89085 18.4644  0.0520 5.11  775.0  201.47  116.28
2454573.86609 18.3220  0.0283 3.32  641.0  201.47  116.28
2454574.87463 18.2892  0.0382 4.50  852.0  201.47  116.28
2454575.88264 18.3080  0.0332 3.33  881.0  201.47  116.28
2454583.77483 18.4124  0.0648 4.80 1664.0  201.47  116.28
2454585.83584 18.3295  0.0365 4.12  756.0  201.47  116.28
2454586.85864 18.2978  0.0372 4.23  790.0  201.47  116.28
2454587.87053 18.3892  0.0548 6.00  761.0  201.47  116.28
2454588.76070 18.3096  0.0365 4.12  702.0  201.47  116.28
2454589.73009 18.3098  0.0412 4.70  728.0  201.47  116.28
2454590.80974 18.3267  0.0407 4.63  722.0  201.47  116.28
2454591.72256 18.3716  0.0379 3.84  843.0  201.47  116.28
2454592.79611 18.3084  0.0430 3.95 1008.0  201.47  116.28
2454593.78156 18.4016  0.0411 4.39  729.0  201.47  116.28
2454594.80991 18.2690  0.0329 4.07  720.0  201.47  116.28
2454595.80073 18.2828  0.0322 4.00  676.0  201.47  116.28
2454596.75640 18.2817  0.0305 3.78  624.0  201.47  116.28
2454597.81820 18.3246  0.0365 4.21  757.0  201.47  116.28
2454598.78774 18.3044  0.0283 3.28  583.0  201.47  116.28
2454599.76696 18.2623  0.0303 3.92  628.0  201.47  116.28
2454601.77792 18.3145  0.0300 3.44  647.0  201.47  116.28
2454602.78159 18.2594  0.0283 3.25  736.0  201.47  116.28
2454606.83528 18.2385  0.0322 3.40 1085.0  201.47  116.28
2454611.75902 18.3535  0.0410 4.10  937.0  201.47  116.28
2454616.75119 18.2856  0.0312 3.79  627.0  201.47  116.28
2454616.93346 18.4595  0.0629 5.63 1055.0  201.47  116.28
2454617.93551 18.4018  0.0645 6.26 1025.0  201.47  116.28
2454618.65557 18.3247  0.0404 4.69  739.0  201.47  116.28
2454622.73428 18.4142  0.0447 5.01  713.0  201.47  116.28
2454623.80734 18.2361  0.0418 5.35  776.0  201.47  116.28
2454624.74608 18.3731  0.0436 4.68  792.0  201.47  116.28
2454625.72906 18.3729  0.0442 4.56  741.0  201.47  116.28
2454626.79113 18.5100  0.0527 5.64  627.0  201.47  116.28
2454627.70838 18.3278  0.0326 4.10  569.0  201.47  116.28
2454628.69722 18.3625  0.0363 4.38  708.0  201.47  116.28
2454629.76675 18.2995  0.0290 3.36  660.0  201.47  116.28
2454630.70592 18.2351  0.0312 3.70  722.0  201.47  116.28
2454631.72119 18.3283  0.0282 3.25  633.0  201.47  116.28
2454632.75564 18.2693  0.0325 3.77  758.0  201.47  116.28
2454633.89110 18.4372  0.0634 4.88 1504.0  201.47  116.28
2454639.84375 18.4651  0.0908 6.37 1659.0  201.47  116.28
2454640.84821 18.5118  0.0739 6.17 1144.0  201.47  116.28
2454641.88578 18.3570  0.0617 5.94 1145.0  201.47  116.28
2454642.53163 18.2720  0.0469 5.02 1084.0  201.47  116.28
2454644.77814 18.3739  0.0378 4.04  673.0  201.47  116.28
2454645.69045 18.3050  0.0363 4.16  672.0  201.47  116.28
2454649.66422 18.3744  0.0395 4.46  663.0  201.47  116.28
2454650.70224 18.2816  0.0326 3.90  721.0  201.47  116.28
2454652.63544 18.3714  0.0395 4.02  786.0  201.47  116.28
2454653.63041 18.2695  0.0332 3.98  732.0  201.47  116.28
2454654.66744 18.4370  0.0468 4.93  731.0  201.47  116.28
2454655.63866 18.3456  0.0359 3.89  748.0  201.47  116.28
2454656.63478 18.3415  0.0395 3.60  820.0  201.47  116.28
2454658.79201 18.2531  0.0483 5.48  848.0  201.47  116.28
2454661.62443 18.2804  0.0315 3.27  845.0  201.47  116.28
2454666.49566 18.2575  0.0524 5.26 1320.0  201.47  116.28
2454670.72714 18.4192  0.0493 5.21  764.0  201.47  116.28
2454671.68075 18.3011  0.0342 4.38  593.0  201.47  116.28
2454672.64049 18.3213  0.0449 5.45  726.0  201.47  116.28
2454674.66842 18.3471  0.0398 4.90  639.0  201.47  116.28
2454677.71262 18.2817  0.0380 4.86  657.0  201.47  116.28
2454679.67646 18.3954  0.0536 6.21  593.0  201.47  116.28
2454681.69650 18.3869  0.0501 5.81  652.0  201.47  116.28
2454682.69417 18.3529  0.0385 4.77  611.0  201.47  116.28
2454683.65020 18.2830  0.0410 5.08  697.0  201.47  116.28
2454684.66895 18.3519  0.0489 5.41  676.0  201.47  116.28
2454684.76213 18.2845  0.0470 5.76  804.0  201.47  116.28
2454685.69478 18.3237  0.0399 4.50  707.0  201.47  116.28
2454686.76734 18.4559  0.0458 4.98  674.0  201.47  116.28
2454687.68306 18.2811  0.0438 5.20  774.0  201.47  116.28
2454688.62890 18.4173  0.0387 3.95  687.0  201.47  116.28
2454694.71302 18.5002  0.0808 6.39 1116.0  201.47  116.28
2454697.63780 18.3294  0.0476 5.62  751.0  201.47  116.28
2454698.65588 18.2267  0.0407 5.28  724.0  201.47  116.28
2454700.65113 18.4142  0.0407 4.39  661.0  201.47  116.28
2454701.63445 18.3426  0.0387 4.70  599.0  201.47  116.28
2454702.64888 18.1623  0.0356 5.18  591.0  201.47  116.28
2454708.67055 18.3996  0.0475 4.99  729.0  201.47  116.28
2454715.63159 18.2832  0.0497 5.99  812.0  201.47  116.28
2454720.63727 18.3285  0.0743 5.36 2118.0  201.47  116.28
2454721.63747 18.3574  0.0685 6.28 1118.0  201.47  116.28
2454722.63531 18.3015  0.0516 5.23 1044.0  201.47  116.28
2454725.60818 18.3314  0.0594 5.34 1204.0  201.47  116.28
2454726.63643 18.4939  0.0742 6.68  881.0  201.47  116.28
2454733.59746 18.4633  0.0618 6.27  743.0  201.47  116.28
2454739.49025 18.3466  0.0465 4.91  833.0  201.47  116.28
2454750.53956 18.3505  0.0583 5.23 1145.0  201.47  116.28
2454756.57260 18.5827  0.0893 6.16 1196.0  201.47  116.28
2454763.52275 18.2909  0.0496 5.70  839.0  201.47  116.28
2454876.89046 18.3260  0.0510 4.87 1226.0  201.47  116.28
2454883.87667 18.4125  0.0617 6.58  822.0  201.47  116.28
2454886.84342 18.3416  0.0469 5.37  834.0  201.47  116.28
2454890.81593 18.3054  0.0508 6.04  731.0  201.47  116.28
2454892.89876 18.5380  0.0710 6.27  876.0  201.47  116.28
2454894.86689 18.2542  0.0403 5.09  738.0  201.47  116.28
2454898.85110 18.3191  0.0358 3.92  765.0  201.47  116.28
2454900.84568 18.2795  0.0419 4.75  944.0  201.47  116.28
2454901.89728 18.3282  0.0314 3.09  847.0  201.47  116.28
2454902.82292 18.2499  0.0369 4.09  914.0  201.47  116.28
2454903.88557 18.3015  0.0339 3.40  837.0  201.47  116.28
2454904.85105 18.2852  0.0349 3.79  838.0  201.47  116.28
2454906.90410 18.1855  0.0372 4.75  888.0  201.47  116.28
2454911.88629 18.2946  0.0269 3.13  640.0  201.47  116.28
2454913.89968 18.3034  0.0309 4.05  659.0  201.47  116.28
2454924.89491 18.3186  0.0334 3.99  672.0  201.47  116.28
2454926.74570 18.3079  0.0412 4.45  961.0  201.47  116.28
2454930.73708 18.3279  0.0531 5.52 1164.0  201.47  116.28
2454931.87923 18.3098  0.0384 4.36  930.0  201.47  116.28
2454932.78711 18.3605  0.0378 3.74  908.0  201.47  116.28
2454933.73133 18.3249  0.0517 5.34 1118.0  201.47  116.28
2454938.84144 18.3115  0.0374 4.15  896.0  201.47  116.28
2454940.78616 18.3751  0.0367 4.15  692.0  201.47  116.28
2454942.86341 18.3335  0.0347 4.81  690.0  201.47  116.28
2454943.72061 18.2362  0.0313 4.23  655.0  201.47  116.28
2454944.78550 18.4445  0.0358 3.46  683.0  201.47  116.28
2454949.79994 18.2492  0.0278 3.28  714.0  201.47  116.28
2454950.70868 18.3237  0.0408 4.72  740.0  201.47  116.28
2454951.82490 18.2433  0.0380 5.08  849.0  201.47  116.28
2454953.72950 18.3713  0.0377 3.76  707.0  201.47  116.28
2454955.84517 18.3964  0.0450 5.26  763.0  201.47  116.28
