2452125.62533 17.7377  0.0410 5.58 2101.0  554.10  181.54
2452129.70073 17.7860  0.0228 4.23  748.0  554.10  181.54
2452132.64227 17.7783  0.0228 4.06  753.0  554.10  181.54
2452136.54633 17.7351  0.0296 5.97  709.0  554.10  181.54
2452141.55810 17.7853  0.0238 4.13  718.0  554.10  181.54
2452144.64737 17.7399  0.0222 4.02  651.0  554.10  181.54
2452160.61582 17.7586  0.0302 5.57  866.0  554.10  181.54
2452175.65388 17.8473  0.0448 6.45 1428.0  554.10  181.54
2452188.50518 17.7286  0.0356 6.93  774.0  554.10  181.54
2452211.50985 17.6985  0.0449 7.22 1341.0  554.10  181.54
2452332.87776 17.7218  0.0405 4.50 2830.0  554.10  181.54
2452347.84165 17.7432  0.0225 3.95  716.0  554.10  181.54
2452357.86918 17.7650  0.0266 5.06  727.0  554.10  181.54
2452372.85709 17.7701  0.0256 4.55  840.0  554.10  181.54
2452383.88281 17.7261  0.0223 3.98  738.0  554.10  181.54
2452388.79973 17.7255  0.0289 5.16  862.0  554.10  181.54
2452390.82910 17.7576  0.0248 3.88  999.0  554.10  181.54
2452397.70936 17.7881  0.0260 4.00 1040.0  554.10  181.54
2452401.83849 17.8101  0.0256 4.10  867.0  554.10  181.54
2452403.91551 17.7556  0.0239 4.04  876.0  554.10  181.54
2452405.90289 17.7811  0.0262 4.21  903.0  554.10  181.54
2452411.74318 18.2166  0.0302 4.66  621.0  554.10  181.54
2452414.91328 17.7677  0.0345 6.67  813.0  554.10  181.54
2452416.86028 17.7270  0.0267 4.55  876.0  554.10  181.54
2452424.83132 17.7524  0.0273 4.41 1015.0  554.10  181.54
2452428.85625 17.7616  0.0317 5.88  826.0  554.10  181.54
2452434.75460 17.8009  0.0233 3.56  796.0  554.10  181.54
2452436.80336 17.7489  0.0249 4.33  817.0  554.10  181.54
2452438.76410 17.7765  0.0220 3.85  687.0  554.10  181.54
2452441.74184 17.7754  0.0224 3.86  750.0  554.10  181.54
2452445.64738 17.7482  0.0229 4.15  733.0  554.10  181.54
2452455.70603 17.4705  0.0265 4.63 1779.0  554.10  181.54
2452459.62612 17.6775  0.0183 4.53  571.0  554.10  181.54
2452463.55746 17.7776  0.0282 5.15  730.0  554.10  181.54
2452466.65955 17.7462  0.0250 4.72  648.0  554.10  181.54
2452468.68970 17.7468  0.0228 4.13  650.0  554.10  181.54
2452470.67227 17.7591  0.0235 4.40  619.0  554.10  181.54
2452472.69738 17.7415  0.0236 4.67  665.0  554.10  181.54
2452481.57390 17.7449  0.0333 5.76  903.0  554.10  181.54
2452484.63643 17.7586  0.0279 5.18  711.0  554.10  181.54
2452486.72848 17.7417  0.0328 6.29  767.0  554.10  181.54
2452489.60245 17.7821  0.0228 4.13  635.0  554.10  181.54
2452490.48631 17.7481  0.0267 4.85  825.0  554.10  181.54
2452490.69669 17.7870  0.0265 5.04  696.0  554.10  181.54
2452491.48717 17.7299  0.0431 7.25  841.0  554.10  181.54
2452492.55008 17.7552  0.0255 4.74  749.0  554.10  181.54
2452493.49113 17.7609  0.0247 3.94  910.0  554.10  181.54
2452493.65826 17.7140  0.0239 4.16  822.0  554.10  181.54
2452495.76013 17.7732  0.0309 5.09 1056.0  554.10  181.54
2452498.52368 17.7407  0.0192 3.17  683.0  554.10  181.54
2452500.56821 17.7717  0.0226 3.62  815.0  554.10  181.54
2452502.57939 17.7379  0.0227 3.83  850.0  554.10  181.54
2452508.67979 17.7242  0.0294 4.56 1165.0  554.10  181.54
2452512.62613 17.7406  0.0264 4.38  895.0  554.10  181.54
2452517.57998 17.7682  0.0274 4.94  774.0  554.10  181.54
2452520.59536 17.7587  0.0249 4.48  754.0  554.10  181.54
2452528.50065 17.7852  0.0296 4.89  906.0  554.10  181.54
2452538.50706 17.7144  0.0272 4.36 1021.0  554.10  181.54
2452542.53430 17.7474  0.0331 3.80 2186.0  554.10  181.54
2452552.50829 17.7741  0.0301 5.01  955.0  554.10  181.54
2452556.59241 17.7388  0.0324 5.13 1183.0  554.10  181.54
2452563.50682 17.7572  0.0257 4.05  970.0  554.10  181.54
2452575.53467 17.5891  0.0279 5.47 1143.0  554.10  181.54
2452707.87954 17.7370  0.0224 3.88  750.0  554.10  181.54
2452714.91495 17.7898  0.0276 3.81 1324.0  554.10  181.54
2452729.84883 17.7611  0.0296 5.58  797.0  554.10  181.54
2452734.78931 17.7493  0.0221 3.52  844.0  554.10  181.54
2452744.92674 17.7564  0.0255 3.57 1445.0  554.10  181.54
2452753.90071 17.7363  0.0261 4.65  931.0  554.10  181.54
2452757.81296 17.7732  0.0255 4.22 1002.0  554.10  181.54
2452761.83008 17.7999  0.0300 5.02  904.0  554.10  181.54
2452767.80817 17.7756  0.0335 6.02  928.0  554.10  181.54
2452775.73450 17.7494  0.0376 5.47 1465.0  554.10  181.54
2452783.83855 17.7614  0.0220 3.79  800.0  554.10  181.54
2452785.76418 17.7618  0.0273 4.82  873.0  554.10  181.54
2452787.61449 17.7980  0.0316 5.26  998.0  554.10  181.54
2452789.77122 17.7638  0.0228 3.77  841.0  554.10  181.54
2452791.72764 17.7493  0.0230 4.11  678.0  554.10  181.54
2452794.94181 17.7737  0.0310 4.75 1209.0  554.10  181.54
2452796.84141 17.7801  0.0222 3.44  698.0  554.10  181.54
2452797.90261 17.8560  0.0369 5.83  922.0  554.10  181.54
2452809.73057 17.6722  0.0287 5.29  902.0  554.10  181.54
2452811.65765 17.7656  0.0358 6.74  864.0  554.10  181.54
2452812.72939 17.7417  0.0385 7.00  866.0  554.10  181.54
2452813.84297 17.7480  0.0294 5.04  894.0  554.10  181.54
2452814.76225 17.7522  0.0262 4.53  779.0  554.10  181.54
2452816.62697 17.7254  0.0211 3.72  599.0  554.10  181.54
2452818.59818 17.7830  0.0263 4.90  695.0  554.10  181.54
2452820.80490 17.7795  0.0255 4.12  835.0  554.10  181.54
2452826.76838 17.8039  0.0290 5.53  683.0  554.10  181.54
2452835.65677 17.7632  0.0292 4.24 1124.0  554.10  181.54
2452837.64930 17.6354  0.0379 4.45 2880.0  554.10  181.54
2452839.72183 17.7527  0.0274 4.96  786.0  554.10  181.54
2452841.73111 17.7377  0.0239 3.81  868.0  554.10  181.54
2452843.66169 17.7511  0.0248 4.56  897.0  554.10  181.54
2452845.66827 17.7585  0.0241 4.29  721.0  554.10  181.54
2452850.53631 17.7385  0.0226 3.53 1024.0  554.10  181.54
2452852.54873 17.7295  0.0346 6.40  893.0  554.10  181.54
2452854.55241 17.7882  0.0276 4.70  901.0  554.10  181.54
2452856.74280 17.7516  0.0401 6.73 1071.0  554.10  181.54
2452858.69544 17.7705  0.0251 4.09  955.0  554.10  181.54
2452862.60815 17.7819  0.0349 5.32 1120.0  554.10  181.54
2452865.71174 17.7093  0.0320 4.54 1592.0  554.10  181.54
2452868.59794 17.7493  0.0224 4.02  732.0  554.10  181.54
2452876.59425 17.7458  0.0273 5.27  700.0  554.10  181.54
2452879.64453 17.6966  0.0251 5.01  691.0  554.10  181.54
2452884.67488 17.7876  0.0347 6.05  909.0  554.10  181.54
2452892.66328 17.7665  0.0408 5.71 1434.0  554.10  181.54
2452895.63697 17.7471  0.0228 3.48  962.0  554.10  181.54
2452900.56519 17.7502  0.0290 5.15  886.0  554.10  181.54
2452906.51710 17.7124  0.0322 6.15  932.0  554.10  181.54
2452911.54127 17.7565  0.0287 5.21  846.0  554.10  181.54
2452918.56527 17.7806  0.0347 5.37 1140.0  554.10  181.54
2452930.58624 17.8106  0.0355 5.14 1213.0  554.10  181.54
2453059.82158 17.7400  0.0270 4.63  884.0  554.10  181.54
2453064.83838 17.7713  0.0363 5.73 1115.0  554.10  181.54
2453068.79225 17.7944  0.0365 5.50 1200.0  554.10  181.54
2453070.87088 17.7974  0.0301 4.78  988.0  554.10  181.54
2453073.82695 17.7608  0.0253 3.82  993.0  554.10  181.54
2453075.86501 17.7582  0.0273 4.42 1012.0  554.10  181.54
2453080.76926 17.7119  0.0251 4.55  969.0  554.10  181.54
2453082.89293 17.7762  0.0215 4.08  668.0  554.10  181.54
2453085.82753 17.7500  0.0224 4.28  668.0  554.10  181.54
2453086.89992 17.7695  0.0223 4.52  747.0  554.10  181.54
2453088.82013 17.7931  0.0212 3.94  653.0  554.10  181.54
2453090.73324 17.7684  0.0230 3.86  762.0  554.10  181.54
2453096.88844 17.7584  0.0294 6.41  747.0  554.10  181.54
2453098.90833 17.7565  0.0181 3.49  639.0  554.10  181.54
2453099.92165 17.7115  0.0324 5.89 1106.0  554.10  181.54
2453101.76035 17.7563  0.0333 5.57 1112.0  554.10  181.54
2453103.79334 17.7504  0.0243 3.99 1004.0  554.10  181.54
2453104.85193 17.7566  0.0517 4.40 4724.0  554.10  181.54
2453106.86523 17.7403  0.0278 3.54 1740.0  554.10  181.54
2453108.78526 17.7637  0.0210 3.53  798.0  554.10  181.54
2453109.84469 17.7438  0.0215 4.16  744.0  554.10  181.54
2453110.85106 17.7375  0.0233 4.50  832.0  554.10  181.54
2453112.83636 17.7775  0.0234 5.08  616.0  554.10  181.54
2453114.80096 17.7788  0.0212 4.02  701.0  554.10  181.54
2453116.88891 17.7785  0.0282 5.44  751.0  554.10  181.54
2453122.92695 17.7724  0.0312 5.48  916.0  554.10  181.54
2453125.88746 17.7228  0.0323 6.22  823.0  554.10  181.54
2453127.83073 17.7755  0.0277 4.81  952.0  554.10  181.54
2453128.83691 17.7480  0.0219 4.08  965.0  554.10  181.54
2453130.71808 17.7730  0.0274 3.75 1287.0  554.10  181.54
2453131.68462 17.7581  0.0382 5.75 1368.0  554.10  181.54
2453134.83213 17.7653  0.0348 4.59 1828.0  554.10  181.54
2453135.91623 17.8047  0.0247 4.30  819.0  554.10  181.54
2453138.67053 17.7444  0.0258 4.74  798.0  554.10  181.54
2453139.89572 17.7259  0.0220 3.94  792.0  554.10  181.54
2453140.89527 17.7625  0.0230 4.36  699.0  554.10  181.54
2453142.78427 17.7607  0.0221 4.16  783.0  554.10  181.54
2453144.80438 17.7915  0.0225 4.68  682.0  554.10  181.54
2453146.83347 17.7573  0.0241 5.38  640.0  554.10  181.54
2453151.76726 17.7494  0.0244 5.21  681.0  554.10  181.54
2453151.92322 17.7772  0.0283 5.05  846.0  554.10  181.54
2453152.77217 17.7936  0.0245 4.37  763.0  554.10  181.54
2453153.77553 17.7442  0.0263 5.47  762.0  554.10  181.54
2453154.83980 17.7593  0.0338 6.88  750.0  554.10  181.54
2453156.88060 17.8171  0.0262 4.28  911.0  554.10  181.54
2453162.59046 17.7640  0.0330 5.17 1192.0  554.10  181.54
2453163.77143 17.7433  0.0253 4.71  885.0  554.10  181.54
2453164.75366 17.7838  0.0247 4.48  760.0  554.10  181.54
2453164.88670 17.8482  0.0326 5.49  869.0  554.10  181.54
2453165.72726 17.7365  0.0179 3.46  758.0  554.10  181.54
2453167.61358 17.7214  0.0334 6.82  757.0  554.10  181.54
2453168.87545 17.7219  0.0241 4.05  901.0  554.10  181.54
2453169.74341 17.7412  0.0236 4.27  708.0  554.10  181.54
2453170.82835 17.7378  0.0215 3.97  707.0  554.10  181.54
2453171.79964 17.6538  0.0150 3.47  697.0  554.10  181.54
2453172.77059 17.7384  0.0227 4.57  687.0  554.10  181.54
2453173.86860 17.7822  0.0307 5.62  833.0  554.10  181.54
2453174.72739 17.7645  0.0198 3.81  650.0  554.10  181.54
2453175.52856 17.7387  0.0260 4.43  964.0  554.10  181.54
2453175.62674 17.7757  0.0211 3.39  776.0  554.10  181.54
2453175.68048 17.7408  0.0185 3.09  754.0  554.10  181.54
2453175.73613 17.7593  0.0212 3.81  761.0  554.10  181.54
2453176.53643 17.7693  0.0369 6.08 1076.0  554.10  181.54
2453176.69635 17.7123  0.0270 5.97  636.0  554.10  181.54
2453177.77661 17.7494  0.0295 7.12  791.0  554.10  181.54
2453179.52140 17.7775  0.0241 4.68  751.0  554.10  181.54
2453179.90066 17.8492  0.0324 5.28  920.0  554.10  181.54
2453180.73850 17.7401  0.0178 3.58  543.0  554.10  181.54
2453182.80310 17.7550  0.0226 4.30  719.0  554.10  181.54
2453183.75806 17.7341  0.0263 5.51  679.0  554.10  181.54
2453184.71910 17.7380  0.0227 4.62  682.0  554.10  181.54
2453185.72261 17.7424  0.0238 4.50  860.0  554.10  181.54
2453193.55405 17.7677  0.0237 4.07  757.0  554.10  181.54
2453194.56571 17.8156  0.0343 5.34 1186.0  554.10  181.54
2453195.69725 17.7986  0.0208 3.62  696.0  554.10  181.54
2453195.81782 17.7263  0.0218 3.94  750.0  554.10  181.54
2453196.61871 17.7567  0.0252 4.64  886.0  554.10  181.54
2453197.54346 17.7400  0.0228 4.00  769.0  554.10  181.54
2453197.84690 17.6935  0.0327 5.75 1123.0  554.10  181.54
2453199.64061 17.7410  0.0209 4.71  530.0  554.10  181.54
2453202.53490 17.7501  0.0224 4.59  726.0  554.10  181.54
2453203.67649 17.7588  0.0193 3.86  583.0  554.10  181.54
2453204.67090 17.7404  0.0192 4.06  528.0  554.10  181.54
2453205.52980 17.7307  0.0209 4.40  603.0  554.10  181.54
2453206.73517 17.7939  0.0244 5.01  625.0  554.10  181.54
2453209.65515 17.7383  0.0226 4.96  601.0  554.10  181.54
2453210.65522 17.7305  0.0218 4.14  698.0  554.10  181.54
2453211.62566 17.7370  0.0233 5.60  561.0  554.10  181.54
2453217.66987 17.7588  0.0294 4.52 1175.0  554.10  181.54
2453218.66817 17.7764  0.0330 5.16 1131.0  554.10  181.54
2453219.62438 17.7329  0.0362 7.15  827.0  554.10  181.54
2453223.66938 17.7165  0.0280 5.86  722.0  554.10  181.54
2453224.71747 17.7336  0.0243 4.25  799.0  554.10  181.54
2453226.63971 17.7669  0.0264 5.99  550.0  554.10  181.54
2453228.61869 17.7711  0.0254 5.51  568.0  554.10  181.54
2453229.65117 17.7850  0.0234 4.76  598.0  554.10  181.54
2453230.68466 17.7359  0.0224 4.56  603.0  554.10  181.54
2453231.58866 17.7648  0.0222 4.29  696.0  554.10  181.54
2453232.62516 17.7931  0.0266 5.80  579.0  554.10  181.54
2453238.63696 17.7414  0.0286 5.88  666.0  554.10  181.54
2453239.71600 17.7951  0.0332 6.94  694.0  554.10  181.54
2453240.48912 17.7625  0.0247 4.34  827.0  554.10  181.54
2453241.67180 17.7786  0.0299 5.00  916.0  554.10  181.54
2453245.57299 17.7106  0.0508 7.04 1851.0  554.10  181.54
2453246.67868 17.7662  0.0360 6.16  954.0  554.10  181.54
2453247.59783 17.7644  0.0300 5.13  889.0  554.10  181.54
2453249.54535 17.7415  0.0253 5.00  722.0  554.10  181.54
2453250.67635 17.7259  0.0299 5.05 1083.0  554.10  181.54
2453253.64557 17.7913  0.0334 7.35  562.0  554.10  181.54
2453256.65556 17.7980  0.0323 6.29  720.0  554.10  181.54
2453260.56529 17.7636  0.0239 4.71  656.0  554.10  181.54
2453265.49578 17.7691  0.0320 6.19  782.0  554.10  181.54
2453267.54945 17.7521  0.0229 4.49  901.0  554.10  181.54
2453272.60739 17.8059  0.0293 5.24  884.0  554.10  181.54
2453275.50148 17.7977  0.0472 5.34 2344.0  554.10  181.54
2453278.61731 17.7596  0.0305 5.23  900.0  554.10  181.54
2453282.49679 17.6971  0.0231 4.12  806.0  554.10  181.54
2453288.56315 17.7253  0.0246 5.40  618.0  554.10  181.54
2453293.53375 17.7429  0.0178 4.51  380.0  554.10  181.54
2453295.54225 17.8680  0.0174 4.51  327.0  554.10  181.54
2453300.52755 17.6746  0.0307 5.11 1134.0  554.10  181.54
2453312.52806 17.7690  0.0385 5.85 1288.0  554.10  181.54
2453417.86256 17.7756  0.0216 4.30  617.0  554.10  181.54
2453422.88890 17.7515  0.0215 4.35  673.0  554.10  181.54
2453426.87994 17.7828  0.0234 3.94  809.0  554.10  181.54
2453429.86498 17.7556  0.0232 3.92  828.0  554.10  181.54
2453432.90528 17.8264  0.0297 3.83 1477.0  554.10  181.54
2453442.90783 17.7414  0.0222 4.72  738.0  554.10  181.54
2453445.82083 17.7281  0.0209 4.47  582.0  554.10  181.54
2453447.87116 17.7164  0.0240 4.86  681.0  554.10  181.54
2453449.88803 17.6998  0.0193 3.99  615.0  554.10  181.54
2453452.90518 17.7664  0.0186 3.55  627.0  554.10  181.54
2453453.77706 17.7214  0.0306 4.95 1124.0  554.10  181.54
2453455.84766 17.7952  0.0333 5.89  968.0  554.10  181.54
2453456.85876 17.7680  0.0218 3.90  832.0  554.10  181.54
2453457.77643 17.8201  0.0270 4.64  843.0  554.10  181.54
2453458.81999 17.7596  0.0227 4.04  845.0  554.10  181.54
2453459.79458 17.7830  0.0250 4.28  921.0  554.10  181.54
2453467.89736 17.7214  0.0202 4.32  560.0  554.10  181.54
2453469.80701 17.7783  0.0206 3.91  592.0  554.10  181.54
2453470.84713 17.7458  0.0186 3.51  570.0  554.10  181.54
2453472.77837 17.7368  0.0199 3.97  607.0  554.10  181.54
2453473.87341 17.7537  0.0239 5.02  605.0  554.10  181.54
2453474.84466 17.7231  0.0219 4.75  579.0  554.10  181.54
2453477.78236 17.7147  0.0209 4.02  623.0  554.10  181.54
2453478.89665 17.8116  0.0220 4.01  652.0  554.10  181.54
2453480.84863 17.7445  0.0247 5.23  570.0  554.10  181.54
2453481.84850 17.7477  0.0175 3.26  650.0  554.10  181.54
2453483.79292 17.7582  0.0205 3.39  751.0  554.10  181.54
2453496.74680 17.7563  0.0230 4.45  761.0  554.10  181.54
2453497.81456 17.7607  0.0252 5.12  718.0  554.10  181.54
2453498.93577 17.7566  0.0250 4.48  950.0  554.10  181.54
2453499.74322 17.7167  0.0207 4.51  586.0  554.10  181.54
2453500.74781 17.7674  0.0204 3.49  649.0  554.10  181.54
2453501.83852 17.7843  0.0180 3.83  694.0  554.10  181.54
2453502.69414 17.7608  0.0190 3.26  673.0  554.10  181.54
2453503.70697 17.7101  0.0186 3.87  574.0  554.10  181.54
2453504.72134 17.7677  0.0216 4.30  540.0  554.10  181.54
2453506.81025 17.7506  0.0251 5.49  629.0  554.10  181.54
2453508.80321 17.7261  0.0224 4.74  664.0  554.10  181.54
2453509.70660 17.7530  0.0210 4.61  588.0  554.10  181.54
2453511.69333 17.7625  0.0258 5.09  723.0  554.10  181.54
2453512.76228 17.7544  0.0254 4.52  909.0  554.10  181.54
2453517.80271 17.7805  0.0260 4.33  973.0  554.10  181.54
2453520.83791 17.7622  0.0222 4.26  718.0  554.10  181.54
2453521.65709 17.6864  0.0173 3.69  506.0  554.10  181.54
2453522.76732 17.7310  0.0206 4.32  598.0  554.10  181.54
2453523.80198 17.7689  0.0192 3.66  611.0  554.10  181.54
2453524.78968 17.8134  0.0247 4.80  725.0  554.10  181.54
2453525.76933 17.7916  0.0216 4.52  560.0  554.10  181.54
2453526.85468 17.7325  0.0203 4.17  639.0  554.10  181.54
2453528.57330 17.8187  0.0268 4.67  832.0  554.10  181.54
2453530.79874 17.7761  0.0181 3.49  554.0  554.10  181.54
2453537.76655 17.7434  0.0192 4.30  566.0  554.10  181.54
2453538.69604 17.7692  0.0194 3.97  651.0  554.10  181.54
2453540.66999 17.7575  0.0226 3.97  772.0  554.10  181.54
2453544.74429 17.7543  0.0256 3.87 1346.0  554.10  181.54
2453546.86821 17.7450  0.0373 6.79  941.0  554.10  181.54
2453547.82839 17.7336  0.0296 5.88  764.0  554.10  181.54
2453550.65484 17.7478  0.0184 3.41  722.0  554.10  181.54
2453551.65846 17.7580  0.0160 3.36  622.0  554.10  181.54
2453552.69163 17.7585  0.0224 5.24  529.0  554.10  181.54
2453553.69437 17.7507  0.0252 5.39  620.0  554.10  181.54
2453554.68649 17.7676  0.0394 5.41  587.0  554.10  181.54
2453555.71305 17.7942  0.0208 4.50  539.0  554.10  181.54
2453556.74132 17.7307  0.0216 4.94  536.0  554.10  181.54
2453558.57712 17.7852  0.0225 4.23  658.0  554.10  181.54
2453558.85447 17.7926  0.0261 5.19  675.0  554.10  181.54
2453559.67301 17.7698  0.0226 5.13  539.0  554.10  181.54
2453560.62613 17.7726  0.0196 3.77  569.0  554.10  181.54
2453561.56644 17.7894  0.0220 3.89  740.0  554.10  181.54
2453561.83356 17.7365  0.0220 4.23  647.0  554.10  181.54
2453562.61058 17.7553  0.0232 4.72  599.0  554.10  181.54
2453562.83344 17.7459  0.0252 4.59  728.0  554.10  181.54
2453563.66006 17.7615  0.0207 4.47  532.0  554.10  181.54
2453564.55364 17.7244  0.0250 5.31  666.0  554.10  181.54
2453569.61236 17.7064  0.0241 4.56  813.0  554.10  181.54
2453573.68100 17.7226  0.0260 5.03  843.0  554.10  181.54
2453573.70793 17.7771  0.0248 4.30  872.0  554.10  181.54
2453574.70896 17.7124  0.0234 4.25  763.0  554.10  181.54
2453575.64784 17.7754  0.0191 3.78  620.0  554.10  181.54
2453575.79300 17.8050  0.0335 4.97  840.0  554.10  181.54
2453576.71028 17.7626  0.0217 4.44  647.0  554.10  181.54
2453577.75856 17.7352  0.0211 4.53  540.0  554.10  181.54
2453578.69523 17.7487  0.0198 4.34  510.0  554.10  181.54
2453579.64056 17.7844  0.0218 4.66  521.0  554.10  181.54
2453580.67711 17.7575  0.0217 4.77  547.0  554.10  181.54
2453581.69348 17.7625  0.0204 4.37  526.0  554.10  181.54
2453582.61926 17.7786  0.0179 3.73  464.0  554.10  181.54
2453583.65584 17.7637  0.0210 4.72  499.0  554.10  181.54
2453584.66462 17.7850  0.0198 4.19  516.0  554.10  181.54
2453585.66271 17.7441  0.0177 3.98  436.0  554.10  181.54
2453586.68710 17.7443  0.0175 3.41  564.0  554.10  181.54
2453588.74516 17.7328  0.0211 4.95  545.0  554.10  181.54
2453589.70653 17.7697  0.0207 4.42  539.0  554.10  181.54
2453590.70261 17.7764  0.0214 4.56  597.0  554.10  181.54
2453592.67475 17.8274  0.0189 3.72  485.0  554.10  181.54
2453597.63451 17.7600  0.0227 4.08  814.0  554.10  181.54
2453597.64371 17.7585  0.0250 4.41  888.0  554.10  181.54
2453601.67896 17.7596  0.0245 4.27  963.0  554.10  181.54
2453602.67914 17.7819  0.0251 4.17  998.0  554.10  181.54
2453603.65927 17.7616  0.0241 4.72  690.0  554.10  181.54
2453607.65774 17.7965  0.0297 4.89  537.0  554.10  181.54
2453608.67373 17.8078  0.0233 4.60  604.0  554.10  181.54
2453615.60100 17.7492  0.0207 4.78  534.0  554.10  181.54
2453618.60455 17.7742  0.0209 3.92  702.0  554.10  181.54
2453620.56780 17.7738  0.0199 4.24  544.0  554.10  181.54
2453628.56983 17.7848  0.0307 5.24 1041.0  554.10  181.54
2453630.58385 17.7711  0.0288 5.28  924.0  554.10  181.54
2453632.61132 17.7402  0.0323 5.79 1028.0  554.10  181.54
2453634.51473 17.7956  0.0227 4.67  607.0  554.10  181.54
2453639.52052 17.7755  0.0190 3.46  660.0  554.10  181.54
2453641.56725 17.7453  0.0319 6.16  815.0  554.10  181.54
2453644.53207 17.7184  0.0203 4.03  688.0  554.10  181.54
2453649.51268 17.7768  0.0247 5.07  644.0  554.10  181.54
2453651.57356 17.7594  0.0314 5.99  850.0  554.10  181.54
2453655.53873 17.7604  0.0272 4.60  973.0  554.10  181.54
2453657.53189 17.7855  0.0269 4.31 1013.0  554.10  181.54
2453659.53369 17.7998  0.0360 5.68 1023.0  554.10  181.54
2453662.53822 17.8110  0.0365 6.22 1086.0  554.10  181.54
2453665.49565 17.7617  0.0288 4.71 1039.0  554.10  181.54
2453671.51159 17.7926  0.0366 6.47 1001.0  554.10  181.54
2453777.84312 17.7867  0.0326 5.03 1160.0  554.10  181.54
2453782.87906 17.7446  0.0213 3.61  866.0  554.10  181.54
2453785.84073 17.7735  0.0251 4.23  951.0  554.10  181.54
2453788.86087 17.7814  0.0261 3.61 1116.0  554.10  181.54
2453791.82836 17.7972  0.0305 5.14  938.0  554.10  181.54
2453793.87052 17.7879  0.0239 4.02  855.0  554.10  181.54
2453795.85794 17.8184  0.0332 5.75  931.0  554.10  181.54
2453798.82114 17.7626  0.0231 4.39  735.0  554.10  181.54
2453799.84532 17.8334  0.0282 4.63  949.0  554.10  181.54
2453800.84023 17.7329  0.0311 6.50  741.0  554.10  181.54
2453801.89971 17.8078  0.0257 4.39  819.0  554.10  181.54
2453802.86528 17.7641  0.0238 4.41  716.0  554.10  181.54
2453803.90058 17.7513  0.0228 4.49  809.0  554.10  181.54
2453805.81704 17.7570  0.0223 4.18  739.0  554.10  181.54
2453806.78328 17.8403  0.0324 5.16  933.0  554.10  181.54
2453807.80241 17.7049  0.0333 6.19 1040.0  554.10  181.54
2453808.81008 17.7725  0.0251 4.22  981.0  554.10  181.54
2453809.89517 17.8082  0.0227 3.89  937.0  554.10  181.54
2453810.86178 17.7709  0.0219 3.72  938.0  554.10  181.54
2453811.85337 17.7472  0.0228 4.19  733.0  554.10  181.54
2453812.84947 17.7523  0.0291 5.39  873.0  554.10  181.54
2453813.84241 17.7392  0.0220 3.95  840.0  554.10  181.54
2453814.84131 17.7524  0.0201 3.42  815.0  554.10  181.54
2453817.87454 17.7938  0.0256 3.74 1391.0  554.10  181.54
2453818.89898 17.7729  0.0227 4.26  749.0  554.10  181.54
2453819.81664 17.7460  0.0191 3.69  603.0  554.10  181.54
2453820.78630 17.7325  0.0192 3.78  616.0  554.10  181.54
2453821.78944 17.7580  0.0224 4.30  628.0  554.10  181.54
2453822.82884 17.7288  0.0205 4.00  671.0  554.10  181.54
2453823.78899 17.7122  0.0221 4.65  616.0  554.10  181.54
2453824.75522 17.7833  0.0273 5.24  748.0  554.10  181.54
2453825.82011 17.7187  0.0248 5.15  677.0  554.10  181.54
2453826.74859 17.7992  0.0227 5.66  408.0  554.10  181.54
2453827.81636 17.7289  0.0196 4.16  540.0  554.10  181.54
2453828.79102 17.7752  0.0300 5.80  711.0  554.10  181.54
2453829.77316 17.7723  0.0242 4.69  639.0  554.10  181.54
2453830.75398 17.7618  0.0229 4.10  764.0  554.10  181.54
2453832.76007 17.7668  0.0206 3.83  604.0  554.10  181.54
2453833.77323 17.7703  0.0202 4.09  572.0  554.10  181.54
2453834.75900 17.7403  0.0212 3.81  725.0  554.10  181.54
2453835.74807 17.8085  0.0241 4.26  742.0  554.10  181.54
2453836.77915 17.7269  0.0235 4.33  835.0  554.10  181.54
2453837.74649 17.7827  0.0271 4.71  821.0  554.10  181.54
2453837.91842 17.7661  0.0205 3.67  852.0  554.10  181.54
2453838.75826 17.8054  0.0314 5.42  884.0  554.10  181.54
2453839.75407 17.7756  0.0284 4.80  983.0  554.10  181.54
2453840.72006 17.7767  0.0293 4.77 1083.0  554.10  181.54
2453840.92505 17.7423  0.0242 4.28 1064.0  554.10  181.54
2453841.75860 17.7818  0.0249 4.15  954.0  554.10  181.54
2453841.90927 17.7876  0.0228 3.54 1157.0  554.10  181.54
2453842.86350 17.7461  0.0211 3.54  951.0  554.10  181.54
2453845.73410 17.7851  0.0616 5.63 3808.0  554.10  181.54
2453845.92634 17.7856  0.0295 5.20  928.0  554.10  181.54
2453846.74486 17.8062  0.0222 3.88  675.0  554.10  181.54
2453847.81419 17.7664  0.0326 6.31  755.0  554.10  181.54
2453848.76586 17.7564  0.0203 3.95  587.0  554.10  181.54
2453849.76503 17.7191  0.0208 3.88  646.0  554.10  181.54
2453850.70969 17.7933  0.0232 4.33  684.0  554.10  181.54
2453850.88347 17.7547  0.0247 4.71  748.0  554.10  181.54
2453851.72431 17.7460  0.0243 5.07  617.0  554.10  181.54
2453851.88912 17.7639  0.0240 4.76  680.0  554.10  181.54
2453852.71282 17.7525  0.0251 4.86  665.0  554.10  181.54
2453852.89509 17.7360  0.0255 4.93  685.0  554.10  181.54
2453853.70118 17.7508  0.0190 3.75  585.0  554.10  181.54
2453853.86951 17.7576  0.0177 3.31  613.0  554.10  181.54
2453856.69128 17.7842  0.0232 3.75  837.0  554.10  181.54
2453856.85800 17.7488  0.0183 3.57  759.0  554.10  181.54
2453857.92893 17.7748  0.0267 4.65  855.0  554.10  181.54
2453858.77762 17.7598  0.0213 4.46  553.0  554.10  181.54
2453859.82610 17.7258  0.0228 4.82  655.0  554.10  181.54
2453860.68534 17.7607  0.0265 5.36  724.0  554.10  181.54
2453860.92419 17.7536  0.0254 5.14  771.0  554.10  181.54
2453861.68343 17.7682  0.0234 4.32  731.0  554.10  181.54
2453861.78704 17.7796  0.0192 3.61  616.0  554.10  181.54
2453862.72015 17.7553  0.0209 3.74  758.0  554.10  181.54
2453862.87913 17.7592  0.0211 3.82  861.0  554.10  181.54
2453863.65416 17.7176  0.0259 4.78  932.0  554.10  181.54
2453863.87502 17.7626  0.0179 3.40  618.0  554.10  181.54
2453864.69112 17.7215  0.0225 4.06  755.0  554.10  181.54
2453864.88115 17.7698  0.0187 3.60  620.0  554.10  181.54
2453865.70193 17.7942  0.0243 4.03  804.0  554.10  181.54
2453865.83864 17.7522  0.0201 3.93  709.0  554.10  181.54
2453865.91538 17.7576  0.0186 3.61  658.0  554.10  181.54
2453866.70037 17.7901  0.0211 3.59  740.0  554.10  181.54
2453866.83991 17.7899  0.0207 3.65  684.0  554.10  181.54
2453866.91882 17.7658  0.0190 3.33  662.0  554.10  181.54
2453867.64321 17.7556  0.0259 4.00 1125.0  554.10  181.54
2453867.83078 17.7690  0.0230 4.01  912.0  554.10  181.54
2453867.90200 17.7627  0.0222 3.49 1005.0  554.10  181.54
2453868.72629 17.7601  0.0265 3.90 1118.0  554.10  181.54
2453868.87801 17.7896  0.0278 4.34 1070.0  554.10  181.54
2453869.70619 17.7418  0.0249 3.72 1170.0  554.10  181.54
2453869.88721 17.8076  0.0274 3.93 1356.0  554.10  181.54
2453872.93184 17.7443  0.0307 3.85 2015.0  554.10  181.54
2453873.65972 17.7648  0.0230 4.04  766.0  554.10  181.54
2453873.80252 17.7840  0.0200 3.63  690.0  554.10  181.54
2453873.87445 17.7435  0.0217 4.20  762.0  554.10  181.54
2453874.75815 17.7494  0.0251 5.18  664.0  554.10  181.54
2453875.67183 17.7660  0.0178 3.21  551.0  554.10  181.54
2453875.82771 17.7206  0.0186 3.85  684.0  554.10  181.54
2453875.91822 17.7896  0.0216 4.16  708.0  554.10  181.54
2453876.64906 17.7332  0.0200 4.35  581.0  554.10  181.54
2453877.64721 17.7651  0.0226 5.01  549.0  554.10  181.54
2453877.79852 17.7995  0.0183 3.63  588.0  554.10  181.54
2453877.87242 17.7702  0.0213 4.11  745.0  554.10  181.54
2453880.84809 17.7931  0.0262 5.16  717.0  554.10  181.54
2453880.92692 17.8121  0.0276 5.09  850.0  554.10  181.54
2453881.67728 17.8063  0.0209 3.68  698.0  554.10  181.54
2453881.88873 17.7672  0.0214 3.87  778.0  554.10  181.54
2453882.58929 17.7446  0.0310 6.07  857.0  554.10  181.54
2453882.76559 17.8125  0.0235 4.59  633.0  554.10  181.54
2453882.83981 17.7672  0.0215 3.93  743.0  554.10  181.54
2453882.90862 17.7532  0.0192 3.49  683.0  554.10  181.54
2453883.65497 17.8036  0.0225 4.33  658.0  554.10  181.54
2453883.87649 17.7683  0.0193 3.62  665.0  554.10  181.54
2453886.61708 17.7514  0.0236 4.63  727.0  554.10  181.54
2453886.80987 17.7908  0.0189 3.91  559.0  554.10  181.54
2453886.88170 17.8113  0.0220 4.28  637.0  554.10  181.54
2453887.59043 17.7663  0.0241 4.59  745.0  554.10  181.54
2453887.79302 17.7464  0.0197 4.26  622.0  554.10  181.54
2453887.89257 17.7858  0.0257 4.86  776.0  554.10  181.54
2453888.60649 17.6486  0.0226 5.50  613.0  554.10  181.54
2453889.67285 17.7898  0.0225 4.62  601.0  554.10  181.54
2453889.95108 17.8512  0.0410 5.18 1823.0  554.10  181.54
2453890.65798 17.7273  0.0203 3.89  725.0  554.10  181.54
2453891.68255 17.7839  0.0245 5.16  639.0  554.10  181.54
2453891.81073 17.7521  0.0210 4.14  693.0  554.10  181.54
2453891.89272 17.8008  0.0228 4.33  701.0  554.10  181.54
2453892.60771 17.7637  0.0339 5.54 1149.0  554.10  181.54
2453893.63916 17.7825  0.0261 5.35  681.0  554.10  181.54
2453893.88380 17.7828  0.0285 5.41  775.0  554.10  181.54
2453894.68668 17.7601  0.0248 5.12  594.0  554.10  181.54
2453894.91094 17.7709  0.0237 5.39  527.0  554.10  181.54
2453896.62738 17.7534  0.0359 6.34 1024.0  554.10  181.54
2453900.54565 17.6434  0.0530 5.98 3491.0  554.10  181.54
2453900.73204 17.7416  0.0205 3.50  898.0  554.10  181.54
2453900.81069 17.7712  0.0235 3.69  996.0  554.10  181.54
2453900.87935 17.7084  0.0260 4.32 1183.0  554.10  181.54
2453901.55583 17.7449  0.0269 5.31  790.0  554.10  181.54
2453901.73714 17.7043  0.0251 4.88  831.0  554.10  181.54
2453901.81442 17.8055  0.0289 4.52 1108.0  554.10  181.54
2453901.88332 17.7405  0.0279 4.87  973.0  554.10  181.54
2453902.58003 17.7847  0.0245 4.80  694.0  554.10  181.54
2453902.75797 17.7933  0.0216 3.96  751.0  554.10  181.54
2453902.88082 17.7765  0.0292 5.19  947.0  554.10  181.54
2453903.66961 17.7582  0.0218 4.10  737.0  554.10  181.54
2453904.56684 17.7473  0.0193 3.77  628.0  554.10  181.54
2453904.72982 17.8665  0.0223 3.76  718.0  554.10  181.54
2453904.79893 17.7862  0.0200 3.50  653.0  554.10  181.54
2453904.90107 17.7080  0.0252 4.48  847.0  554.10  181.54
2453905.56355 17.7539  0.0214 4.17  674.0  554.10  181.54
2453905.74027 17.7378  0.0184 3.64  655.0  554.10  181.54
2453905.81030 17.7621  0.0173 3.15  647.0  554.10  181.54
2453905.87888 17.7866  0.0222 3.68  880.0  554.10  181.54
2453906.57807 17.7655  0.0240 4.10  716.0  554.10  181.54
2453906.71873 17.7671  0.0199 3.92  600.0  554.10  181.54
2453906.79110 17.7458  0.0203 3.70  676.0  554.10  181.54
2453906.87415 17.7638  0.0268 4.92  775.0  554.10  181.54
2453907.60885 17.7495  0.0221 4.41  604.0  554.10  181.54
2453907.80346 17.7731  0.0303 6.07  724.0  554.10  181.54
2453907.87619 17.7635  0.0369 6.85  855.0  554.10  181.54
2453908.54500 17.6931  0.0235 4.05 1012.0  554.10  181.54
2453908.73063 17.7471  0.0217 4.33  703.0  554.10  181.54
2453908.81067 17.7500  0.0198 3.85  608.0  554.10  181.54
2453908.89381 17.8108  0.0260 4.39  823.0  554.10  181.54
2453909.54688 17.7695  0.0292 5.12  829.0  554.10  181.54
2453909.55287 17.7863  0.0242 4.56  705.0  554.10  181.54
2453909.72955 17.7634  0.0177 3.72  503.0  554.10  181.54
2453909.82004 17.7530  0.0209 4.18  576.0  554.10  181.54
2453910.59895 17.7324  0.0206 4.11  628.0  554.10  181.54
2453912.54598 17.7631  0.0180 3.11  701.0  554.10  181.54
2453912.73333 17.7782  0.0171 3.81  503.0  554.10  181.54
2453912.82728 17.7503  0.0178 3.67  539.0  554.10  181.54
2453913.53747 17.7872  0.0193 3.30  678.0  554.10  181.54
2453913.74293 17.7750  0.0211 4.34  661.0  554.10  181.54
2453913.83183 17.7455  0.0183 3.52  622.0  554.10  181.54
2453914.56128 17.7505  0.0246 4.70  723.0  554.10  181.54
2453915.53897 17.7580  0.0236 4.26  776.0  554.10  181.54
2453915.74101 17.7606  0.0192 4.32  540.0  554.10  181.54
2453915.83919 17.7935  0.0276 5.69  611.0  554.10  181.54
2453916.57769 17.7408  0.0252 5.42  649.0  554.10  181.54
2453916.82162 17.7777  0.0234 4.94  643.0  554.10  181.54
2453917.63287 17.7704  0.0254 5.31  677.0  554.10  181.54
2453917.83223 17.7740  0.0273 5.22  768.0  554.10  181.54
2453918.61979 17.7497  0.0214 4.40  654.0  554.10  181.54
2453918.82989 17.8298  0.0295 5.38  717.0  554.10  181.54
2453919.55804 17.6798  0.0297 5.72  884.0  554.10  181.54
2453919.77665 17.7744  0.0204 4.79  602.0  554.10  181.54
2453920.52440 17.7231  0.0244 5.04  687.0  554.10  181.54
2453920.72046 17.7572  0.0228 4.57  667.0  554.10  181.54
2453920.80588 17.7919  0.0214 3.96  674.0  554.10  181.54
2453921.52055 17.7832  0.0280 4.67  858.0  554.10  181.54
2453921.73433 17.6708  0.0313 6.74  724.0  554.10  181.54
2453922.72424 17.8036  0.0311 6.24  694.0  554.10  181.54
2453930.56514 17.7934  0.0362 3.75  871.0  554.10  181.54
2453930.80214 17.7558  0.0373 5.56 1330.0  554.10  181.54
2453931.51318 17.7087  0.0254 4.87  805.0  554.10  181.54
2453932.54077 17.7667  0.0229 4.06  764.0  554.10  181.54
2453932.81250 17.7654  0.0274 4.72 1033.0  554.10  181.54
2453933.52715 17.7399  0.0207 3.80  807.0  554.10  181.54
2453933.71164 17.7967  0.0189 3.54  719.0  554.10  181.54
2453933.78371 17.7649  0.0244 4.66  738.0  554.10  181.54
2453934.50114 17.7331  0.0225 4.05  813.0  554.10  181.54
2453934.67111 17.7535  0.0187 4.10  546.0  554.10  181.54
2453934.74097 17.7744  0.0210 4.14  652.0  554.10  181.54
2453935.55094 17.8066  0.0238 4.43  669.0  554.10  181.54
2453935.72234 17.7399  0.0234 5.05  612.0  554.10  181.54
2453935.81984 17.7710  0.0264 4.91  823.0  554.10  181.54
2453936.50438 17.6956  0.0252 4.92  743.0  554.10  181.54
2453936.66987 17.7582  0.0230 4.76  639.0  554.10  181.54
2453936.74626 17.7253  0.0246 4.90  829.0  554.10  181.54
2453937.57259 17.7139  0.0277 6.02  623.0  554.10  181.54
2453938.51211 17.8069  0.0315 5.74  782.0  554.10  181.54
2453938.70717 17.8049  0.0249 5.37  596.0  554.10  181.54
2453938.81230 17.7891  0.0317 6.82  683.0  554.10  181.54
2453940.60007 17.8174  0.0188 3.78  648.0  554.10  181.54
2453941.71348 17.7368  0.0283 6.69  552.0  554.10  181.54
2453944.56471 17.8463  0.0210 4.82  643.0  554.10  181.54
2453944.76508 17.7837  0.0331 6.82  718.0  554.10  181.54
2453946.52391 17.7750  0.0286 5.87  738.0  554.10  181.54
2453946.71609 17.7644  0.0240 5.42  543.0  554.10  181.54
2453950.53251 17.7603  0.0194 4.04  585.0  554.10  181.54
2453950.75504 17.7949  0.0247 5.15  634.0  554.10  181.54
2453951.53178 17.7624  0.0240 4.65  693.0  554.10  181.54
2453956.57848 17.6987  0.0297 5.92  924.0  554.10  181.54
2453957.51687 17.7509  0.0279 5.40  896.0  554.10  181.54
2453958.58855 17.7345  0.0233 4.76  780.0  554.10  181.54
2453959.52864 17.7702  0.0224 4.56  674.0  554.10  181.54
2453959.69488 17.7559  0.0268 5.44  760.0  554.10  181.54
2453960.50969 17.7885  0.0221 4.39  625.0  554.10  181.54
2453960.68879 17.7484  0.0188 3.43  726.0  554.10  181.54
2453961.58537 17.7610  0.0287 5.51  805.0  554.10  181.54
2453963.54236 17.7608  0.0211 4.52  571.0  554.10  181.54
2453963.71972 17.8168  0.0277 5.50  625.0  554.10  181.54
2453964.53748 17.7619  0.0206 4.03  666.0  554.10  181.54
2453965.52189 17.7737  0.0198 3.81  622.0  554.10  181.54
2453965.72078 17.7823  0.0223 4.57  617.0  554.10  181.54
2453966.49706 17.7449  0.0237 4.50  763.0  554.10  181.54
2453966.69877 17.7488  0.0237 5.02  598.0  554.10  181.54
2453967.53549 17.7853  0.0285 5.67  645.0  554.10  181.54
2453967.72422 17.7868  0.0255 5.52  615.0  554.10  181.54
2453968.50955 17.7660  0.0249 4.55  804.0  554.10  181.54
2453968.67953 17.7736  0.0276 5.62  639.0  554.10  181.54
2453969.49119 17.7347  0.0245 5.25  639.0  554.10  181.54
2453969.69183 17.8114  0.0259 5.11  581.0  554.10  181.54
2453970.52542 17.7966  0.0244 5.06  604.0  554.10  181.54
2453970.69890 17.7970  0.0217 4.32  548.0  554.10  181.54
2453971.56413 17.7120  0.0262 6.21  597.0  554.10  181.54
2453973.59038 17.7688  0.0225 5.04  525.0  554.10  181.54
2453974.51964 17.7503  0.0256 5.48  631.0  554.10  181.54
2453975.52255 17.7550  0.0205 4.28  621.0  554.10  181.54
2453975.69921 17.8042  0.0303 6.20  699.0  554.10  181.54
2453976.51736 17.7422  0.0203 4.19  624.0  554.10  181.54
2453976.69717 17.8249  0.0331 6.34  768.0  554.10  181.54
2453979.52697 17.7553  0.0316 5.73  928.0  554.10  181.54
2453982.58000 17.7425  0.0229 4.05  930.0  554.10  181.54
2453983.55314 17.7892  0.0404 5.03 2137.0  554.10  181.54
2453986.59442 17.7230  0.0260 4.91  869.0  554.10  181.54
2453987.51679 17.7661  0.0287 5.96  747.0  554.10  181.54
2453988.52971 17.7339  0.0188 3.93  594.0  554.10  181.54
2453989.54034 17.7857  0.0235 4.69  674.0  554.10  181.54
2453990.55713 17.7284  0.0246 5.55  639.0  554.10  181.54
2453991.51297 17.7936  0.0248 5.06  653.0  554.10  181.54
2453993.56461 17.7673  0.0247 5.20  618.0  554.10  181.54
2453994.57531 17.7660  0.0261 5.30  669.0  554.10  181.54
2453995.58289 17.7675  0.0224 4.61  654.0  554.10  181.54
2453999.62023 17.7915  0.0258 4.92  768.0  554.10  181.54
2454002.50964 17.7163  0.0253 5.47  684.0  554.10  181.54
2454003.50383 17.7864  0.0209 4.08  722.0  554.10  181.54
2454004.53795 17.7064  0.0221 4.44  744.0  554.10  181.54
2454006.53088 17.7323  0.0210 4.11  670.0  554.10  181.54
2454012.51080 17.8237  0.0301 5.57  809.0  554.10  181.54
2454016.52642 17.7731  0.0310 5.73  873.0  554.10  181.54
2454018.56511 17.6938  0.0270 4.86  847.0  554.10  181.54
2454020.55911 17.7597  0.0296 5.66  833.0  554.10  181.54
2454023.54978 17.6920  0.0295 5.08 1139.0  554.10  181.54
2454025.56915 17.8290  0.0306 5.37  921.0  554.10  181.54
2454028.50855 17.7961  0.0296 5.35  793.0  554.10  181.54
2454031.50868 17.7543  0.0302 5.71  830.0  554.10  181.54
2454038.51398 17.7118  0.0327 6.29  842.0  554.10  181.54
2454041.51297 17.7358  0.0341 5.35 1229.0  554.10  181.54
2454043.52076 17.8218  0.0413 6.04 1358.0  554.10  181.54
2454141.88797 17.7702  0.0357 4.33 1803.0  554.10  181.54
2454150.86941 17.7143  0.0269 5.00  814.0  554.10  181.54
2454155.84170 17.7318  0.0269 4.99  814.0  554.10  181.54
2454157.89690 17.7179  0.0251 4.24  964.0  554.10  181.54
2454159.90695 17.6978  0.0352 5.02 1763.0  554.10  181.54
2454162.85418 17.7496  0.0325 5.34 1093.0  554.10  181.54
2454164.89406 17.7470  0.0245 3.76 1078.0  554.10  181.54
2454166.91005 17.7577  0.0393 5.54 1613.0  554.10  181.54
2454167.82166 17.7647  0.0306 4.88 1181.0  554.10  181.54
2454169.82874 17.7393  0.0271 4.15 1014.0  554.10  181.54
2454174.84331 17.7396  0.0244 4.33  883.0  554.10  181.54
2454176.82500 17.7099  0.0227 3.80  860.0  554.10  181.54
2454177.87865 17.7782  0.0254 5.10  682.0  554.10  181.54
2454179.77645 17.7647  0.0260 4.73  783.0  554.10  181.54
2454180.82318 17.7433  0.0298 6.10  734.0  554.10  181.54
2454181.91136 17.7576  0.0225 3.62  861.0  554.10  181.54
2454183.79032 17.7202  0.0247 4.79  740.0  554.10  181.54
2454184.85837 17.7204  0.0209 4.13  652.0  554.10  181.54
2454185.83774 17.7603  0.0251 4.87  661.0  554.10  181.54
2454190.85611 17.7385  0.0262 4.85  802.0  554.10  181.54
2454192.86843 17.7455  0.0252 4.51  821.0  554.10  181.54
2454193.87936 17.7591  0.0256 4.50  882.0  554.10  181.54
2454194.90094 17.7727  0.0241 4.09  815.0  554.10  181.54
2454196.92128 17.7498  0.0264 4.16 1049.0  554.10  181.54
2454202.87071 17.7480  0.0210 3.80  714.0  554.10  181.54
2454203.85885 17.7115  0.0198 3.47  749.0  554.10  181.54
2454204.85802 17.7236  0.0220 3.87  769.0  554.10  181.54
2454205.85455 17.7464  0.0233 4.42  677.0  554.10  181.54
2454207.85818 17.7404  0.0198 3.41  663.0  554.10  181.54
2454208.88784 17.7462  0.0225 3.80  721.0  554.10  181.54
2454213.85593 17.7611  0.0215 3.75  689.0  554.10  181.54
2454215.89348 17.7557  0.0248 4.37  742.0  554.10  181.54
2454216.81432 17.7593  0.0250 4.64  699.0  554.10  181.54
2454217.83665 17.7250  0.0185 3.24  661.0  554.10  181.54
2454218.87743 17.7761  0.0245 4.29  729.0  554.10  181.54
2454219.91840 17.7496  0.0293 5.44  812.0  554.10  181.54
2454220.85584 17.7770  0.0309 5.17  914.0  554.10  181.54
2454222.82518 17.7344  0.0221 3.53  956.0  554.10  181.54
2454228.81316 17.7368  0.0297 4.38 1561.0  554.10  181.54
2454229.79200 17.7698  0.0265 4.53  903.0  554.10  181.54
2454230.77896 17.7494  0.0200 3.43  706.0  554.10  181.54
2454231.80105 17.7443  0.0211 3.56  792.0  554.10  181.54
2454232.80929 17.7706  0.0297 5.03  968.0  554.10  181.54
2454234.75350 17.7655  0.0266 5.11  701.0  554.10  181.54
2454235.77836 17.7549  0.0236 3.97  828.0  554.10  181.54
2454238.80144 17.7583  0.0260 4.49  890.0  554.10  181.54
2454239.90035 17.7239  0.0312 5.43 1122.0  554.10  181.54
2454243.69595 17.7613  0.0289 5.56  687.0  554.10  181.54
2454244.85776 17.7502  0.0249 4.21  887.0  554.10  181.54
2454245.85100 17.7719  0.0227 4.07  689.0  554.10  181.54
2454246.90576 17.7221  0.0252 4.27  965.0  554.10  181.54
2454250.87159 17.7197  0.0317 5.33 1147.0  554.10  181.54
2454256.71664 17.7510  0.0323 5.91  878.0  554.10  181.54
2454258.71403 17.7379  0.0240 4.24  766.0  554.10  181.54
2454268.61753 17.7051  0.0292 5.81  799.0  554.10  181.54
2454269.65767 17.7227  0.0240 4.75  659.0  554.10  181.54
2454272.70830 17.7475  0.0211 3.64  721.0  554.10  181.54
2454273.66837 17.7456  0.0258 4.52  785.0  554.10  181.54
2454274.65206 17.7611  0.0267 4.44  917.0  554.10  181.54
2454275.70895 17.7631  0.0272 4.60  958.0  554.10  181.54
2454277.60802 17.7287  0.0268 4.93  814.0  554.10  181.54
2454278.68230 17.7662  0.0289 5.18  795.0  554.10  181.54
2454283.62769 17.6995  0.0240 3.80 1128.0  554.10  181.54
2454284.61153 17.7023  0.0272 4.04 1113.0  554.10  181.54
2454285.61828 17.6952  0.0308 5.25 1015.0  554.10  181.54
2454286.71213 17.6309  0.0287 4.45 1680.0  554.10  181.54
2454289.65762 17.7611  0.0293 5.20  822.0  554.10  181.54
2454290.70820 17.7356  0.0305 6.47  641.0  554.10  181.54
2454291.73582 17.7575  0.0269 5.16  691.0  554.10  181.54
2454292.59690 17.7479  0.0215 3.83  708.0  554.10  181.54
2454293.62437 17.7569  0.0212 3.69  685.0  554.10  181.54
2454294.59613 17.7386  0.0250 4.84  702.0  554.10  181.54
2454295.62548 17.7394  0.0219 4.60  536.0  554.10  181.54
2454296.60495 17.7237  0.0209 4.20  575.0  554.10  181.54
2454297.59875 17.7393  0.0205 3.79  588.0  554.10  181.54
2454298.70828 17.7608  0.0239 4.71  594.0  554.10  181.54
2454299.67525 17.7578  0.0207 4.06  543.0  554.10  181.54
2454300.80009 17.7741  0.0280 4.92  868.0  554.10  181.54
2454301.47760 17.7459  0.0265 4.48  953.0  554.10  181.54
2454302.75670 17.7313  0.0227 4.56  570.0  554.10  181.54
2454307.59175 17.7482  0.0263 3.87 1110.0  554.10  181.54
2454310.74148 17.7132  0.0325 4.37 1743.0  554.10  181.54
2454312.63753 17.7630  0.0238 3.83 1061.0  554.10  181.54
2454315.67139 17.7885  0.0341 5.96  863.0  554.10  181.54
2454317.62487 17.7310  0.0242 4.61  675.0  554.10  181.54
2454319.63265 17.7366  0.0246 4.58  712.0  554.10  181.54
2454320.73404 17.7306  0.0283 5.66  695.0  554.10  181.54
2454326.64362 17.7530  0.0259 5.21  663.0  554.10  181.54
2454327.67143 17.7742  0.0320 6.60  715.0  554.10  181.54
2454328.61248 17.7339  0.0244 4.74  646.0  554.10  181.54
2454328.74487 17.7437  0.0342 6.08 1023.0  554.10  181.54
2454329.60377 17.7072  0.0273 5.51  678.0  554.10  181.54
2454330.58600 17.7303  0.0244 4.62  689.0  554.10  181.54
2454331.61245 17.7632  0.0259 5.31  607.0  554.10  181.54
2454332.60985 17.7623  0.0259 4.75  736.0  554.10  181.54
2454333.61293 17.7134  0.0270 5.20  770.0  554.10  181.54
2454334.60717 17.7674  0.0375 4.71 1814.0  554.10  181.54
2454338.64711 17.7147  0.0517 4.98 1192.0  554.10  181.54
2454339.61613 17.7257  0.0264 4.29 1065.0  554.10  181.54
2454340.52771 17.6763  0.0323 5.30 1166.0  554.10  181.54
2454341.61452 17.7866  0.0343 5.55 1059.0  554.10  181.54
2454342.65077 17.7502  0.0267 4.75  853.0  554.10  181.54
2454343.63013 17.8006  0.0265 4.28  858.0  554.10  181.54
2454344.67957 17.7436  0.0272 4.06 1194.0  554.10  181.54
2454345.62995 17.7482  0.0289 5.07  879.0  554.10  181.54
2454346.63524 17.7674  0.0264 4.66  789.0  554.10  181.54
2454347.64927 17.7693  0.0252 4.74  724.0  554.10  181.54
2454349.62105 17.7275  0.0225 4.69  594.0  554.10  181.54
2454351.61973 17.7727  0.0331 6.41  707.0  554.10  181.54
2454353.64285 17.7450  0.0389 6.72 1083.0  554.10  181.54
2454357.63116 17.7493  0.0286 5.52  763.0  554.10  181.54
2454359.60230 17.7707  0.0287 5.39  757.0  554.10  181.54
2454367.60138 17.7758  0.0381 5.93 1252.0  554.10  181.54
2454370.60036 17.7182  0.0283 4.23 1323.0  554.10  181.54
2454372.57241 17.7485  0.0258 4.44  888.0  554.10  181.54
2454380.58214 17.7842  0.0260 4.24  868.0  554.10  181.54
2454515.87738 17.5872  0.0263 5.91  807.0  554.10  181.54
2454519.84893 17.6066  0.0284 5.75  994.0  554.10  181.54
2454520.84135 17.5492  0.0288 5.91 1011.0  554.10  181.54
2454523.83971 17.5653  0.0264 5.30 1098.0  554.10  181.54
2454524.89077 17.5624  0.0217 4.39  910.0  554.10  181.54
2454530.88028 17.5579  0.0183 3.77  735.0  554.10  181.54
2454534.82698 17.5485  0.0259 6.35  721.0  554.10  181.54
2454536.82666 17.5712  0.0246 5.43  851.0  554.10  181.54
2454538.84506 17.5582  0.0204 4.13  790.0  554.10  181.54
2454540.87488 17.5358  0.0184 4.06  741.0  554.10  181.54
2454542.90124 17.4885  0.0179 4.09  730.0  554.10  181.54
2454543.86266 17.4754  0.0168 4.07  630.0  554.10  181.54
2454544.85946 17.4830  0.0169 3.83  723.0  554.10  181.54
2454545.87701 17.5257  0.0204 4.49  821.0  554.10  181.54
2454546.91193 17.5026  0.0202 3.81 1160.0  554.10  181.54
2454550.85078 17.4670  0.0203 4.65  853.0  554.10  181.54
2454551.90858 17.4794  0.0223 4.79  871.0  554.10  181.54
2454552.90553 17.3963  0.0201 3.84 1247.0  554.10  181.54
2454556.86984 17.5068  0.0181 4.18  702.0  554.10  181.54
2454557.89589 17.4997  0.0167 3.72  722.0  554.10  181.54
2454558.83095 17.4718  0.0174 4.07  705.0  554.10  181.54
2454559.86012 17.4698  0.0173 4.03  612.0  554.10  181.54
2454560.86059 17.4601  0.0156 3.50  605.0  554.10  181.54
2454561.84946 17.4733  0.0153 3.99  629.0  554.10  181.54
2454564.85363 17.4099  0.0158 4.17  585.0  554.10  181.54
2454565.84255 17.4227  0.0147 3.58  644.0  554.10  181.54
2454566.84460 17.4692  0.0162 3.90  627.0  554.10  181.54
2454567.84888 17.4458  0.0160 3.89  645.0  554.10  181.54
2454568.87891 17.4923  0.0187 4.00  885.0  554.10  181.54
2454569.86481 17.4637  0.0179 4.07  698.0  554.10  181.54
2454570.87011 17.4376  0.0173 4.10  731.0  554.10  181.54
2454571.83559 17.4464  0.0169 4.18  661.0  554.10  181.54
2454572.87339 17.4329  0.0252 6.23  816.0  554.10  181.54
2454573.84916 17.4237  0.0165 4.06  687.0  554.10  181.54
2454574.85128 17.4587  0.0211 4.28  880.0  554.10  181.54
2454575.86298 17.4239  0.0177 3.79  893.0  554.10  181.54
2454579.91529 17.4016  0.0204 4.23 1130.0  554.10  181.54
2454583.83510 17.4549  0.0203 3.74 1270.0  554.10  181.54
2454586.81558 17.4281  0.0210 5.33  791.0  554.10  181.54
2454587.85337 17.4751  0.0200 4.73  751.0  554.10  181.54
2454588.74170 17.4283  0.0184 4.79  712.0  554.10  181.54
2454589.77545 17.3945  0.0183 4.71  692.0  554.10  181.54
2454590.78983 17.4100  0.0186 4.76  740.0  554.10  181.54
2454591.76707 17.4370  0.0182 4.17  839.0  554.10  181.54
2454592.77923 17.3848  0.0186 4.01 1008.0  554.10  181.54
2454593.76463 17.4009  0.0181 4.53  781.0  554.10  181.54
2454594.79298 17.4499  0.0173 4.05  713.0  554.10  181.54
2454595.78349 17.4083  0.0166 4.22  669.0  554.10  181.54
2454596.80403 17.4073  0.0174 4.41  658.0  554.10  181.54
2454597.80128 17.4054  0.0173 4.11  770.0  554.10  181.54
2454598.77060 17.4026  0.0150 3.86  569.0  554.10  181.54
2454599.75007 17.3811  0.0157 4.23  614.0  554.10  181.54
2454600.75562 17.3855  0.0148 3.89  609.0  554.10  181.54
2454601.76025 17.3857  0.0153 3.79  660.0  554.10  181.54
2454602.75781 17.3861  0.0154 3.71  754.0  554.10  181.54
2454606.77849 17.3839  0.0166 3.59 1028.0  554.10  181.54
2454610.88072 17.3855  0.0179 3.58 1081.0  554.10  181.54
2454611.74190 17.3635  0.0168 3.70  844.0  554.10  181.54
2454611.92845 17.4166  0.0202 4.03 1279.0  554.10  181.54
2454616.73073 17.3592  0.0162 4.34  620.0  554.10  181.54
2454617.89868 17.4281  0.0247 5.89  894.0  554.10  181.54
2454622.71053 17.3440  0.0208 5.96  669.0  554.10  181.54
2454623.79035 17.3687  0.0236 6.03  799.0  554.10  181.54
2454624.72917 17.3640  0.0180 4.47  759.0  554.10  181.54
2454625.71050 17.3668  0.0199 5.25  689.0  554.10  181.54
2454626.76543 17.3693  0.0221 6.33  645.0  554.10  181.54
2454627.68982 17.3496  0.0143 3.84  547.0  554.10  181.54
2454628.68000 17.3665  0.0154 4.00  646.0  554.10  181.54
2454629.74569 17.3831  0.0164 3.77  686.0  554.10  181.54
2454630.68551 17.3631  0.0168 4.19  718.0  554.10  181.54
2454631.70382 17.3696  0.0144 3.55  609.0  554.10  181.54
2454632.72652 17.3878  0.0166 3.79  753.0  554.10  181.54
2454633.86639 17.3625  0.0217 5.10 1088.0  554.10  181.54
2454639.80691 17.3685  0.0254 5.45 1329.0  554.10  181.54
2454640.78245 17.3698  0.0173 4.29  713.0  554.10  181.54
2454641.86768 17.3791  0.0363 5.60 1106.0  554.10  181.54
2454642.70536 17.3738  0.0180 4.63  685.0  554.10  181.54
2454643.67146 17.3710  0.0178 5.04  638.0  554.10  181.54
2454644.75453 17.3828  0.0183 4.48  698.0  554.10  181.54
2454645.67324 17.3623  0.0174 4.45  616.0  554.10  181.54
2454646.64093 17.3625  0.0141 3.93  601.0  554.10  181.54
2454647.65193 17.3709  0.0162 3.83  706.0  554.10  181.54
2454648.65325 17.3757  0.0166 4.07  721.0  554.10  181.54
2454648.76264 17.3671  0.0168 4.19  666.0  554.10  181.54
2454649.64625 17.3624  0.0161 4.27  589.0  554.10  181.54
2454650.67771 17.3737  0.0179 4.52  692.0  554.10  181.54
2454651.68856 17.3816  0.0197 5.08  731.0  554.10  181.54
2454652.61744 17.3655  0.0179 4.53  757.0  554.10  181.54
2454653.61132 17.3961  0.0186 4.73  764.0  554.10  181.54
2454654.65048 17.3710  0.0166 4.11  700.0  554.10  181.54
2454655.61476 17.4107  0.0177 4.34  830.0  554.10  181.54
2454656.61799 17.3656  0.0176 4.99  713.0  554.10  181.54
2454658.77522 17.3712  0.0215 5.61  752.0  554.10  181.54
2454660.72489 17.3887  0.0229 6.21  770.0  554.10  181.54
2454661.60737 17.3718  0.0163 3.72  881.0  554.10  181.54
2454666.54013 17.3621  0.0201 4.34 1230.0  554.10  181.54
2454671.66402 17.4121  0.0184 4.99  622.0  554.10  181.54
2454672.62351 17.4324  0.0193 4.61  694.0  554.10  181.54
2454674.65167 17.3986  0.0198 5.37  632.0  554.10  181.54
2454677.67637 17.3797  0.0352 6.29  747.0  554.10  181.54
2454681.67966 17.3511  0.0279 5.16  647.0  554.10  181.54
2454682.63535 17.4032  0.0185 4.75  623.0  554.10  181.54
2454683.63323 17.3842  0.0188 4.98  660.0  554.10  181.54
2454684.65178 17.4231  0.0200 5.03  719.0  554.10  181.54
2454685.67789 17.3502  0.0156 3.61  677.0  554.10  181.54
2454686.75044 17.3885  0.0179 4.80  706.0  554.10  181.54
2454687.66593 17.4002  0.0190 4.74  738.0  554.10  181.54
2454688.61211 17.3636  0.0187 4.73  735.0  554.10  181.54
2454694.69616 17.3832  0.0250 5.75 1042.0  554.10  181.54
2454697.61744 17.3922  0.0224 6.03  762.0  554.10  181.54
2454698.63902 17.3753  0.0208 5.39  734.0  554.10  181.54
2454700.63424 17.3767  0.0205 5.80  633.0  554.10  181.54
2454701.61714 17.3827  0.0191 5.39  630.0  554.10  181.54
2454702.63197 17.3682  0.0193 5.58  631.0  554.10  181.54
2454704.69319 17.3444  0.0214 6.23  730.0  554.10  181.54
2454708.65358 17.3666  0.0186 5.00  717.0  554.10  181.54
2454710.67150 17.3518  0.0188 5.47  705.0  554.10  181.54
2454720.58466 17.3172  0.0192 4.38 1056.0  554.10  181.54
2454721.61929 17.3229  0.0247 6.16 1086.0  554.10  181.54
2454724.63697 17.3489  0.0224 4.76 1257.0  554.10  181.54
2454725.65291 17.3016  0.0249 5.97 1279.0  554.10  181.54
2454726.61315 17.2647  0.0216 5.68  882.0  554.10  181.54
2454726.63033 17.3092  0.0211 5.91  877.0  554.10  181.54
2454733.57737 17.2941  0.0201 5.88  731.0  554.10  181.54
2454738.53747 17.2664  0.0187 5.47  696.0  554.10  181.54
2454741.61954 17.2794  0.0172 4.96  755.0  554.10  181.54
2454755.55861 17.2363  0.0254 6.30 1067.0  554.10  181.54
2454763.50032 17.1165  0.0184 5.46  955.0  554.10  181.54
2454774.51398 17.0862  0.0184 5.69 1098.0  554.10  181.54
2454776.50888 17.1545  0.0235 6.16 1506.0  554.10  181.54
2454876.87365 17.5903  0.0229 4.89  903.0  554.10  181.54
2454883.85943 17.6075  0.0231 5.00  788.0  554.10  181.54
2454885.89966 17.6716  0.0355 4.95 2075.0  554.10  181.54
2454888.85389 17.6544  0.0234 5.01  741.0  554.10  181.54
2454892.84797 17.6129  0.0279 6.05  839.0  554.10  181.54
2454898.81823 17.5922  0.0247 5.08  889.0  554.10  181.54
2454901.82111 17.6829  0.0231 3.82  990.0  554.10  181.54
2454902.90996 17.6196  0.0240 4.51 1208.0  554.10  181.54
2454903.86847 17.6366  0.0195 3.60  842.0  554.10  181.54
2454905.86486 17.6430  0.0267 5.19  942.0  554.10  181.54
2454912.84967 17.6371  0.0174 4.18  590.0  554.10  181.54
2454914.89571 17.6501  0.0206 4.72  605.0  554.10  181.54
2454924.74560 17.6458  0.0195 3.97  747.0  554.10  181.54
2454925.86333 17.6849  0.0207 4.48  707.0  554.10  181.54
2454928.75359 17.6702  0.0224 4.40  792.0  554.10  181.54
2454930.79764 17.6705  0.0249 4.29 1021.0  554.10  181.54
2454931.84210 17.6739  0.0233 4.53  914.0  554.10  181.54
2454932.85063 17.6630  0.0209 4.33  884.0  554.10  181.54
2454933.84552 17.6691  0.0234 4.39  925.0  554.10  181.54
2454934.90134 17.6550  0.0377 4.95 2254.0  554.10  181.54
2454938.82545 17.6882  0.0328 6.15 1288.0  554.10  181.54
2454940.76694 17.6864  0.0237 4.95  671.0  554.10  181.54
2454941.80268 17.6767  0.0226 4.86  709.0  554.10  181.54
2454942.74574 17.6517  0.0191 4.20  622.0  554.10  181.54
2454944.74808 17.6860  0.0208 3.88  721.0  554.10  181.54
2454945.80115 17.6899  0.0183 3.98  655.0  554.10  181.54
2454950.86094 17.6821  0.0216 4.82  700.0  554.10  181.54
2454953.84033 17.6716  0.0253 5.20  774.0  554.10  181.54
2454954.80999 17.6570  0.0204 4.07  633.0  554.10  181.54
2454955.80138 17.6900  0.0245 5.37  643.0  554.10  181.54
