2072.60390 15.7509 0.0069
2072.61385 15.7529 0.0066
2072.62520 15.7546 0.0065
2072.63380 15.7583 0.0063
2072.64243 15.7521 0.0063
2072.65786 15.7593 0.0064
2072.66651 15.7644 0.0062
2072.67516 15.7677 0.0061
2072.68381 15.7531 0.0062
2072.69247 15.7574 0.0066
2072.70112 15.7654 0.0064
2072.73121 15.7542 0.0062
2072.73982 15.7703 0.0061
2072.74842 15.7567 0.0062
2072.75703 15.7524 0.0063
2072.76565 15.7424 0.0062
2072.77427 15.7584 0.0062
2072.78329 15.7595 0.0063
2072.79189 15.7587 0.0064
2072.80052 15.7692 0.0065
2072.80915 15.7533 0.0061
2072.81776 15.7636 0.0065
2072.82639 15.7562 0.0065
2072.83592 15.7661 0.0064
2072.84479 15.7713 0.0064
2072.85392 15.7504 0.0067
2072.86477 15.7520 0.0065
2072.87336 15.7486 0.0068
2072.88731 15.7650 0.0078
2072.89614 15.7652 0.0070
2072.90474 15.7554 0.0076
2072.91329 15.7520 0.0079
2073.58520 15.7443 0.0067
2073.60056 15.7590 0.0063
2073.60916 15.7542 0.0056
2073.61777 15.7559 0.0056
2073.62639 15.7499 0.0062
2073.63500 15.7524 0.0059
2073.64361 15.7532 0.0056
2073.65242 15.7596 0.0057
2073.66102 15.7444 0.0051
2073.67158 15.7605 0.0053
2073.68050 15.7542 0.0059
2073.68916 15.7434 0.0060
2073.69778 15.7588 0.0060
2073.70640 15.7636 0.0058
2073.71505 15.7485 0.0058
2073.72367 15.7592 0.0058
2073.73313 15.7665 0.0062
2073.74170 15.7654 0.0062
2073.75026 15.7689 0.0059
2073.75886 15.7607 0.0058
2073.76745 15.7600 0.0057
2073.77607 15.7722 0.0059
2073.78931 15.7638 0.0061
2073.81198 15.7494 0.0063
2073.82778 15.7495 0.0064
2073.83681 15.7682 0.0080
2073.85200 15.7538 0.0060
2073.86058 15.7657 0.0059
2073.86917 15.7612 0.0061
2073.87777 15.7565 0.0061
2073.88637 15.7542 0.0066
2073.89988 15.7589 0.0067
2073.90844 15.7578 0.0066
2074.57918 15.7555 0.0062
2074.58778 15.7619 0.0063
2074.59640 15.7655 0.0065
2074.60501 15.7494 0.0064
2074.61365 15.7606 0.0063
2074.62228 15.7575 0.0067
2074.63139 15.7476 0.0069
2074.64000 15.7552 0.0073
2074.64859 15.7588 0.0069
2074.65720 15.7571 0.0074
2074.66587 15.7584 0.0067
2074.67452 15.7643 0.0063
2074.68339 15.7699 0.0062
2074.70572 15.7586 0.0062
2074.71438 15.7587 0.0062
2074.72503 15.7584 0.0061
2074.73419 15.7594 0.0060
2074.74277 15.7586 0.0062
2074.76654 15.7538 0.0062
2074.77515 15.7634 0.0065
2074.78375 15.7491 0.0069
2074.79234 15.7486 0.0070
2074.80221 15.7698 0.0066
2074.81086 15.7601 0.0062
2074.81967 15.7668 0.0061
2074.82828 15.7640 0.0059
2074.83689 15.7580 0.0070
2074.84551 15.7622 0.0056
2074.85412 15.7482 0.0057
2074.86272 15.7191 0.0061
2074.87175 15.7523 0.0060
2074.88032 15.7532 0.0067
2074.88896 15.7628 0.0063
2074.89756 15.7631 0.0063
2074.90619 15.7560 0.0064
2074.91218 15.7627 0.0069
2075.61394 15.7491 0.0070
2075.62251 15.7547 0.0068
2075.63115 15.7658 0.0067
2075.63976 15.7613 0.0072
2075.65359 15.7518 0.0069
2075.66800 15.7489 0.0068
2075.67660 15.7592 0.0064
2075.68520 15.7552 0.0064
2075.69384 15.7577 0.0063
2075.70244 15.7557 0.0065
2075.71108 15.7591 0.0064
2075.72012 15.7475 0.0067
2075.72935 15.7633 0.0067
2075.73794 15.7553 0.0068
2075.74651 15.7678 0.0070
2075.77331 15.7536 0.0073
2075.78191 15.7621 0.0073
2075.79051 15.7712 0.0072
2075.79939 15.7752 0.0073
2075.80798 15.7649 0.0069
2075.81659 15.7508 0.0068
2075.82519 15.7636 0.0068
2075.83376 15.7844 0.0070
2075.84641 15.7655 0.0065
2075.85504 15.7548 0.0068
2075.86365 15.7692 0.0070
2075.87222 15.7628 0.0073
2075.88079 15.7522 0.0069
2075.88938 15.7519 0.0069
2076.69245 15.7607 0.0070
2076.70107 15.7761 0.0071
2076.70970 15.7665 0.0076
2076.72323 15.7599 0.0066
2076.73320 15.7639 0.0066
2076.74201 15.7538 0.0068
2076.75076 15.7588 0.0074
2076.75951 15.7573 0.0067
2076.76829 15.7565 0.0064
2076.77706 15.7579 0.0070
2076.79295 15.7556 0.0067
2076.80430 15.7599 0.0068
2076.81705 15.7614 0.0080
2076.82955 15.7652 0.0068
2076.83824 15.7471 0.0067
2076.84700 15.7473 0.0073
2076.85575 15.7569 0.0070
2076.86447 15.7436 0.0068
2076.87323 15.7578 0.0071
2076.88252 15.7549 0.0076
2076.89126 15.7653 0.0072
2077.58922 15.7590 0.0080
2077.60982 15.7616 0.0069
2077.62049 15.7567 0.0065
2077.63143 15.7565 0.0065
2077.64017 15.7579 0.0059
2077.65307 15.7541 0.0059
2077.66182 15.7595 0.0058
2077.67057 15.7639 0.0057
2077.67930 15.7593 0.0058
2077.69151 15.7542 0.0059
2077.70029 15.7593 0.0060
2077.70908 15.7663 0.0062
2077.71782 15.7544 0.0061
2077.72654 15.7491 0.0061
2077.73531 15.7557 0.0063
2077.74510 15.7652 0.0066
2077.75387 15.7630 0.0064
2077.76266 15.7597 0.0062
2077.77141 15.7539 0.0060
2077.78014 15.7631 0.0061
2077.79228 15.7556 0.0062
2077.80099 15.7702 0.0062
2077.80975 15.7591 0.0062
2077.81850 15.7609 0.0061
2077.82727 15.7558 0.0063
2077.83604 15.7612 0.0069
2077.84513 15.7654 0.0070
2077.85388 15.7644 0.0075
2077.86264 15.7650 0.0073
2077.87136 15.7452 0.0071
2077.88007 15.7582 0.0069
2077.88880 15.7622 0.0070
2077.89782 15.7575 0.0073
2077.90658 15.7610 0.0077
2078.59509 15.7699 0.0068
2078.60384 15.7653 0.0071
2078.61259 15.7747 0.0069
2078.62139 15.7647 0.0068
2078.63011 15.7654 0.0065
2078.63891 15.7478 0.0065
2078.65927 15.7567 0.0057
2078.66802 15.7577 0.0059
2078.67676 15.7511 0.0059
2078.68554 15.7623 0.0061
2078.69429 15.7498 0.0061
2078.70303 15.7591 0.0061
2078.71269 15.7618 0.0061
2078.72163 15.7568 0.0059
2078.73035 15.7538 0.0057
2078.73908 15.7570 0.0060
2078.74782 15.7563 0.0063
2078.75655 15.7577 0.0066
2078.77392 15.7607 0.0063
2078.78848 15.7627 0.0064
2078.79727 15.7674 0.0066
2078.80601 15.7592 0.0064
2078.81477 15.7654 0.0066
2078.84082 15.7551 0.0067
2078.84959 15.7531 0.0068
2078.86785 15.7582 0.0069
2078.87656 15.7669 0.0078
2078.88532 15.7589 0.0078
2079.62512 15.7627 0.0072
2079.63390 15.7542 0.0072
2079.64265 15.7571 0.0070
2079.65141 15.7603 0.0064
2079.66016 15.7579 0.0063
2079.66894 15.7475 0.0061
2079.67873 15.7584 0.0060
2079.68748 15.7636 0.0062
2079.69620 15.7561 0.0066
2079.70492 15.7662 0.0063
2079.71368 15.7511 0.0069
2079.72241 15.7494 0.0063
2079.73656 15.7595 0.0063
2079.74531 15.7609 0.0068
2079.75405 15.7527 0.0065
2079.76278 15.7594 0.0065
2079.77152 15.7687 0.0064
2079.78683 15.7597 0.0066
2079.79892 15.7702 0.0067
2079.80769 15.7570 0.0071
2079.81764 15.7505 0.0077
2080.55851 15.7499 0.0058
2080.57293 15.7533 0.0058
2080.58163 15.7485 0.0058
2080.59038 15.7564 0.0057
2080.59911 15.7492 0.0057
2080.60783 15.7490 0.0060
2080.61658 15.7505 0.0060
2080.63130 15.7528 0.0061
2080.64006 15.7493 0.0060
2080.64882 15.7469 0.0059
2080.65760 15.7494 0.0061
2080.66635 15.7542 0.0062
2080.68099 15.7593 0.0060
2080.70263 15.7598 0.0062
2080.71138 15.7553 0.0062
2080.72347 15.7611 0.0061
2080.75389 15.7732 0.0059
2080.76635 15.7572 0.0059
2080.78065 15.7519 0.0060
2080.80604 15.7519 0.0062
2080.81641 15.7655 0.0066
2080.82518 15.7485 0.0066
2080.83388 15.7570 0.0065
2080.84260 15.7672 0.0068
2080.85136 15.7660 0.0080
2080.86016 15.7532 0.0082
2081.57211 15.7577 0.0060
2081.58199 15.7532 0.0059
2081.59073 15.7546 0.0060
2081.60137 15.7618 0.0063
2081.62093 15.7551 0.0064
2081.66368 15.7427 0.0063
2081.70519 15.7640 0.0064
2081.71393 15.7526 0.0064
2081.72273 15.7663 0.0063
2081.73147 15.7661 0.0065
2081.74022 15.7496 0.0063
2081.74896 15.7506 0.0062
2081.75979 15.7448 0.0064
2081.76856 15.7558 0.0065
2081.77734 15.7598 0.0063
2081.78606 15.7659 0.0064
2081.80415 15.7643 0.0063
2081.81290 15.7475 0.0061
2081.82167 15.7606 0.0062
2081.83367 15.7702 0.0064
2081.84242 15.7620 0.0062
2081.87125 15.7470 0.0056
2081.88250 15.7734 0.0069
2082.64570 15.7614 0.0064
2082.68803 15.7588 0.0065
2082.69879 15.7595 0.0061
2082.70815 15.7513 0.0067
2082.71691 15.7531 0.0065
2082.72941 15.7641 0.0065
2082.74114 15.7598 0.0064
2082.74984 15.7606 0.0063
2082.75855 15.7551 0.0060
2082.77081 15.7597 0.0060
2082.78639 15.7602 0.0061
2082.79513 15.7660 0.0061
2082.80387 15.7647 0.0063
2082.81264 15.7529 0.0061
2082.82138 15.7619 0.0062
2082.83014 15.7602 0.0063
2082.84264 15.7620 0.0065
2082.85142 15.7572 0.0067
2082.86020 15.7470 0.0065
2082.86894 15.7603 0.0068
2082.87770 15.7632 0.0069
2082.88648 15.7570 0.0069
2082.89913 15.7527 0.0070
2085.63364 15.7583 0.0075
2085.64221 15.7528 0.0068
2085.65085 15.7527 0.0070
2085.65948 15.7614 0.0071
2085.66805 15.7499 0.0067
2085.67669 15.7484 0.0068
2085.68791 15.7505 0.0070
2085.69647 15.7567 0.0073
2085.70507 15.7570 0.0073
2085.71370 15.7396 0.0073
2085.72238 15.7636 0.0081
2085.73099 15.7590 0.0074
2085.74080 15.7593 0.0078
2085.74941 15.7652 0.0079
2085.76163 15.7526 0.0068
2085.77828 15.7580 0.0072
2085.78762 15.7624 0.0074
2085.79781 15.7486 0.0073
2085.81009 15.7628 0.0078
2085.82883 15.7788 0.0077
2085.83740 15.7574 0.0078
2085.84600 15.7510 0.0081
2085.85460 15.7493 0.0079
2085.86324 15.7728 0.0085
2086.55766 15.7522 0.0064
2086.56630 15.7591 0.0064
2086.57488 15.7489 0.0062
2086.59464 15.7559 0.0062
2086.60323 15.7446 0.0062
2086.61185 15.7579 0.0061
2086.63116 15.7675 0.0059
2086.63976 15.7547 0.0059
2086.64837 15.7599 0.0060
2086.65696 15.7560 0.0062
2086.66557 15.7484 0.0060
2086.67418 15.7660 0.0059
2086.68590 15.7609 0.0058
2086.69445 15.7534 0.0059
2086.70303 15.7587 0.0060
2086.71162 15.7612 0.0063
2086.72087 15.7708 0.0065
2086.73376 15.7531 0.0068
2086.74241 15.7516 0.0063
2086.75100 15.7562 0.0063
2086.75961 15.7543 0.0063
2086.76820 15.7617 0.0065
2086.78153 15.7519 0.0066
2086.79014 15.7630 0.0063
2086.79877 15.7608 0.0068
2086.81112 15.7595 0.0066
2086.81973 15.7549 0.0064
2086.82833 15.7664 0.0068
2086.84080 15.7640 0.0078
2086.84944 15.7659 0.0078
2086.85806 15.7559 0.0073
2086.86662 15.7620 0.0093
2087.56335 15.7527 0.0057
2087.60498 15.7523 0.0054
2087.61372 15.7573 0.0055
2087.62247 15.7482 0.0053
2087.63118 15.7572 0.0055
2087.63993 15.7578 0.0056
2087.64868 15.7524 0.0048
2087.65768 15.7636 0.0059
2087.66644 15.7610 0.0059
2087.67850 15.7541 0.0060
2087.68725 15.7574 0.0059
2087.69661 15.7552 0.0057
2087.71407 15.7465 0.0058
2087.72284 15.7481 0.0056
2087.73163 15.7621 0.0056
2087.74044 15.7516 0.0054
2087.74918 15.7523 0.0057
2087.75792 15.7647 0.0052
2087.76842 15.7523 0.0052
2087.77714 15.7402 0.0049
2087.78592 15.7583 0.0048
2087.79468 15.7631 0.0051
2087.80339 15.7665 0.0052
2087.81215 15.7641 0.0051
2087.82140 15.7480 0.0054
2087.83013 15.7580 0.0059
2087.83889 15.7526 0.0063
2087.84764 15.7510 0.0057
2087.85636 15.7566 0.0055
2087.86511 15.7619 0.0062
2088.56079 15.7602 0.0068
2088.57267 15.7638 0.0066
2088.58143 15.7559 0.0064
2088.59022 15.7611 0.0064
2088.59900 15.7611 0.0063
2088.60792 15.7559 0.0063
2088.61669 15.7557 0.0063
2088.62547 15.7733 0.0063
2088.63425 15.7662 0.0064
2088.64452 15.7039 0.0061
2088.65334 15.7603 0.0063
2088.66210 15.7634 0.0063
2088.67088 15.7597 0.0062
2088.68203 15.7583 0.0062
2088.69132 15.7479 0.0060
2088.70004 15.7567 0.0066
2088.70878 15.7552 0.0062
2088.71755 15.7544 0.0071
2088.72761 15.7568 0.0065
2088.74150 15.7660 0.0063
2088.75025 15.7507 0.0062
2088.75897 15.7550 0.0066
2088.76772 15.7644 0.0070
2088.77960 15.7506 0.0065
2088.78839 15.7504 0.0066
2088.79714 15.7615 0.0070
2088.80593 15.7747 0.0076
2088.81469 15.7524 0.0068
2088.82345 15.7597 0.0077
2088.83262 15.7646 0.0069
2088.84138 15.7501 0.0072
2088.85014 15.7699 0.0078
2089.61326 15.7834 0.0067
2089.62197 15.7575 0.0063
2089.63072 15.7580 0.0064
2089.63945 15.7564 0.0060
2089.64821 15.7593 0.0059
2089.65733 15.7637 0.0058
2090.64537 15.7544 0.0069
2090.65507 15.7597 0.0068
2090.66412 15.7516 0.0063
2090.67287 15.7530 0.0067
2090.68179 15.7546 0.0073
2090.71006 15.7553 0.0069
2090.71878 15.7566 0.0075
2090.72752 15.7494 0.0074
2090.73621 15.7645 0.0072
2090.74496 15.7517 0.0070
2090.75379 15.7594 0.0072
2090.76333 15.7575 0.0063
2090.77202 15.7667 0.0065
2090.78077 15.7672 0.0063
2090.78956 15.7655 0.0061
2090.79838 15.7641 0.0061
2090.80713 15.7638 0.0070
2090.81917 15.7588 0.0075
2090.83313 15.7470 0.0074
2090.84812 15.7589 0.0082
2091.58968 15.7660 0.0064
2091.59844 15.7607 0.0060
2091.60723 15.7661 0.0061
2091.61796 15.7609 0.0060
2091.63406 15.7513 0.0060
2091.65560 15.7594 0.0060
2091.66519 15.7552 0.0059
2091.67388 15.7589 0.0059
2091.68327 15.7503 0.0063
2091.69208 15.7625 0.0062
2091.70080 15.7594 0.0061
2091.70958 15.7592 0.0060
2091.71855 15.7528 0.0062
2091.72726 15.7679 0.0061
2091.73602 15.7542 0.0060
2091.74476 15.7659 0.0059
2091.75352 15.7710 0.0060
2091.76716 15.7561 0.0063
2091.77757 15.7545 0.0062
2091.78632 15.7538 0.0060
2091.79508 15.7532 0.0060
2091.80385 15.7596 0.0059
2091.81261 15.7540 0.0062
2091.82140 15.7549 0.0062
2091.83060 15.7560 0.0062
2091.83954 15.7542 0.0062
2091.84827 15.7512 0.0065
2091.85704 15.7573 0.0065
2091.86577 15.7575 0.0065
2091.87452 15.7525 0.0067
2092.64709 15.7482 0.0061
2092.65589 15.7677 0.0061
2092.66464 15.7562 0.0063
2092.67621 15.7549 0.0066
2092.68496 15.7694 0.0064
2092.69375 15.7612 0.0062
2092.70251 15.7634 0.0063
2092.71128 15.7488 0.0062
2092.72006 15.7642 0.0065
2092.73531 15.7642 0.0060
2092.74537 15.7488 0.0066
2092.75466 15.7651 0.0066
2092.76338 15.7561 0.0065
2092.77212 15.7621 0.0068
2092.78090 15.7687 0.0068
2092.78964 15.7594 0.0072
2092.80015 15.7551 0.0071
2092.80889 15.7683 0.0070
2092.81760 15.7563 0.0071
2092.83280 15.7465 0.0084
2101.55462 15.7650 0.0068
2101.56335 15.7626 0.0064
2101.57210 15.7691 0.0062
2101.58083 15.7572 0.0064
2101.58955 15.7553 0.0068
2101.59833 15.7589 0.0066
2101.61287 15.7599 0.0077
2101.62167 15.7649 0.0061
2101.63043 15.7683 0.0062
2101.63919 15.7643 0.0062
2101.64790 15.7584 0.0061
2101.65731 15.7570 0.0061
2101.66628 15.7666 0.0065
2101.67500 15.7615 0.0064
2101.68376 15.7506 0.0068
2101.69250 15.7539 0.0068
2101.70125 15.7670 0.0065
2101.70997 15.7679 0.0066
2101.72721 15.7635 0.0068
2101.74256 15.7631 0.0069
2101.76112 15.7731 0.0069
2101.76989 15.7585 0.0065
2101.77862 15.7646 0.0070
2102.53903 15.7698 0.0058
2102.54911 15.7654 0.0061
2102.55836 15.7640 0.0061
2102.56712 15.7608 0.0064
2102.58288 15.7591 0.0061
2102.59165 15.7685 0.0060
2102.60038 15.7603 0.0062
2102.60914 15.7609 0.0060
2102.61791 15.7640 0.0064
2102.62664 15.7587 0.0061
2102.63600 15.7572 0.0061
2102.64476 15.7616 0.0060
2102.65411 15.7533 0.0044
2103.50294 15.7581 0.0064
2103.51165 15.7642 0.0062
2103.52213 15.7576 0.0061
2103.53091 15.7630 0.0062
2103.53962 15.7678 0.0059
2103.54837 15.7591 0.0059
2103.55709 15.7651 0.0056
2103.56579 15.7595 0.0055
2103.57773 15.7513 0.0055
2103.58651 15.7577 0.0054
2103.59528 15.7517 0.0053
2103.60403 15.7632 0.0051
2103.61346 15.7529 0.0049
2103.62222 15.7626 0.0056
2103.63096 15.7602 0.0051
2103.63966 15.7546 0.0053
2103.64899 15.7560 0.0051
2103.65773 15.7538 0.0055
2103.66766 15.7688 0.0056
2103.67644 15.7557 0.0056
2103.71673 15.7662 0.0061
2103.72621 15.7650 0.0062
2103.73497 15.7633 0.0062
2103.74375 15.7643 0.0070
2103.75251 15.7581 0.0066
2103.76126 15.7700 0.0062
2103.76997 15.7711 0.0060
2103.77871 15.7763 0.0064
2103.78748 15.7607 0.0058
2103.79617 15.7552 0.0057
2105.50920 15.7638 0.0068
2105.52288 15.7745 0.0069
2105.53194 15.7626 0.0066
2105.54069 15.7661 0.0064
2105.54941 15.7702 0.0066
2105.55817 15.7563 0.0064
2105.56937 15.7574 0.0060
2105.57812 15.7637 0.0058
2105.58686 15.7657 0.0058
2105.59562 15.7607 0.0057
2105.61445 15.7587 0.0057
2105.62354 15.7621 0.0057
2105.63644 15.7554 0.0055
2105.64617 15.7586 0.0056
2105.65843 15.7585 0.0056
2105.66747 15.7687 0.0058
2105.67623 15.7555 0.0058
2105.68496 15.7630 0.0057
2105.69372 15.7594 0.0057
2105.70248 15.7627 0.0058
2105.71850 15.7648 0.0058
2105.72762 15.7674 0.0058
2105.73634 15.7511 0.0059
2105.74509 15.7552 0.0058
2105.75386 15.7636 0.0060
2105.76259 15.7608 0.0063
2105.77135 15.7628 0.0064
2105.78050 15.7532 0.0072
2105.78924 15.7610 0.0068
2105.79804 15.7577 0.0072
2105.80686 15.7629 0.0073
2106.59840 15.7616 0.0064
2106.60803 15.7616 0.0063
2106.61725 15.7582 0.0062
2106.62601 15.7591 0.0065
2106.63479 15.7615 0.0064
2106.64427 15.7652 0.0064
2106.65303 15.7762 0.0069
2106.66180 15.7622 0.0064
2106.67090 15.7538 0.0062
2106.67965 15.7553 0.0061
2106.68839 15.7531 0.0064
2106.69708 15.7502 0.0065
2106.70587 15.7521 0.0063
2106.72125 15.7566 0.0063
2106.73000 15.7574 0.0061
2106.73877 15.7613 0.0067
2106.74750 15.7647 0.0065
2106.75623 15.7620 0.0069
2106.76496 15.7551 0.0068
2111.51506 15.7644 0.0069
2111.52380 15.7524 0.0070
2111.53260 15.7777 0.0078
2111.54131 15.7517 0.0078
2111.55012 15.7538 0.0077
2111.55887 15.7682 0.0066
2111.56812 15.7572 0.0071
2111.57685 15.7822 0.0069
2111.58561 15.7619 0.0067
2111.59440 15.7649 0.0075
2111.60313 15.7620 0.0070
2111.61182 15.7579 0.0070
2111.62095 15.7563 0.0071
2111.63036 15.7652 0.0079
2111.64787 15.7597 0.0076
2111.65662 15.7627 0.0072
2111.66534 15.7579 0.0066
2111.67456 15.7540 0.0069
2111.68333 15.7682 0.0066
2111.69207 15.7647 0.0081
2111.70081 15.7702 0.0078
2111.70956 15.7538 0.0070
2111.71831 15.7699 0.0076
2111.72761 15.7567 0.0074
2111.73635 15.7605 0.0080
2111.74512 15.7744 0.0068
2111.75384 15.7587 0.0057
2112.50763 15.7686 0.0066
2112.51726 15.7580 0.0062
2112.53026 15.7642 0.0070
2112.53904 15.7517 0.0063
2112.55858 15.7664 0.0066
2112.56730 15.7615 0.0065
2112.58162 15.7549 0.0065
2112.59036 15.7569 0.0056
2112.60371 15.7530 0.0057
2112.61243 15.7627 0.0056
2112.62120 15.7639 0.0059
2112.62993 15.7653 0.0058
2112.63867 15.7649 0.0059
2112.64747 15.7551 0.0055
2112.66934 15.7515 0.0052
2112.67811 15.7590 0.0058
2112.68685 15.7674 0.0057
2112.69562 15.7663 0.0061
2112.70572 15.7678 0.0061
2112.71476 15.7607 0.0062
2112.73227 15.7500 0.0058
2112.74104 15.7654 0.0058
2112.74981 15.7593 0.0057
2112.75922 15.7724 0.0056
2113.51878 15.7711 0.0081
2113.52757 15.7770 0.0076
2113.53628 15.7832 0.0077
2113.54561 15.7745 0.0074
2113.55437 15.7680 0.0068
2113.56309 15.7693 0.0074
2113.57179 15.7614 0.0070
2113.58053 15.7542 0.0065
2113.58928 15.7599 0.0065
2113.59856 15.7559 0.0067
2113.60730 15.7558 0.0073
2113.61606 15.7597 0.0068
2113.62510 15.7554 0.0070
2113.63385 15.7645 0.0073
2113.64260 15.7670 0.0073
2113.65213 15.7550 0.0073
2113.66089 15.7639 0.0078
2113.71830 15.7519 0.0067
2113.72705 15.7735 0.0073
2113.73579 15.7664 0.0074
2113.74455 15.7554 0.0081
2113.75330 15.7637 0.0070
2113.76205 15.7609 0.0069
2113.77125 15.7607 0.0072
2113.77999 15.7549 0.0073
2114.69672 15.7580 0.0067
2114.70546 15.7648 0.0073
2114.71425 15.7607 0.0072
2114.72440 15.7590 0.0071
2114.73371 15.7438 0.0069
2114.74349 15.7675 0.0069
2114.75407 15.7613 0.0082
2114.76321 15.7697 0.0071
2114.77201 15.7514 0.0066
2114.78078 15.7639 0.0061
2114.80089 15.7615 0.0071
2115.55621 15.7631 0.0072
2115.56571 15.7582 0.0072
2115.57529 15.7642 0.0070
2115.58971 15.7594 0.0069
2115.59846 15.7559 0.0068
2115.60721 15.7510 0.0069
2115.62112 15.7651 0.0074
2115.62985 15.7799 0.0075
2115.63873 15.7664 0.0074
2115.64975 15.7735 0.0067
2115.65900 15.7630 0.0067
2115.66776 15.7619 0.0068
2115.67647 15.7611 0.0071
2115.68522 15.7682 0.0072
2115.69398 15.7564 0.0066
2115.70273 15.7572 0.0068
2115.73712 15.7598 0.0067
2115.74822 15.7574 0.0065
2116.51245 15.7617 0.0077
2116.56545 15.7732 0.0069
2116.57422 15.7586 0.0074
2116.58356 15.7638 0.0073
2116.59440 15.7528 0.0069
2116.60398 15.7568 0.0064
2116.61330 15.7620 0.0068
2116.62207 15.7467 0.0064
2116.63084 15.7621 0.0067
2116.63959 15.7572 0.0061
2116.65969 15.7640 0.0065
2116.66844 15.7608 0.0062
2116.67722 15.7536 0.0066
2116.68598 15.7624 0.0062
2116.69470 15.7525 0.0064
2116.70343 15.7519 0.0064
2116.71342 15.7638 0.0066
2116.72219 15.7557 0.0065
2116.73095 15.7662 0.0065
2116.73969 15.7612 0.0070
2116.74843 15.7545 0.0070
2116.76053 15.7589 0.0071
2116.76929 15.7672 0.0070
2117.49319 15.7593 0.0062
2117.50194 15.7566 0.0062
2117.51109 15.7642 0.0062
2117.51986 15.7601 0.0060
2117.52862 15.7812 0.0061
2117.55998 15.7601 0.0065
2117.56873 15.7560 0.0065
2117.57749 15.7663 0.0065
2117.58691 15.7666 0.0064
2117.59566 15.7568 0.0062
2117.60442 15.7584 0.0061
2117.61644 15.7706 0.0061
2117.62522 15.7587 0.0061
2117.63399 15.7609 0.0060
2117.64275 15.7562 0.0062
2117.65153 15.7686 0.0062
2117.66029 15.7644 0.0061
2117.66950 15.7519 0.0070
2117.67825 15.7726 0.0064
2117.68706 15.7562 0.0064
2117.69581 15.7592 0.0067
2117.70453 15.7592 0.0062
2117.71490 15.7638 0.0061
2117.72365 15.7683 0.0065
2117.73244 15.7615 0.0066
2117.74120 15.7487 0.0063
2117.74990 15.7712 0.0064
2117.75864 15.7827 0.0070
2118.50079 15.7585 0.0063
2118.50957 15.7605 0.0069
2118.51835 15.7691 0.0067
2118.52710 15.7505 0.0067
2118.65886 15.7620 0.0062
2118.66761 15.7626 0.0061
2118.67639 15.7695 0.0063
2118.68515 15.7586 0.0064
2118.69389 15.7666 0.0061
2118.70378 15.7566 0.0060
2118.71282 15.7625 0.0066
2118.72156 15.7650 0.0065
2118.73033 15.7595 0.0055
2118.73915 15.7647 0.0055
2125.64444 15.7438 0.0081
2128.57483 15.7613 0.0064
2131.56969 15.7501 0.0059
2134.67355 15.7566 0.0077
2138.55016 15.7685 0.0072
2155.65016 15.7601 0.0091
2156.48926 15.7490 0.0065
2158.49758 15.7632 0.0066
2158.54059 15.7548 0.0062
2162.50709 15.7569 0.0068
2168.54179 15.7563 0.0074
2173.49982 15.7615 0.0078
2180.49846 15.7604 0.0066
2184.50305 15.7743 0.0080
2194.55717 15.7695 0.0072
2321.87593 15.7639 0.0080
2324.87803 15.7583 0.0069
2341.83451 15.7614 0.0075
2350.84760 15.7526 0.0062
2358.88707 15.7622 0.0074
2370.81535 15.7599 0.0070
2381.81073 15.7479 0.0067
2384.79319 15.7645 0.0068
2388.85311 15.7607 0.0066
2391.69565 15.7666 0.0088
2399.77684 15.7508 0.0058
2399.78569 15.7615 0.0059
2399.92776 15.7578 0.0064
2399.93076 15.7409 0.0065
2399.93365 15.7436 0.0066
2399.93660 15.7563 0.0066
2399.93974 15.7685 0.0069
2400.69352 15.7592 0.0069
2402.80844 15.7574 0.0064
2404.84541 15.7568 0.0063
2410.71813 15.7646 0.0042
2414.86438 15.7540 0.0065
2415.72643 15.7605 0.0077
2416.74862 15.7559 0.0070
2417.72417 15.7589 0.0072
2424.76653 15.7610 0.0067
2426.67781 15.7532 0.0065
2431.81215 15.7587 0.0051
2433.73934 15.7628 0.0071
2434.81238 15.7536 0.0066
2436.58511 15.7512 0.0070
2437.57362 15.7512 0.0088
2437.57670 15.7584 0.0083
2437.57934 15.7617 0.0085
2437.58196 15.7628 0.0090
2437.58458 15.7565 0.0090
2437.58718 15.7634 0.0090
2437.59571 15.7540 0.0086
2437.59832 15.7612 0.0092
2437.60095 15.7691 0.0083
2437.60357 15.7814 0.0081
2437.60618 15.7708 0.0093
2437.60880 15.7656 0.0091
2437.61873 15.7652 0.0085
2437.62848 15.7655 0.0084
2437.63754 15.7716 0.0082
2437.64761 15.7626 0.0080
2437.65661 15.7563 0.0076
2437.66659 15.7634 0.0084
2437.69751 15.7547 0.0077
2437.70639 15.7630 0.0087
2437.71759 15.7601 0.0077
2437.72671 15.7624 0.0075
2437.73579 15.7629 0.0072
2437.74531 15.7572 0.0070
2437.75749 15.7592 0.0074
2437.76634 15.7727 0.0074
2437.77511 15.7647 0.0071
2437.78391 15.7663 0.0073
2437.79318 15.7683 0.0079
2437.80198 15.7793 0.0072
2437.81079 15.7630 0.0068
2437.81961 15.7627 0.0070
2437.83385 15.7768 0.0073
2437.84311 15.7748 0.0076
2437.85638 15.7504 0.0077
2437.86531 15.7724 0.0079
2437.87444 15.7676 0.0086
2437.89072 15.7881 0.0091
2437.90277 15.7617 0.0090
2437.92338 15.7607 0.0093
2438.61729 15.7632 0.0066
2439.61425 15.7706 0.0065
2439.64705 15.7603 0.0062
2439.65316 15.7622 0.0062
2439.67545 15.7647 0.0062
2439.71185 15.7665 0.0063
2439.72999 15.7493 0.0061
2439.74557 15.7587 0.0062
2439.76107 15.7687 0.0064
2439.77542 15.7488 0.0064
2439.79468 15.7477 0.0062
2439.80498 15.7636 0.0065
2439.82101 15.7701 0.0065
2439.83329 15.7591 0.0067
2439.84904 15.7675 0.0069
2439.86112 15.7603 0.0067
2439.87114 15.7602 0.0072
2439.88000 15.7648 0.0072
2439.88953 15.7774 0.0073
2439.89850 15.7612 0.0073
2439.90543 15.7625 0.0079
2439.91441 15.7627 0.0088
2439.92386 15.7629 0.0084
2440.59852 15.7536 0.0068
2440.64529 15.7619 0.0067
2440.67410 15.7566 0.0066
2440.69282 15.7585 0.0072
2440.71253 15.7619 0.0061
2440.72815 15.7541 0.0065
2440.74608 15.7626 0.0062
2440.75814 15.7547 0.0061
2440.77410 15.7657 0.0062
2440.82826 15.7589 0.0072
2440.84056 15.7558 0.0076
2440.84939 15.7642 0.0080
2440.88179 15.7622 0.0086
2440.89139 15.7727 0.0087
2440.89825 15.7791 0.0082
2440.91082 15.7749 0.0091
2442.61611 15.7584 0.0064
2444.57469 15.7465 0.0073
2444.58280 15.7541 0.0069
2444.59123 15.7551 0.0068
2444.60539 15.7553 0.0072
2444.61617 15.7629 0.0071
2444.62427 15.7671 0.0067
2444.63471 15.7554 0.0068
2444.64278 15.7620 0.0071
2444.65085 15.7521 0.0070
2444.65894 15.7630 0.0072
2444.66810 15.7606 0.0071
2444.67619 15.7606 0.0077
2444.68427 15.7716 0.0072
2444.69234 15.7665 0.0072
2444.70044 15.7737 0.0073
2444.70874 15.7699 0.0074
2444.71583 15.7690 0.0070
2444.72388 15.7807 0.0073
2444.73060 15.7642 0.0072
2444.73892 15.7673 0.0074
2444.74495 15.7654 0.0075
2444.75321 15.7552 0.0075
2444.76037 15.7557 0.0069
2444.76585 15.7644 0.0071
2444.77166 15.7607 0.0072
2444.78036 15.7758 0.0071
2444.79173 15.7582 0.0070
2444.79979 15.7635 0.0074
2444.80784 15.7724 0.0076
2444.81769 15.7795 0.0082
2444.82572 15.7604 0.0085
2444.83377 15.7508 0.0081
2444.85002 15.7463 0.0076
2444.86082 15.7517 0.0079
2444.87164 15.7598 0.0080
2444.88398 15.7502 0.0077
2444.89478 15.7653 0.0087
2446.64653 15.7550 0.0067
2448.53031 15.7563 0.0101
2453.73962 15.7589 0.0069
2454.52766 15.7518 0.0074
2454.55153 15.7534 0.0065
2454.56050 15.7551 0.0064
2454.56946 15.7496 0.0062
2454.58016 15.7527 0.0059
2454.58901 15.7526 0.0060
2454.59788 15.7665 0.0063
2454.60682 15.7498 0.0060
2454.61927 15.7601 0.0061
2454.63361 15.7498 0.0055
2454.64263 15.7590 0.0060
2454.65158 15.7650 0.0063
2454.66204 15.7543 0.0059
2454.67117 15.7502 0.0062
2454.68003 15.7672 0.0062
2454.68976 15.7562 0.0059
2454.69951 15.7644 0.0061
2454.70831 15.7547 0.0062
2454.71899 15.7562 0.0063
2454.72789 15.7617 0.0060
2454.73683 15.7647 0.0057
2454.74756 15.7624 0.0058
2454.75642 15.7608 0.0060
2454.76527 15.7616 0.0062
2454.77405 15.7487 0.0066
2454.78763 15.7432 0.0063
2458.73688 15.7504 0.0069
2462.72567 15.7462 0.0060
2463.82277 15.7550 0.0064
2465.46804 15.7459 0.0087
2465.47702 15.7479 0.0081
2465.48621 15.7435 0.0081
2465.49519 15.7431 0.0073
2465.50422 15.7487 0.0068
2465.51321 15.7599 0.0070
2465.52328 15.7513 0.0067
2465.53353 15.7526 0.0072
2465.54247 15.7547 0.0068
2465.55150 15.7521 0.0065
2465.56049 15.7522 0.0065
2465.56943 15.7585 0.0065
2465.58392 15.7631 0.0065
2465.59298 15.7583 0.0067
2465.60220 15.7579 0.0064
2465.61124 15.7515 0.0063
2465.62159 15.7580 0.0064
2465.63121 15.7572 0.0063
2465.64094 15.7457 0.0063
2465.65093 15.7456 0.0061
2465.66020 15.7466 0.0066
2465.66910 15.7520 0.0065
2465.67898 15.7555 0.0065
2465.68792 15.7622 0.0064
2465.69697 15.7457 0.0064
2465.70599 15.7514 0.0065
2465.71516 15.7594 0.0065
2465.72441 15.7514 0.0065
2465.73340 15.7564 0.0066
2465.74366 15.7588 0.0064
2465.75259 15.7545 0.0064
2465.76854 15.7558 0.0081
2465.77752 15.7563 0.0077
2465.78893 15.7681 0.0085
2465.79779 15.7656 0.0077
2465.80665 15.7602 0.0074
2465.81575 15.7629 0.0080
2465.82552 15.7742 0.0077
2465.83450 15.7463 0.0070
2465.84545 15.7631 0.0089
2466.75276 15.7633 0.0075
2468.45903 15.7260 0.0122
2468.46778 15.7478 0.0080
2468.47755 15.7245 0.0082
2468.48821 15.7536 0.0067
2468.49703 15.7638 0.0066
2468.50704 15.7575 0.0067
2468.51629 15.7620 0.0064
2468.52620 15.7597 0.0063
2468.53520 15.7534 0.0064
2468.54491 15.7489 0.0060
2468.55375 15.7492 0.0060
2468.56267 15.7486 0.0060
2468.57153 15.7557 0.0062
2468.58249 15.7547 0.0059
2468.59148 15.7414 0.0059
2468.60056 15.7527 0.0062
2468.60949 15.7604 0.0063
2468.62033 15.7495 0.0062
2468.62912 15.7558 0.0062
2468.63801 15.7480 0.0059
2468.64867 15.7470 0.0060
2468.65802 15.7592 0.0061
2468.66797 15.7547 0.0059
2468.67782 15.7446 0.0059
2468.68670 15.7527 0.0062
2468.69554 15.7411 0.0062
2468.70433 15.7536 0.0061
2468.71433 15.7508 0.0059
2468.72347 15.7627 0.0059
2468.73419 15.7480 0.0059
2468.74299 15.7502 0.0062
2468.75270 15.7553 0.0063
2468.76160 15.7543 0.0063
2468.77057 15.7587 0.0065
2468.77948 15.7597 0.0066
2468.78949 15.7605 0.0069
2468.79858 15.7568 0.0066
2468.80783 15.7596 0.0064
2468.81823 15.7552 0.0073
2468.82704 15.7610 0.0076
2468.83594 15.7589 0.0074
2470.46813 15.7462 0.0085
2472.46287 15.7403 0.0071
2472.47234 15.7526 0.0066
2474.46843 15.7621 0.0086
2482.62514 15.7639 0.0071
2485.63512 15.7456 0.0082
2489.70596 15.7617 0.0059
2492.65064 15.7636 0.0065
2494.70501 15.7587 0.0059
2497.50757 15.7571 0.0069
2499.54335 15.7573 0.0066
2501.57111 15.7574 0.0065
2503.49462 15.7641 0.0141
2511.55130 15.7492 0.0080
2521.52055 15.7497 0.0065
2526.54989 15.7473 0.0064
2537.48108 15.7455 0.0083
2540.49766 15.7512 0.0080
2546.50825 15.7542 0.0072
2550.48952 15.7506 0.0076
2554.56141 15.7647 0.0072
2558.49794 15.7765 0.0080
2693.89508 15.7671 0.0064
2698.89301 15.7578 0.0064
2711.87605 15.7563 0.0061
2721.88350 15.7510 0.0111
2730.89673 15.7586 0.0065
2743.77314 15.7689 0.0066
2748.79167 15.7496 0.0073
2755.78159 15.7499 0.0064
2758.93298 15.7628 0.0092
2765.78972 15.7470 0.0063
2769.77432 15.7475 0.0043
2782.71288 15.7540 0.0078
2784.70184 15.7526 0.0063
2786.59189 15.7493 0.0084
2788.68920 15.7478 0.0061
2790.79429 15.7634 0.0064
2792.53122 15.7626 0.0088
2794.55734 15.7592 0.0096
2796.56624 15.7543 0.0065
2802.56461 15.7475 0.0088
2808.63366 15.7538 0.0070
2810.57192 15.7475 0.0069
2810.63534 15.7501 0.0066
2810.66493 15.7458 0.0066
2810.69467 15.7533 0.0070
2810.70696 15.7631 0.0072
2810.72318 15.7514 0.0064
2810.73549 15.7507 0.0063
2810.74845 15.7511 0.0066
2810.76275 15.7570 0.0066
2810.77423 15.7660 0.0065
2810.79275 15.7577 0.0066
2810.81026 15.7530 0.0064
2810.83773 15.7550 0.0067
2810.87029 15.7637 0.0070
2812.57375 15.7558 0.0069
2813.81751 15.7583 0.0066
2815.59612 15.7548 0.0068
2816.66155 15.7513 0.0065
2817.77620 15.7568 0.0071
2818.67105 15.7599 0.0067
2819.76515 15.7558 0.0067
2821.66344 15.7550 0.0069
2826.65410 15.7598 0.0062
2830.78431 15.7531 0.0075
2835.48072 15.7617 0.0085
2837.49953 15.7516 0.0080
2838.73005 15.7643 0.0070
2840.50159 15.7630 0.0073
2842.53805 15.7621 0.0059
2844.61419 15.7564 0.0065
2848.54942 15.7502 0.0084
2851.53666 15.7582 0.0069
2853.54357 15.7483 0.0068
2854.75743 15.7535 0.0078
2857.72037 15.7495 0.0077
2862.49667 15.7760 0.0091
2864.50369 15.7637 0.0088
2867.65893 15.7513 0.0070
2868.51719 15.7483 0.0064
2869.59148 15.7621 0.0068
2871.47977 15.7551 0.0073
2875.61836 15.7565 0.0085
2877.65395 15.7627 0.0068
2879.55623 15.7591 0.0068
2881.66023 15.7553 0.0050
2882.49650 15.7577 0.0069
2883.58961 15.7540 0.0064
2884.47929 15.7704 0.0075
2885.55802 15.7559 0.0074
2886.54646 15.7662 0.0106
2890.64567 15.7873 0.0104
2892.51710 15.7613 0.0076
2893.56091 15.7524 0.0064
2893.60246 15.7568 0.0049
2893.60978 15.7592 0.0043
2893.61258 15.7505 0.0035
2894.49744 15.7615 0.0068
2894.54748 15.7453 0.0058
2894.64610 15.7505 0.0083
2895.47930 15.7538 0.0075
2895.59426 15.7641 0.0047
2895.66739 15.7545 0.0053
2896.47694 15.7575 0.0076
2896.57063 15.7545 0.0050
2896.57348 15.7579 0.0042
2896.64434 15.7577 0.0058
2896.64809 15.7409 0.0048
2897.58008 15.7656 0.0054
2897.64167 15.7476 0.0079
2898.48451 15.7619 0.0072
2898.52991 15.7696 0.0078
2898.60483 15.7522 0.0062
2898.64873 15.7598 0.0067
2899.60735 15.7544 0.0059
2899.61415 15.7508 0.0053
2899.65292 15.7577 0.0057
2900.47663 15.7752 0.0082
2900.52970 15.7629 0.0064
2900.57982 15.7734 0.0066
2900.62115 15.7627 0.0065
2901.50081 15.7865 0.0068
2901.54407 15.7763 0.0054
2901.58654 15.7585 0.0046
2902.47152 15.7613 0.0096
2902.51448 15.7636 0.0070
2902.55931 15.7628 0.0079
2902.62342 15.7514 0.0071
2903.48807 15.7667 0.0065
2903.51942 15.7517 0.0042
2903.59878 15.7299 0.0037
2904.52879 15.7716 0.0081
2904.57842 15.7568 0.0067
2904.60835 15.7608 0.0062
2904.64523 15.7311 0.0066
2905.49133 15.7590 0.0071
2905.52244 15.7418 0.0065
2905.54726 15.7713 0.0089
2905.55556 15.7530 0.0070
2905.61083 15.7512 0.0067
2906.49519 15.7680 0.0066
2906.52858 15.7599 0.0067
2906.56238 15.7458 0.0064
2906.58942 15.7507 0.0063
2907.48277 15.7800 0.0082
2907.54656 15.7761 0.0075
2907.60266 15.7616 0.0068
2908.49559 15.7686 0.0078
2908.52767 15.7824 0.0080
2908.61000 15.7701 0.0076
2909.49743 15.7650 0.0066
2909.51807 15.7690 0.0079
2909.54226 15.7715 0.0068
2910.48939 15.7642 0.0071
2910.52248 15.7602 0.0067
2910.58010 15.7456 0.0077
2911.48488 15.7565 0.0078
2911.52930 15.7550 0.0068
2911.55696 15.7543 0.0055
2912.49649 15.7677 0.0067
2912.54067 15.7706 0.0069
2912.54357 15.7544 0.0060
2912.58268 15.7554 0.0063
2915.47632 15.7759 0.0093
2915.49109 15.7597 0.0071
2916.48454 15.7519 0.0066
2916.52748 15.7573 0.0063
2916.56804 15.7585 0.0061
2917.50299 15.7571 0.0066
2917.53351 15.7692 0.0066
2917.57314 15.7506 0.0055
2918.49613 15.7789 0.0081
2918.52337 15.7662 0.0072
2918.58192 15.7621 0.0067
2920.50720 15.7447 0.0068
2920.54363 15.7485 0.0079
2921.49291 15.7857 0.0083
2921.53170 15.7531 0.0064
2921.58281 15.7563 0.0068
2922.49862 15.7767 0.0075
2922.56976 15.7470 0.0071
2923.51166 15.7527 0.0058
2923.53901 15.7569 0.0055
2923.57432 15.7435 0.0054
2924.50846 15.7580 0.0052
2924.57833 15.7659 0.0056
2925.50343 15.7571 0.0067
2925.56018 15.7623 0.0055
2926.53332 15.7653 0.0062
2926.57891 15.7540 0.0061
2927.50096 15.7694 0.0063
2927.57786 15.7539 0.0064
2928.50956 15.7608 0.0061
2928.56406 15.7690 0.0071
2929.50420 15.7792 0.0084
2929.57875 15.7546 0.0066
2930.50304 15.7473 0.0053
2930.55453 15.7620 0.0058
2931.50582 15.7676 0.0055
2931.58143 15.7537 0.0054
2932.52041 15.7538 0.0054
2932.57170 15.7411 0.0062
2933.50956 15.7596 0.0056
2933.56828 15.7489 0.0064
2934.51272 15.7695 0.0077
2934.55815 15.7334 0.0065
2935.51496 15.7659 0.0075
2936.49613 15.7700 0.0080
2937.51839 15.7570 0.0082
2939.50679 15.7531 0.0113
2941.51167 15.7487 0.0095
2942.50036 15.7610 0.0075
2943.54598 15.7496 0.0094
2944.53943 15.7564 0.0097
2945.49631 15.7684 0.0105
2946.50629 15.7597 0.0083
2947.52722 15.7567 0.0098
2949.51213 15.7770 0.0094
2950.49937 15.7567 0.0098
2951.49939 15.7568 0.0106
2952.50421 15.7738 0.0099
2952.51611 15.7656 0.0086
2953.49871 15.7509 0.0087
2957.49978 15.7784 0.0126
2958.50040 15.7658 0.0133
3040.87630 15.7471 0.0068
3041.88099 15.7568 0.0064
3042.88085 15.7434 0.0068
3043.86538 15.7494 0.0059
3044.86100 15.7521 0.0076
3045.86011 15.7636 0.0072
3046.87092 15.7544 0.0081
3047.85966 15.7508 0.0065
3048.85818 15.7451 0.0056
3049.84332 15.7469 0.0049
3050.83649 15.7577 0.0053
3051.84065 15.8529 0.0091
3052.83937 15.7551 0.0048
3053.82316 15.7441 0.0047
3054.83895 15.7691 0.0053
3055.83515 15.7426 0.0048
3055.87732 15.7451 0.0068
3056.84894 15.7506 0.0057
3057.83580 15.7545 0.0048
3058.83339 15.7518 0.0045
3058.89545 15.7641 0.0066
3059.83889 15.7545 0.0048
3060.81814 15.7535 0.0056
3061.84736 15.7513 0.0050
3064.81598 15.7404 0.0068
3064.83012 15.7462 0.0053
3067.78582 15.7458 0.0048
3067.88943 15.7465 0.0059
3069.80106 15.7487 0.0054
3070.85093 15.7433 0.0074
3073.80640 15.7558 0.0065
3075.84508 15.7545 0.0063
3076.89507 15.7618 0.0051
3079.88960 15.7644 0.0072
3081.77121 15.7557 0.0050
3082.86291 15.7691 0.0067
3083.80387 15.7712 0.0042
3084.90219 15.7556 0.0056
3085.86512 15.7512 0.0038
3086.83455 15.7531 0.0057
3087.89913 15.7678 0.0046
3088.79203 15.7513 0.0055
3088.80610 15.7626 0.0036
3089.90130 15.7584 0.0060
3091.82147 15.7583 0.0060
3091.83519 15.7464 0.0037
3093.89685 15.7717 0.0052
3096.85960 15.7626 0.0073
3097.88053 15.7464 0.0035
3098.84703 15.7547 0.0057
3100.80057 15.7524 0.0060
3101.87709 15.7531 0.0043
3101.91414 15.7651 0.0066
3103.77188 15.7652 0.0064
3104.88639 15.7530 0.0124
3106.83118 15.7679 0.0078
3106.85656 15.7435 0.0045
3108.76441 15.7383 0.0057
3108.80681 15.7441 0.0058
3109.78801 15.7508 0.0057
3110.74735 15.7566 0.0036
3110.83103 15.7515 0.0058
3111.86220 15.7364 0.0043
3112.77986 15.7556 0.0058
3113.73635 15.7556 0.0034
3113.86961 15.7500 0.0059
3114.78114 15.7634 0.0057
3115.86397 15.7517 0.0060
3116.92008 15.7643 0.0063
3122.90713 15.7623 0.0065
3125.86742 15.7761 0.0084
3126.89311 15.7518 0.0061
3127.80393 15.7543 0.0064
3128.81693 15.7603 0.0062
3130.69488 15.7559 0.0068
3131.88642 15.7529 0.0081
3135.89626 15.7612 0.0065
3137.93528 15.7571 0.0062
3138.69800 15.7627 0.0070
3138.83513 15.7403 0.0039
3139.87521 15.7580 0.0060
3140.87505 15.7622 0.0064
3142.76332 15.7501 0.0061
3144.78426 15.7521 0.0066
3146.78409 15.7468 0.0063
3151.74688 15.7645 0.0073
3151.89955 15.7620 0.0065
3152.75097 15.7572 0.0065
3153.75489 15.7505 0.0069
3153.89781 15.7459 0.0041
3154.81642 15.7717 0.0071
3156.83614 15.7413 0.0064
3158.90680 15.7427 0.0086
3162.81114 15.7571 0.0066
3163.62405 15.7539 0.0061
3163.64288 15.7243 0.0058
3164.73273 15.7555 0.0061
3165.75355 15.7460 0.0053
3166.74110 15.7466 0.0056
3166.89870 15.7433 0.0081
3167.75157 15.7694 0.0076
3168.74674 15.7525 0.0061
3169.72263 15.7508 0.0064
3170.80016 15.7614 0.0056
3171.82287 15.7744 0.0052
3172.74986 15.7472 0.0050
3174.70617 15.7549 0.0056
3175.71610 15.7559 0.0057
3177.75325 15.7623 0.0079
3178.77983 15.7537 0.0057
3179.78954 15.7575 0.0065
3180.71792 15.7627 0.0059
3182.76941 15.7562 0.0062
3183.73807 15.7538 0.0066
3184.69582 15.7431 0.0056
3185.48520 15.7656 0.0074
3185.53363 15.7663 0.0066
3185.57921 15.7458 0.0061
3185.61509 15.7502 0.0057
3185.66442 15.7533 0.0061
3185.71390 15.7557 0.0063
3185.74850 15.7640 0.0066
3185.83318 15.7649 0.0061
3185.86109 15.7620 0.0063
3185.88236 15.7591 0.0069
3190.64003 15.7680 0.0073
3191.80061 15.7576 0.0065
3193.53404 15.7556 0.0062
3194.59270 15.7516 0.0066
3195.64001 15.7497 0.0055
3195.79765 15.7594 0.0061
3196.54308 15.7569 0.0067
3197.51064 15.7627 0.0060
3199.62045 15.7451 0.0063
3201.51226 15.7588 0.0055
3202.56669 15.7587 0.0063
3203.65621 15.7672 0.0060
3204.64944 15.7453 0.0058
3205.75804 15.7437 0.0058
3206.71506 15.7549 0.0063
3207.66360 15.7614 0.0070
3210.54248 15.7638 0.0069
3211.58088 15.7446 0.0064
3217.47219 15.7633 0.0069
3217.64947 15.7536 0.0062
3218.64783 15.7553 0.0067
3219.60272 15.7714 0.0080
3223.64905 15.7643 0.0080
3224.69460 15.7721 0.0060
3226.61191 15.7744 0.0076
3228.59832 15.7556 0.0065
3229.63079 15.7599 0.0066
3230.66438 15.7575 0.0061
3231.56771 15.7542 0.0061
3231.60599 15.7429 0.0062
3232.59561 15.7529 0.0073
3238.61675 15.7486 0.0069
3239.69548 15.7709 0.0070
3240.67660 15.7677 0.0077
3241.65152 15.7568 0.0076
3245.55139 15.7535 0.0064
3246.65508 15.7492 0.0070
3247.62127 15.7604 0.0067
3249.52320 15.7683 0.0073
3250.65595 15.7628 0.0069
3253.52022 15.7540 0.0060
3256.63298 15.7680 0.0070
3259.62245 15.7618 0.0080
3264.52996 15.7488 0.0064
3267.52908 15.7445 0.0060
3272.58449 15.7671 0.0067
3275.56745 15.7593 0.0076
3278.59637 15.7742 0.0066
3282.57038 15.7982 0.0050
3288.54293 15.7748 0.0048
3293.51351 15.7647 0.0050
3295.52371 15.7714 0.0043
3299.52823 15.7312 0.0034
3305.54481 15.7614 0.0065
3309.53356 15.7366 0.0069
3314.51334 15.7746 0.0090
3408.88738 15.7500 0.0066
3410.88749 15.7329 0.0068
3413.88832 15.7460 0.0066
3421.89456 15.7424 0.0052
3422.86444 15.7275 0.0052
3426.86004 15.7373 0.0058
3429.84208 15.7464 0.0069
3432.88547 15.7433 0.0055
3442.88789 15.7401 0.0054
3445.80069 15.7458 0.0051
3447.85131 15.7552 0.0059
3449.86396 15.7520 0.0056
3452.88459 15.7288 0.0051
3455.81879 15.7432 0.0063
3457.85232 15.7391 0.0054
3459.84750 15.7367 0.0055
3467.87738 15.7398 0.0057
3469.78327 15.7413 0.0053
3470.79620 15.7431 0.0053
3472.75866 15.7303 0.0055
3473.77846 15.7277 0.0061
3474.77509 15.7336 0.0062
3475.80069 15.7257 0.0054
3477.76250 15.7416 0.0056
3479.76136 15.7298 0.0047
3480.72150 15.7285 0.0051
3481.73944 15.7185 0.0055
3482.71620 15.7273 0.0057
3496.71902 15.7317 0.0058
3497.79054 15.7392 0.0065
3498.91486 15.7371 0.0067
3499.86170 15.7260 0.0057
3500.72790 15.7289 0.0054
3501.82433 15.7293 0.0042
3502.72020 15.7198 0.0050
3503.68935 15.7346 0.0051
3504.70410 15.7194 0.0057
3506.74789 15.7341 0.0052
3508.75750 15.7244 0.0059
3509.73058 15.7179 0.0056
3510.80035 15.7302 0.0054
3511.83949 15.7241 0.0055
3512.70918 15.7239 0.0058
3512.72354 15.7408 0.0063
3512.75911 15.7290 0.0062
3512.80676 15.7363 0.0061
3512.82404 15.7275 0.0060
3512.84158 15.7224 0.0060
3512.85946 15.7280 0.0061
3512.87964 15.7310 0.0062
3512.90212 15.7294 0.0058
3512.91106 15.7295 0.0063
3512.92556 15.7173 0.0061
3512.93818 15.7227 0.0056
3517.68500 15.7188 0.0065
3520.76028 15.7358 0.0059
3521.71751 15.7230 0.0050
3522.74553 15.7219 0.0049
3522.93675 15.7311 0.0058
3523.75000 15.7237 0.0048
3524.89520 15.7344 0.0057
3525.74840 15.7312 0.0053
3526.75183 15.7161 0.0057
3528.67275 15.7283 0.0053
3529.69504 15.7358 0.0039
3529.86940 15.7242 0.0055
3530.61015 15.7195 0.0049
3530.77230 15.7201 0.0050
3530.85411 15.7215 0.0048
3530.88081 15.7165 0.0042
3536.86852 15.6825 0.0043
3536.88544 15.7285 0.0067
3537.67546 15.7053 0.0051
3538.52440 15.7216 0.0061
3538.59711 15.7256 0.0053
3538.75285 15.7014 0.0027
3538.86915 15.7371 0.0034
3539.55571 15.7341 0.0046
3539.74246 15.7245 0.0025
3540.52377 15.7306 0.0045
3540.65000 15.7161 0.0054
3540.69161 15.7297 0.0026
3540.88681 15.7468 0.0046
3541.62437 15.7265 0.0034
3541.78322 15.7137 0.0032
3542.56226 15.7241 0.0063
3542.83049 15.7240 0.0049
3544.60930 15.7175 0.0039
3544.80767 15.7221 0.0051
3546.72349 15.7210 0.0055
3547.74612 15.7171 0.0055
3549.80163 15.7189 0.0050
3550.63483 15.7051 0.0048
3551.63477 15.7397 0.0043
3552.67011 15.7241 0.0051
3553.72018 15.7082 0.0067
3554.65872 15.7089 0.0067
3555.66762 15.7069 0.0051
3556.67536 15.7083 0.0053
3558.53014 15.7156 0.0055
3558.82889 15.7153 0.0058
3559.69885 15.7108 0.0057
3560.60019 15.7131 0.0055
3561.54791 15.6926 0.0053
3562.58860 15.6994 0.0056
3563.63933 15.7100 0.0050
3564.57710 15.7092 0.0067
3569.56243 15.7070 0.0057
3572.81792 15.6992 0.0088
3573.64887 15.7144 0.0066
3574.68880 15.6975 0.0056
3575.53628 15.6951 0.0051
3575.77288 15.7001 0.0058
3576.69016 15.7203 0.0068
3577.59028 15.7042 0.0055
3578.67488 15.7079 0.0053
3579.62032 15.6881 0.0052
3580.65357 15.7013 0.0050
3581.67344 15.7021 0.0050
3582.64530 15.7076 0.0054
3583.63572 15.6971 0.0051
3583.75564 15.7082 0.0058
3584.64440 15.6966 0.0049
3584.75899 15.6914 0.0057
3585.63473 15.7006 0.0051
3586.71980 15.7004 0.0048
3589.67337 15.7029 0.0048
3590.65731 15.6929 0.0049
3591.68087 15.6995 0.0049
3593.74779 15.6843 0.0060
3594.71002 15.6828 0.0054
3601.65856 15.6880 0.0053
3602.61914 15.6885 0.0055
3603.63921 15.6856 0.0056
3607.63755 15.6758 0.0054
3608.65292 15.6861 0.0055
3615.58068 15.6727 0.0055
3618.58229 15.6659 0.0056
3620.54549 15.6718 0.0048
3622.52335 15.6699 0.0056
3628.59953 15.6641 0.0064
3630.53885 15.6741 0.0071
3632.58901 15.6671 0.0064
3634.48962 15.6748 0.0068
3639.54848 15.6490 0.0048
3641.54692 15.6493 0.0061
3641.58705 15.6612 0.0061
3644.50726 15.6567 0.0057
3648.53906 15.6484 0.0059
3650.58466 15.6402 0.0057
3654.54309 15.6355 0.0069
3656.52434 15.6488 0.0058
3658.55616 15.6378 0.0073
3660.52877 15.6420 0.0063
3664.50561 15.6385 0.0058
3669.53117 15.6314 0.0066
3675.51087 15.6247 0.0065
3776.86944 15.3145 0.0046
3782.85414 15.2716 0.0050
3784.87943 15.2704 0.0040
3786.89903 15.2518 0.0049
3788.84959 15.2402 0.0046
3790.89202 15.2269 0.0042
3793.85932 15.2084 0.0038
3795.84674 15.2066 0.0044
3798.80994 15.1754 0.0040
3799.83411 15.1806 0.0042
3800.82904 15.1695 0.0042
3801.88851 15.1584 0.0041
3802.85410 15.1427 0.0040
3803.88937 15.1337 0.0038
3805.80583 15.1299 0.0040
3806.77211 15.1067 0.0040
3807.79120 15.1075 0.0041
3808.79888 15.1096 0.0040
3809.88399 15.1014 0.0039
3810.85060 15.0765 0.0036
3811.84223 15.0884 0.0039
3812.83832 15.0675 0.0040
3813.83115 15.0673 0.0036
3814.83011 15.0585 0.0036
3817.86165 15.0316 0.0037
3818.89073 15.0171 0.0035
3819.80845 15.0152 0.0033
3820.77509 15.0121 0.0034
3821.77824 15.0073 0.0035
3822.81764 14.9879 0.0035
3823.77785 14.9741 0.0040
3824.74404 14.9833 0.0040
3825.80887 14.9659 0.0036
3826.73741 14.9695 0.0028
3827.80521 14.9426 0.0032
3828.77984 14.9362 0.0037
3829.76202 14.9401 0.0036
3830.73833 14.9258 0.0033
3831.90748 14.9241 0.0033
3832.71646 14.9185 0.0033
3833.76212 14.9134 0.0033
3834.74756 14.8974 0.0034
3834.91875 14.8936 0.0036
3835.73692 14.8976 0.0035
3836.76797 14.8938 0.0040
3837.73533 14.8841 0.0037
3837.90709 14.8770 0.0032
3838.74712 14.8727 0.0038
3838.91442 14.8725 0.0035
3839.74289 14.8715 0.0036
3840.70888 14.8597 0.0036
3840.91383 14.8642 0.0033
3841.74740 14.8598 0.0033
3841.89797 14.8605 0.0033
3842.85039 14.8506 0.0032
3845.72293 14.8311 0.0042
3845.91313 14.8396 0.0034
3846.73358 14.8221 0.0030
3846.92554 14.8316 0.0033
3847.79971 14.8327 0.0036
3848.75468 14.8199 0.0033
3849.75379 14.8171 0.0031
3850.69785 14.8169 0.0031
3850.86957 14.8136 0.0032
3851.71300 14.8135 0.0033
3851.87786 14.8078 0.0033
3851.92400 14.8151 0.0034
3852.70156 14.8113 0.0034
3852.87280 14.8118 0.0033
3853.68999 14.8016 0.0030
3853.85829 14.8202 0.0031
3853.92906 14.8073 0.0030
3856.68002 14.7990 0.0031
3856.84678 14.7941 0.0030
3857.91768 14.8045 0.0031
3858.76641 14.7968 0.0029
3859.80460 14.8043 0.0025
3860.67413 14.8063 0.0033
3860.91296 14.8041 0.0033
3861.67120 14.7974 0.0032
3861.77578 14.8131 0.0031
3862.70488 14.8083 0.0030
3862.86788 14.8047 0.0031
3863.63932 14.7958 0.0033
3863.85701 14.8003 0.0030
3863.93625 14.8070 0.0033
3864.67984 14.8082 0.0033
3864.86991 14.8026 0.0030
3865.69067 14.8131 0.0032
3865.82738 14.8099 0.0030
3865.90416 14.8066 0.0030
3866.68911 14.8047 0.0031
3866.82859 14.8126 0.0030
3866.90748 14.8199 0.0030
3867.63197 14.8160 0.0033
3867.81763 14.8189 0.0033
3867.89070 14.8144 0.0031
3868.71508 14.8186 0.0034
3868.86676 14.8198 0.0036
3869.69490 14.8204 0.0032
3869.87586 14.8192 0.0034
3872.89224 14.8353 0.0034
3873.64779 14.8457 0.0033
3873.78988 14.8443 0.0031
3873.86260 14.8504 0.0033
3873.93224 14.8472 0.0033
3874.74686 14.8440 0.0034
3875.66057 14.8645 0.0030
3875.80804 14.8581 0.0031
3875.90697 14.8582 0.0031
3876.63779 14.8611 0.0028
3877.63592 14.8678 0.0030
3877.78724 14.8695 0.0030
3877.86113 14.8619 0.0031
3879.66736 14.8858 0.0028
3880.83679 14.8881 0.0033
3880.91557 14.8883 0.0031
3881.66593 14.8986 0.0032
3881.87747 14.9097 0.0031
3881.92421 14.9008 0.0032
3882.75427 14.9063 0.0034
3882.82850 14.8982 0.0034
3882.89735 14.9112 0.0032
3883.64367 14.9083 0.0037
3883.84130 14.9128 0.0032
3886.60576 14.9292 0.0034
3886.79852 14.9407 0.0033
3886.87035 14.9389 0.0035
3887.57908 14.9343 0.0036
3887.78162 14.9394 0.0031
3887.88129 14.9477 0.0033
3889.66155 14.9590 0.0032
3889.93975 14.9591 0.0036
3890.64080 14.9714 0.0033
3891.67117 14.9763 0.0037
3891.79941 14.9887 0.0035
3891.88140 14.9873 0.0035
3892.57275 14.9936 0.0041
3893.62215 15.0011 0.0037
3893.86681 15.0006 0.0039
3894.67539 15.0149 0.0040
3896.61301 15.0223 0.0044
3900.53430 15.0593 0.0044
3900.71998 15.0491 0.0044
3900.79931 15.0622 0.0037
3900.86798 15.0581 0.0037
3901.54443 15.0626 0.0038
3901.72575 15.0593 0.0040
3901.80303 15.0691 0.0039
3901.87198 15.0683 0.0038
3902.56710 15.0732 0.0033
3902.74663 15.0818 0.0036
3902.86560 15.0797 0.0040
3903.65479 15.0856 0.0037
3903.90421 15.0935 0.0042
3904.55538 15.0981 0.0036
3904.71847 15.0956 0.0035
3904.78751 15.0921 0.0037
3904.88966 15.0976 0.0039
3905.55219 15.1117 0.0036
3905.72883 15.1050 0.0035
3905.79888 15.1099 0.0034
3905.86745 15.1065 0.0037
3906.56670 15.1098 0.0039
3906.70652 15.1094 0.0037
3906.77964 15.1230 0.0037
3906.85890 15.1113 0.0038
3907.59747 15.1123 0.0038
3907.63765 15.1225 0.0042
3907.77970 15.1349 0.0048
3907.83260 15.1290 0.0045
3907.86425 15.1242 0.0049
3908.53358 15.1323 0.0039
3908.71921 15.1326 0.0039
3908.73706 15.1215 0.0039
3908.76450 15.1384 0.0037
3908.79931 15.1306 0.0038
3908.87888 15.1408 0.0039
3909.53537 15.1446 0.0040
3909.71816 15.1393 0.0036
3909.80863 15.1357 0.0036
3909.88489 15.1411 0.0041
3910.56482 15.1407 0.0038
3912.53459 15.1613 0.0034
3912.72192 15.1603 0.0035
3912.81580 15.1685 0.0036
3913.52606 15.1672 0.0036
3913.73150 15.1825 0.0041
3913.82042 15.1792 0.0037
3914.54986 15.1803 0.0042
3915.52758 15.1850 0.0041
3915.72958 15.1921 0.0042
3915.82778 15.1921 0.0038
3916.56628 15.1964 0.0043
3916.81019 15.1945 0.0042
3917.61498 15.2097 0.0045
3917.82070 15.2051 0.0043
3918.60829 15.2194 0.0041
3918.81847 15.2097 0.0046
3919.54523 15.2097 0.0046
3919.75524 15.2096 0.0030
3920.51294 15.2172 0.0041
3920.70904 15.2352 0.0043
3920.79438 15.2427 0.0040
3921.50911 15.2314 0.0041
3921.70835 15.2534 0.0052
3921.72284 15.2537 0.0053
3922.71277 15.2356 0.0047
3930.54603 15.2928 0.0039
3930.78784 15.2980 0.0049
3931.50165 15.3165 0.0046
3932.52926 15.3189 0.0043
3932.80100 15.3090 0.0045
3933.51569 15.3202 0.0039
3933.70012 15.3168 0.0040
3933.77213 15.3186 0.0040
3934.48958 15.3220 0.0042
3934.65962 15.3196 0.0040
3934.72945 15.3266 0.0041
3935.53946 15.3282 0.0043
3935.71079 15.3355 0.0048
3935.80835 15.3326 0.0048
3936.49286 15.3303 0.0048
3936.65834 15.3430 0.0043
3936.73474 15.3390 0.0046
3937.55713 15.3517 0.0055
3938.50065 15.3422 0.0048
3938.69566 15.3491 0.0033
3938.80080 15.3526 0.0049
3940.58529 15.3628 0.0039
3941.70190 15.3776 0.0051
3944.55321 15.3653 0.0040
3944.75357 15.3945 0.0042
3945.78145 15.3825 0.0047
3946.51231 15.3909 0.0050
3946.70451 15.3990 0.0049
3950.52113 15.4160 0.0045
3950.73618 15.4171 0.0049
3951.51387 15.4114 0.0048
3951.74514 15.4204 0.0052
3956.60687 15.4300 0.0052
3957.50549 15.4511 0.0052
3958.57628 15.4431 0.0047
3959.50904 15.4393 0.0048
3959.68349 15.4506 0.0048
3960.49830 15.4452 0.0045
3960.67738 15.4547 0.0042
3961.56962 15.4598 0.0051
3963.53092 15.4655 0.0046
3963.70831 15.4641 0.0050
3964.52601 15.4688 0.0046
3964.73474 15.4801 0.0050
3965.51047 15.4703 0.0044
3965.70175 15.4756 0.0044
3966.48564 15.4845 0.0050
3966.68738 15.4828 0.0049
3967.52002 15.4944 0.0055
3967.71281 15.4780 0.0047
3968.49814 15.4843 0.0051
3968.66806 15.4932 0.0049
3969.47977 15.4763 0.0049
3969.68043 15.4895 0.0052
3970.50887 15.4898 0.0054
3970.68747 15.4888 0.0046
3971.55274 15.5062 0.0056
3973.57893 15.5074 0.0049
3974.50822 15.5043 0.0051
3974.69477 15.4924 0.0057
3975.51113 15.4975 0.0047
3975.68297 15.5089 0.0053
3976.50568 15.5036 0.0046
3976.68168 15.5098 0.0054
3979.50792 15.5154 0.0068
3982.56856 15.5295 0.0051
3982.58587 15.5252 0.0049
3983.52619 15.5308 0.0064
3986.58300 15.5391 0.0054
3987.50536 15.5432 0.0053
3988.51485 15.5443 0.0045
3989.52886 15.5439 0.0049
3990.54570 15.5476 0.0055
3991.50143 15.5599 0.0061
3993.55318 15.5550 0.0056
3994.56382 15.5525 0.0054
3995.57142 15.5501 0.0046
3999.58668 15.5783 0.0053
4002.49491 15.5796 0.0053
4003.49239 15.5805 0.0050
4004.52649 15.5821 0.0048
4006.51944 15.5900 0.0050
4012.49937 15.5843 0.0064
4016.51497 15.5934 0.0060
4018.55207 15.6117 0.0059
4020.53801 15.6006 0.0053
4023.53833 15.6009 0.0058
4025.55772 15.6120 0.0055
4028.49714 15.6268 0.0066
4031.49721 15.6130 0.0061
4038.50256 15.6386 0.0069
4040.51694 15.6320 0.0069
4041.49912 15.6327 0.0076
4043.50934 15.6175 0.0067
4141.87697 15.7030 0.0067
4150.89212 15.7108 0.0071
4153.88004 15.7189 0.0068
4156.85844 15.7223 0.0073
4158.87801 15.7226 0.0069
4161.84598 15.7237 0.0076
4163.82886 15.7164 0.0066
4165.81026 15.7193 0.0078
4168.80744 15.7257 0.0069
4170.79941 15.7147 0.0090
4175.79002 15.7316 0.0071
4176.90138 15.7114 0.0063
4178.80512 15.7150 0.0065
4179.84946 15.7209 0.0062
4181.78584 15.7394 0.0072
4182.83082 15.7143 0.0061
4183.86695 15.7068 0.0066
4184.90756 15.7136 0.0056
4189.84278 15.7293 0.0069
4191.80787 15.7234 0.0076
4193.74224 15.7445 0.0089
4194.78775 15.7289 0.0068
4196.77787 15.7305 0.0071
4202.75939 15.7364 0.0063
4203.74739 15.7334 0.0058
4204.73969 15.7274 0.0068
4204.92198 15.7297 0.0064
4205.73622 15.7345 0.0064
4207.72568 15.7307 0.0068
4208.74776 15.7341 0.0066
4211.79194 15.7269 0.0070
4212.86910 15.7448 0.0080
4212.89050 15.7430 0.0079
4212.91084 15.7278 0.0079
4213.71231 15.7425 0.0072
4213.77199 15.7248 0.0062
4213.91586 15.7222 0.0061
4215.74501 15.7387 0.0072
4216.70279 15.7322 0.0067
4216.92718 15.7326 0.0073
4217.71024 15.7382 0.0063
4217.91388 15.7324 0.0059
4218.75985 15.7452 0.0076
4219.75803 15.7346 0.0066
4219.80957 15.7381 0.0065
4220.65774 15.7546 0.0087
4220.70277 15.7430 0.0073
4220.92493 15.7461 0.0085
4220.93101 15.7691 0.0104
4221.65638 15.7464 0.0083
4222.67149 15.7292 0.0078
4222.91622 15.7391 0.0065
4224.78495 15.7374 0.0068
4227.88062 15.7451 0.0073
4228.64118 15.7416 0.0075
4228.68037 15.7285 0.0066
4228.91396 15.7312 0.0075
4229.67404 15.7460 0.0072
4229.87101 15.7271 0.0064
4229.93821 15.7320 0.0071
4230.68377 15.7436 0.0063
4230.87180 15.7365 0.0070
4230.93669 15.7474 0.0090
4231.62610 15.7446 0.0067
4231.77031 15.7417 0.0056
4231.89450 15.7374 0.0072
4231.93761 15.7458 0.0086
4232.62919 15.7498 0.0066
4232.67816 15.7389 0.0073
4232.83918 15.7471 0.0081
4233.80996 15.7393 0.0073
4234.71162 15.7402 0.0068
4235.63965 15.7459 0.0067
4235.80087 15.7330 0.0061
4235.89331 15.7379 0.0065
4238.62554 15.7336 0.0078
4238.87799 15.7396 0.0068
4239.62644 15.7206 0.0078
4240.67966 15.7438 0.0069
4240.81692 15.7461 0.0065
4243.64549 15.7485 0.0074
4243.73820 15.7466 0.0067
4243.83196 15.7480 0.0074
4244.61786 15.7414 0.0076
4244.71408 15.7428 0.0067
4244.80690 15.7391 0.0066
4245.61093 15.7543 0.0063
4245.70484 15.7414 0.0065
4245.80068 15.7381 0.0061
4246.66926 15.7420 0.0065
4246.76211 15.7442 0.0067
4246.85543 15.7415 0.0071
4247.68446 15.7449 0.0067
4247.82805 15.7434 0.0068
4250.73262 15.7375 0.0066
4251.80421 15.7499 0.0088
4256.62034 15.7450 0.0078
4256.76634 15.7387 0.0080
4257.65198 15.7419 0.0073
4258.63554 15.7514 0.0077
4258.75800 15.7386 0.0068
4258.85213 15.7529 0.0073
4267.59612 15.7554 0.0074
4268.55933 15.7550 0.0058
4268.84219 15.7478 0.0064
4269.57854 15.7401 0.0065
4269.69908 15.7518 0.0063
4269.78832 15.7507 0.0054
4270.57209 15.7512 0.0062
4272.60044 15.7448 0.0064
4272.74959 15.7420 0.0062
4272.80883 15.7426 0.0059
4272.88037 15.7560 0.0077
4273.61756 15.7497 0.0078
4273.79821 15.7436 0.0073
4273.85935 15.7398 0.0087
4274.55020 15.7406 0.0074
4274.70397 15.7501 0.0075
4274.76509 15.7397 0.0070
4274.82349 15.7342 0.0055
4275.60265 15.7440 0.0066
4275.77799 15.7416 0.0070
4275.83648 15.7559 0.0077
4276.58742 15.7466 0.0076
4277.53122 15.7541 0.0084
4277.70813 15.7409 0.0066
4277.76682 15.7477 0.0075
4277.82546 15.7350 0.0087
4278.57551 15.7471 0.0080
4278.75228 15.7518 0.0080
4283.51065 15.7419 0.0072
4283.73096 15.7626 0.0081
4284.50559 15.7549 0.0074
4284.69575 15.7559 0.0069
4284.75852 15.7504 0.0066
4284.82335 15.7593 0.0078
4285.50869 15.7689 0.0080
4285.69681 15.7614 0.0071
4285.76327 15.7467 0.0068
4285.82856 15.7502 0.0072
4286.50838 15.7480 0.0072
4286.80556 15.7430 0.0065
4289.51621 15.7583 0.0074
4289.73474 15.7510 0.0069
4289.79987 15.7493 0.0070
4290.56252 15.7510 0.0080
4291.62513 15.7504 0.0065
4291.78783 15.7639 0.0087
4292.49078 15.7411 0.0062
4292.66997 15.7476 0.0063
4292.72854 15.7407 0.0061
4292.78709 15.7341 0.0061
4293.49112 15.7547 0.0068
4293.71571 15.7513 0.0063
4293.77451 15.7477 0.0066
4294.49029 15.7467 0.0069
4295.49742 15.7510 0.0069
4295.69543 15.7443 0.0060
4295.75400 15.7423 0.0060
4296.49438 15.7529 0.0072
4296.69097 15.7614 0.0065
4296.82385 15.7545 0.0079
4297.51399 15.7593 0.0072
4297.71559 15.7484 0.0052
4298.54886 15.7543 0.0075
4298.65458 15.7477 0.0069
4298.75420 15.7575 0.0075
4299.53187 15.7484 0.0060
4299.62489 15.7512 0.0060
4299.71707 15.7466 0.0059
4299.81164 15.7411 0.0072
4300.52756 15.7601 0.0070
4300.64762 15.7660 0.0065
4300.74316 15.7541 0.0066
4301.51844 15.7534 0.0062
4301.61421 15.7539 0.0061
4301.71484 15.7486 0.0063
4301.80516 15.7513 0.0064
4302.59141 15.7456 0.0070
4302.69159 15.7531 0.0070
4303.67746 15.7718 0.0080
4304.55156 15.7481 0.0075
4304.66967 15.7551 0.0082
4306.63551 15.7457 0.0069
4306.68915 15.7508 0.0073
4310.61471 15.7533 0.0078
4311.76339 15.7648 0.0094
4312.54700 15.7594 0.0077
4312.74544 15.7624 0.0066
4316.71118 15.7554 0.0073
4317.55926 15.7450 0.0063
4319.77136 15.7404 0.0071
4320.54332 15.7551 0.0066
4326.51058 15.7602 0.0067
4326.70776 15.7455 0.0072
4327.58909 15.7432 0.0080
4327.73037 15.7541 0.0080
4328.51589 15.7560 0.0073
4328.69392 15.7566 0.0070
4329.52576 15.7643 0.0070
4329.67363 15.7657 0.0073
4330.49678 15.7438 0.0068
4330.69004 15.7480 0.0065
4331.47689 15.7604 0.0080
4331.68575 15.7645 0.0077
4332.50667 15.7551 0.0062
4333.52775 15.7388 0.0071
4333.68888 15.7558 0.0074
4334.50112 15.7680 0.0097
4334.62934 15.7560 0.0104
4338.50097 15.7468 0.0071
4339.47835 15.7584 0.0076
4339.69478 15.7616 0.0090
4340.59863 15.7691 0.0071
4341.50166 15.7606 0.0082
4342.53086 15.7611 0.0071
4343.50967 15.7521 0.0061
4344.53790 15.7651 0.0080
4345.50311 15.7457 0.0062
4346.51578 15.7573 0.0074
4347.53048 15.7681 0.0072
4349.49170 15.7571 0.0073
4350.53879 15.7605 0.0066
4351.50468 15.7520 0.0067
4352.55522 15.7659 0.0085
4353.50858 15.7512 0.0065
4354.53729 15.7544 0.0064
4355.53892 15.7592 0.0065
4356.50530 15.7582 0.0067
4357.53437 15.7583 0.0078
4358.49741 15.7703 0.0077
4359.53497 15.7460 0.0068
4360.55947 15.7628 0.0076
4361.56773 15.7700 0.0083
4362.50947 15.7322 0.0074
4365.56028 15.7694 0.0085
4367.48637 15.7518 0.0067
4368.53000 15.7716 0.0082
4370.48728 15.7688 0.0077
4371.53245 15.7463 0.0066
4372.51821 15.7544 0.0061
4373.50438 15.7620 0.0078
4376.56910 15.7823 0.0090
4377.60635 15.7559 0.0076
4378.51689 15.7596 0.0070
4379.53194 15.7829 0.0086
4380.54343 15.7618 0.0069
4381.52211 15.7701 0.0088
4382.56466 15.7660 0.0079
4383.55519 15.7641 0.0075
4384.52937 15.7617 0.0078
4387.58608 15.7644 0.0071
4393.52922 15.7524 0.0068
4394.54456 15.7554 0.0073
4395.51598 15.7652 0.0075
4396.50797 15.7656 0.0087
4397.53227 15.7513 0.0077
4398.53721 15.7553 0.0074
4399.52987 15.7604 0.0080
4400.53194 15.7581 0.0084
4402.54837 15.7717 0.0088
4403.54741 15.7562 0.0083
4408.53819 15.7663 0.0082
4507.85354 15.7615 0.0078
4510.85891 15.7633 0.0067
4513.86004 15.7607 0.0055
4517.85915 15.7767 0.0088
4519.88012 15.7574 0.0061
4522.87402 15.7797 0.0083
4524.80991 15.7628 0.0067
4530.81751 15.7547 0.0057
4533.85111 15.7766 0.0066
4535.83536 15.7673 0.0076
4536.89378 15.7693 0.0063
4537.87943 15.7570 0.0058
4538.81454 15.7659 0.0066
4539.85261 15.7586 0.0064
4540.79876 15.7659 0.0057
4541.79148 15.7589 0.0058
4542.78618 15.7702 0.0070
4543.78170 15.7573 0.0063
4544.77861 15.7596 0.0066
4545.78492 15.7584 0.0064
4546.79206 15.7553 0.0063
4547.78601 15.7658 0.0062
4548.79700 15.7515 0.0072
4550.74003 15.7702 0.0073
4551.76322 15.7611 0.0062
4552.75915 15.7574 0.0090
4556.75525 15.7566 0.0058
4557.77249 15.7618 0.0061
4558.74944 15.7534 0.0058
4558.91923 15.7573 0.0062
4559.74734 15.7593 0.0059
4560.74745 15.7605 0.0058
4561.73752 15.7649 0.0062
4561.92370 15.7608 0.0064
4564.72770 15.7646 0.0060
4564.92819 15.7623 0.0069
4565.72580 15.7674 0.0054
4565.91663 15.7526 0.0054
4566.72526 15.7625 0.0059
4566.92246 15.7637 0.0058
4567.71824 15.7674 0.0062
4567.92413 15.7576 0.0061
4568.72687 15.7533 0.0065
4569.73595 15.7730 0.0068
4570.72659 15.7653 0.0069
4571.72121 15.7752 0.0074
4571.90979 15.7540 0.0058
4572.74871 15.7635 0.0058
4573.73712 15.7728 0.0063
4573.90347 15.7537 0.0056
4574.73949 15.7636 0.0066
4575.74856 15.7578 0.0062
4576.75508 15.7612 0.0060
4577.83677 15.7682 0.0065
4578.80499 15.7558 0.0069
4579.86474 15.7544 0.0076
4583.73154 15.7633 0.0070
4583.91768 15.7624 0.0062
4585.75524 15.7662 0.0067
4586.78046 15.7665 0.0072
4587.76816 15.7638 0.0069
4587.92672 15.7627 0.0078
4588.69068 15.7537 0.0068
4588.92153 15.7605 0.0059
4589.67357 15.7753 0.0066
4589.82898 15.7625 0.0065
4589.89100 15.7655 0.0066
4590.69638 15.7561 0.0066
4590.89885 15.7552 0.0059
4591.70485 15.7545 0.0063
4591.82976 15.7646 0.0060
4591.89686 15.7669 0.0062
4592.66348 15.7542 0.0066
4592.85275 15.7718 0.0071
4592.93109 15.7572 0.0065
4593.65262 15.7741 0.0067
4593.86231 15.7439 0.0058
4594.67367 15.7699 0.0064
4594.86868 15.7656 0.0064
4594.93417 15.7698 0.0068
4595.66316 15.7685 0.0065
4595.85756 15.7591 0.0062
4595.91944 15.7650 0.0069
4596.65836 15.7599 0.0066
4597.68282 15.7575 0.0062
4597.87433 15.7654 0.0063
4598.65913 15.7645 0.0055
4598.92778 15.7627 0.0065
4599.63157 15.7571 0.0071
4599.92213 15.7578 0.0067
4600.64085 15.7579 0.0058
4600.84954 15.7457 0.0057
4601.64640 15.7554 0.0059
4601.86265 15.7599 0.0059
4601.92452 15.7691 0.0064
4602.63905 15.7559 0.0058
4602.84847 15.7599 0.0056
4603.76650 15.7544 0.0065
4606.64031 15.7691 0.0064
4606.89541 15.7593 0.0062
4610.73649 15.7591 0.0059
4610.94368 15.7657 0.0075
4611.62583 15.7674 0.0071
4611.81668 15.7579 0.0060
4612.64720 15.7605 0.0065
4615.78893 15.7575 0.0065
4616.59794 15.7688 0.0077
4616.81445 15.7493 0.0067
4616.88445 15.7664 0.0067
4617.66694 15.7560 0.0062
4618.60970 15.7554 0.0065
4620.63471 15.7595 0.0079
4621.90921 15.7567 0.0051
4621.93037 15.7714 0.0051
4622.56953 15.7588 0.0075
4622.80814 15.7528 0.0064
4622.91879 15.7722 0.0084
4623.63246 15.7570 0.0080
4623.86725 15.7609 0.0072
4624.58721 15.7661 0.0070
4624.81137 15.7641 0.0068
4624.87773 15.7780 0.0065
4625.60130 15.7636 0.0076
4625.79168 15.7659 0.0066
4625.90763 15.7659 0.0082
4626.59981 15.7581 0.0070
4626.85511 15.7847 0.0075
4627.56027 15.7663 0.0068
4627.83363 15.7560 0.0057
4627.91682 15.7714 0.0061
4628.54681 15.7538 0.0066
4628.75383 15.7639 0.0064
4628.81928 15.7681 0.0072
4628.88916 15.7691 0.0068
4629.62497 15.7600 0.0060
4629.82761 15.7704 0.0066
4629.90561 15.7683 0.0066
4630.56090 15.7744 0.0072
4630.76674 15.7494 0.0060
4630.85011 15.7616 0.0061
4630.91288 15.7669 0.0071
4631.56231 15.7574 0.0058
4631.77805 15.7545 0.0058
4631.86472 15.7746 0.0065
4632.56608 15.7614 0.0061
4632.85283 15.7567 0.0066
4633.56608 15.7603 0.0061
4633.67758 15.7606 0.0059
4633.79335 15.7690 0.0063
4638.75111 15.7708 0.0067
4638.86133 15.7734 0.0074
4639.57367 15.7592 0.0068
4639.67146 15.7551 0.0061
4640.59319 15.7610 0.0062
4640.72536 15.7607 0.0063
4640.83037 15.7677 0.0068
4641.66718 15.7535 0.0063
4641.77714 15.7610 0.0066
4642.59107 15.7537 0.0061
4642.75361 15.7714 0.0067
4642.82866 15.7694 0.0067
4643.54888 15.7780 0.0071
4644.59625 15.7792 0.0079
4644.85522 15.7590 0.0064
4645.51932 15.7629 0.0072
4645.76778 15.7622 0.0066
4645.84250 15.7618 0.0071
4646.51734 15.7640 0.0063
4646.84974 15.7515 0.0067
4647.51371 15.7926 0.0071
4647.73676 15.7734 0.0070
4647.84780 15.7649 0.0074
4648.49689 15.7743 0.0070
4648.71052 15.7705 0.0067
4648.81438 15.7643 0.0070
4649.52297 15.7715 0.0077
4649.73167 15.7608 0.0058
4649.85806 15.7839 0.0071
4650.50894 15.7666 0.0071
4650.77288 15.7729 0.0064
4650.86657 15.7648 0.0070
4651.51229 15.7885 0.0085
4651.80745 15.7747 0.0075
4652.50335 15.7599 0.0069
4652.71647 15.7662 0.0062
4652.79138 15.7681 0.0066
4652.84111 15.7658 0.0073
4653.49969 15.7639 0.0079
4653.71888 15.7485 0.0064
4653.78407 15.7549 0.0071
4654.53850 15.7690 0.0070
4654.74997 15.7663 0.0065
4654.81506 15.7692 0.0087
4655.49954 15.7791 0.0077
4655.72405 15.7531 0.0058
4655.78584 15.7483 0.0064
4656.50153 15.7589 0.0058
4656.69127 15.7664 0.0065
4656.81051 15.7626 0.0071
4657.72648 15.7542 0.0073
4658.65986 15.7626 0.0067
4659.59398 15.7796 0.0081
4660.61229 15.7544 0.0068
4661.48957 15.7533 0.0067
4661.69025 15.7580 0.0066
4661.75174 15.7672 0.0066
4661.81894 15.7559 0.0070
4665.65702 15.7678 0.0073
4666.56248 15.7564 0.0065
4666.70555 15.7762 0.0067
4666.74769 15.7687 0.0068
4670.64716 15.7554 0.0069
4671.58268 15.7581 0.0060
4672.50818 15.7604 0.0057
4672.70066 15.7624 0.0062
4672.72293 15.7636 0.0068
4674.51129 15.7699 0.0073
4674.70441 15.7644 0.0065
4675.67876 15.7613 0.0062
4677.48789 15.7632 0.0063
4677.63431 15.7608 0.0065
4677.77679 15.7669 0.0068
4678.69129 15.7719 0.0057
4679.49351 15.7750 0.0079
4681.52929 15.7556 0.0066
4681.62931 15.7649 0.0066
4681.76152 15.7666 0.0066
4682.50029 15.7706 0.0063
4682.65762 15.7569 0.0063
4682.75285 15.7718 0.0064
4683.51883 15.7770 0.0074
4683.70573 15.7799 0.0078
4684.51138 15.7655 0.0065
4684.72506 15.7546 0.0061
4685.49630 15.7755 0.0076
4685.73128 15.7604 0.0066
4686.50006 15.7569 0.0066
4687.48384 15.7642 0.0067
4687.73934 15.7637 0.0065
4688.49677 15.7734 0.0071
4688.68660 15.7698 0.0065
4688.74841 15.7700 0.0072
4693.54434 15.7661 0.0061
4694.53961 15.7717 0.0082
4697.50023 15.7692 0.0063
4698.50576 15.7680 0.0060
4699.50193 15.7625 0.0067
4700.50819 15.7664 0.0064
4701.50347 15.7601 0.0065
4702.50197 15.7613 0.0061
4703.57249 15.7683 0.0065
4704.64223 15.7719 0.0061
4705.50567 15.7626 0.0063
4707.63600 15.7627 0.0059
4708.53888 15.7685 0.0074
4709.51499 15.7579 0.0075
4710.54461 15.7641 0.0054
4715.58394 15.7743 0.0076
4715.60096 15.7614 0.0072
4716.48542 15.7556 0.0061
4716.58634 15.7715 0.0070
4720.55350 15.7578 0.0068
4721.48504 15.7830 0.0088
4722.51759 15.7619 0.0064
4724.50740 15.7721 0.0074
4724.54495 15.7713 0.0069
4724.58350 15.7720 0.0077
4724.61978 15.7753 0.0081
4724.65368 15.7708 0.0082
4725.48621 15.7759 0.0082
4726.54711 15.7724 0.0081
4728.59223 15.7915 0.0083
4729.54772 15.7689 0.0081
4730.56408 15.7566 0.0065
4731.57097 15.7620 0.0070
4733.52266 15.7703 0.0067
4734.55204 15.7798 0.0072
4737.54294 15.7611 0.0071
4740.55345 15.7747 0.0074
4741.56114 15.7587 0.0063
4743.53609 15.7713 0.0069
4753.54700 15.7679 0.0074
4756.52584 15.7801 0.0077
4758.50867 15.7857 0.0075
4868.87897 15.7573 0.0062
4869.86286 15.7725 0.0064
4873.85169 15.7670 0.0067
4874.84617 15.7607 0.0073
4877.84599 15.7653 0.0060
4884.85352 15.7666 0.0059
4886.90007 15.7765 0.0093
4890.88157 15.7600 0.0058
4896.86980 15.7707 0.0062
4899.84073 15.7506 0.0061
4900.88216 15.7453 0.0059
4901.88058 15.7613 0.0056
4902.87927 15.7646 0.0057
4904.80337 15.7520 0.0058
4905.90735 15.7548 0.0063
4910.80926 15.7565 0.0063
4911.77987 15.7547 0.0053
4912.77680 15.7643 0.0052
4914.79386 15.7572 0.0059
4917.75492 15.7642 0.0055
4920.73509 15.7546 0.0057
4924.77614 15.7653 0.0057
4925.81607 15.7574 0.0056
4925.90313 15.7591 0.0053
4927.71579 15.7719 0.0073
4927.87026 15.7505 0.0063
4928.73225 15.7763 0.0064
4929.78851 15.7540 0.0058
4930.70301 15.7595 0.0067
4930.82195 15.7694 0.0065
4931.71785 15.7734 0.0068
4931.86352 15.7608 0.0060
4932.72090 15.7525 0.0060
4932.82156 15.7466 0.0054
4933.76923 15.7647 0.0067
4934.76763 15.7640 0.0082
4934.87248 15.7661 0.0079
4938.67822 15.7668 0.0064
4938.88288 15.7688 0.0062
4939.69714 15.7578 0.0062
4940.69714 15.7722 0.0062
4941.67590 15.7586 0.0067
4941.77390 15.7611 0.0060
4942.71367 15.7634 0.0056
4943.66772 15.7596 0.0056
4943.80722 15.7529 0.0057
4944.66453 15.7598 0.0060
4944.81997 15.7619 0.0056
4945.71300 15.7620 0.0057
4945.76944 15.7682 0.0055
4946.66265 15.7617 0.0062
4947.65632 15.7731 0.0059
4947.85427 15.7398 0.0053
4948.83688 15.7670 0.0053
4951.64502 15.7759 0.0064
4952.64326 15.7645 0.0067
4953.63690 15.7696 0.0066
4953.81147 15.7453 0.0059
4954.63843 15.7608 0.0067
4954.83130 15.7545 0.0059
4955.63914 15.7673 0.0071
4955.77250 15.7781 0.0069
