2125.61710 15.7384 0.0076
2129.69151 15.7392 0.0056
2132.63307 15.7421 0.0058
2136.53720 15.7441 0.0067
2141.54891 15.7379 0.0056
2144.63908 15.7534 0.0059
2160.60661 15.7514 0.0065
2175.64462 15.7489 0.0076
2211.50155 15.7673 0.0088
2332.86919 15.7101 0.0074
2347.83310 15.7542 0.0067
2357.86063 15.7533 0.0061
2372.84851 15.7614 0.0065
2383.81116 15.7596 0.0061
2388.79100 15.7541 0.0069
2390.81391 15.7451 0.0066
2397.69809 15.7415 0.0063
2401.82974 15.7484 0.0062
2403.90672 15.7480 0.0062
2405.89412 15.7563 0.0068
2411.73437 15.7608 0.0043
2414.89346 15.7450 0.0069
2416.85139 15.7452 0.0064
2424.81876 15.7471 0.0067
2428.84738 15.7457 0.0065
2432.86085 15.7717 0.0091
2434.74572 15.7554 0.0061
2436.79442 15.7538 0.0063
2438.75519 15.7514 0.0067
2441.73288 15.7439 0.0053
2445.63929 15.7480 0.0061
2448.65746 15.7537 0.0098
2455.69702 15.7400 0.0047
2459.61703 15.7689 0.0042
2463.54835 15.7454 0.0068
2466.64456 15.7627 0.0070
2468.67485 15.7540 0.0058
2470.65719 15.7602 0.0061
2472.68536 15.7535 0.0059
2481.56470 15.7560 0.0074
2484.62727 15.7574 0.0068
2486.71924 15.7619 0.0075
2490.68743 15.7564 0.0071
2493.64898 15.7567 0.0062
2495.74759 15.7644 0.0070
2498.51445 15.7577 0.0056
2499.47587 15.7569 0.0066
2500.48648 15.7578 0.0066
2500.55895 15.7550 0.0059
2501.48107 15.7558 0.0077
2502.49242 15.7465 0.0067
2502.57015 15.7469 0.0061
2503.47314 15.7369 0.0129
2508.48357 15.7617 0.0066
2508.67045 15.7625 0.0071
2509.56464 15.7284 0.0089
2512.61682 15.7599 0.0069
2517.57069 15.7598 0.0067
2520.58605 15.7563 0.0063
2528.49129 15.7594 0.0071
2538.49773 15.7633 0.0068
2542.52502 15.7519 0.0069
2552.49897 15.7507 0.0070
2556.58311 15.7411 0.0072
2563.49754 15.7638 0.0068
2575.52602 15.7606 0.0076
2707.86703 15.7547 0.0060
2714.90635 15.7621 0.0058
2729.84030 15.7669 0.0068
2733.92049 15.7596 0.0072
2744.91804 15.7607 0.0060
2753.89295 15.7671 0.0066
2757.80446 15.7556 0.0060
2761.82156 15.7607 0.0065
2767.79686 15.7635 0.0074
2775.72593 15.7493 0.0074
2783.82991 15.7591 0.0063
2785.75551 15.7567 0.0065
2787.60584 15.7611 0.0073
2789.76255 15.7656 0.0062
2791.71899 15.7657 0.0065
2794.93383 15.7499 0.0073
2796.83267 15.7665 0.0060
2797.89390 15.7585 0.0054
2809.72175 15.7528 0.0069
2811.64610 15.7583 0.0069
2812.72061 15.7552 0.0065
2813.82989 15.7660 0.0066
2814.75341 15.7509 0.0066
2816.61806 15.7556 0.0062
2818.58938 15.7478 0.0061
2820.79598 15.7624 0.0068
2826.75946 15.7606 0.0047
2835.64360 15.7746 0.0077
2837.64037 15.7772 0.0068
2839.71283 15.7546 0.0071
2841.72214 15.7591 0.0064
2843.64864 15.7504 0.0060
2845.65931 15.7560 0.0065
2850.52730 15.7510 0.0061
2852.53967 15.7586 0.0076
2854.54339 15.7496 0.0066
2856.73377 15.7720 0.0081
2858.68638 15.7434 0.0088
2862.59907 15.7725 0.0074
2865.70264 15.7623 0.0066
2868.58885 15.7532 0.0061
2879.63543 15.7645 0.0065
2884.66577 15.7649 0.0070
2892.65412 15.7576 0.0084
2895.62782 15.7529 0.0063
2900.55607 15.7588 0.0071
2906.50795 15.7593 0.0071
2911.53215 15.7619 0.0070
2918.55613 15.7616 0.0076
2930.57528 15.7733 0.0084
3051.88680 15.7381 0.0074
3064.82169 15.7543 0.0069
3067.89512 15.7526 0.0058
3070.85666 15.7538 0.0072
3073.81211 15.7496 0.0065
3075.85079 15.7625 0.0064
3079.89533 15.7564 0.0068
3079.91117 15.7719 0.0074
3080.82744 15.7527 0.0061
3080.87253 15.7545 0.0059
3080.89626 15.7478 0.0056
3080.90975 15.7595 0.0060
3081.79722 15.7452 0.0063
3081.84116 15.7529 0.0057
3081.91281 15.7527 0.0073
3082.84337 15.7666 0.0060
3082.88252 15.7502 0.0057
3083.80691 15.7534 0.0056
3083.86835 15.7527 0.0058
3084.78460 15.7548 0.0060
3084.86729 15.7508 0.0055
3085.78834 15.7611 0.0058
3085.85863 15.7514 0.0060
3086.84025 15.7577 0.0056
3088.79775 15.7571 0.0056
3089.90698 15.7557 0.0056
3091.82721 15.7489 0.0057
3096.86532 15.7473 0.0062
3098.85277 15.7515 0.0055
3100.80630 15.7523 0.0059
3101.92005 15.7629 0.0068
3103.77757 15.7645 0.0063
3108.77013 15.7570 0.0057
3109.80230 15.7674 0.0056
3110.83670 15.7552 0.0061
3112.79505 15.7482 0.0057
3113.87598 15.7513 0.0055
3114.78685 15.7540 0.0055
3115.87032 15.7460 0.0055
3116.92578 15.7572 0.0064
3122.91284 15.7575 0.0065
3125.87316 15.7615 0.0069
3126.89877 15.7592 0.0059
3127.80962 15.7679 0.0061
3128.82265 15.7611 0.0059
3130.70056 15.7590 0.0066
3134.82220 15.7590 0.0064
3135.90191 15.7423 0.0062
3138.70364 15.7615 0.0065
3139.88091 15.7468 0.0059
3140.88069 15.7642 0.0060
3142.76893 15.7483 0.0059
3144.78990 15.7572 0.0060
3146.81256 15.7592 0.0063
3151.75252 15.7558 0.0065
3151.90520 15.7558 0.0060
3152.75662 15.7643 0.0064
3153.76052 15.7487 0.0066
3154.82208 15.7540 0.0066
3156.84177 15.7679 0.0064
3158.91588 15.7640 0.0085
3162.81676 15.7660 0.0063
3163.62966 15.7499 0.0057
3163.65141 15.7620 0.0056
3164.73902 15.7633 0.0058
3165.75915 15.7550 0.0049
3166.90431 15.7688 0.0083
3168.75235 15.7515 0.0056
3169.72865 15.7686 0.0060
3170.80575 15.7685 0.0054
3171.82850 15.7596 0.0046
3172.75544 15.7624 0.0047
3174.71241 15.7505 0.0053
3175.72170 15.7502 0.0055
3177.75889 15.7520 0.0070
3178.78541 15.7472 0.0050
3179.79515 15.7571 0.0058
3180.72405 15.7506 0.0052
3182.77501 15.7670 0.0059
3183.74360 15.7555 0.0061
3184.70142 15.7648 0.0056
3185.75408 15.7643 0.0061
3193.53962 15.7576 0.0057
3194.59822 15.7649 0.0063
3195.64553 15.7495 0.0053
3195.80321 15.7540 0.0057
3196.54866 15.7495 0.0060
3197.51617 15.7499 0.0058
3199.62603 15.7628 0.0061
3201.51783 15.7540 0.0051
3202.57222 15.7531 0.0057
3203.66177 15.7499 0.0057
3204.65608 15.7565 0.0056
3205.76972 15.7567 0.0055
3206.72056 15.7668 0.0068
3210.54802 15.7567 0.0065
3211.58637 15.7682 0.0061
3217.65498 15.7832 0.0070
3218.65338 15.7427 0.0068
3219.60924 15.7528 0.0078
3223.65456 15.7559 0.0074
3224.70008 15.7607 0.0060
3226.61742 15.7542 0.0070
3228.60383 15.7633 0.0064
3229.63630 15.7519 0.0058
3230.66988 15.7505 0.0059
3238.62228 15.7547 0.0063
3239.70096 15.7620 0.0069
3240.68209 15.7492 0.0071
3241.65702 15.7602 0.0062
3245.55687 15.7598 0.0065
3246.66059 15.7755 0.0075
3247.62676 15.7646 0.0065
3249.52877 15.7521 0.0063
3250.66144 15.7676 0.0068
3253.52921 15.7607 0.0061
3256.63849 15.7899 0.0070
3267.53456 15.7585 0.0057
3267.58718 15.7501 0.0057
3268.55269 15.7561 0.0060
3272.58998 15.7541 0.0063
3275.57296 15.7679 0.0069
3278.60182 15.7697 0.0062
3282.57586 15.7574 0.0045
3288.54839 15.7596 0.0058
3293.51903 15.7617 0.0047
3295.52921 15.7658 0.0039
3299.55349 15.7759 0.0032
3306.52620 15.7655 0.0091
3314.50326 15.7548 0.0087
3408.89305 15.7455 0.0077
3414.86864 15.7488 0.0066
3421.90025 15.7404 0.0053
3422.87458 15.7326 0.0050
3426.86572 15.7486 0.0057
3429.85652 15.7556 0.0063
3432.89116 15.7330 0.0063
3442.89366 15.7372 0.0053
3445.80640 15.7356 0.0049
3447.85704 15.7409 0.0058
3449.86967 15.7421 0.0051
3452.89025 15.7324 0.0049
3455.82450 15.7358 0.0070
3457.85803 15.7318 0.0053
3459.85318 15.7290 0.0054
3467.88304 15.7349 0.0051
3468.79160 15.7301 0.0054
3468.86544 15.7276 0.0050
3468.91501 15.7350 0.0052
3469.78897 15.7274 0.0051
3470.80188 15.7281 0.0050
3471.92829 15.7515 0.0074
3472.76436 15.7496 0.0055
3473.78413 15.7363 0.0057
3474.78079 15.7269 0.0057
3475.80638 15.7162 0.0052
3476.90635 15.7412 0.0048
3477.76819 15.7273 0.0053
3479.76705 15.7179 0.0046
3480.72717 15.7271 0.0050
3481.74511 15.7285 0.0051
3482.72186 15.7297 0.0054
3496.72465 15.7172 0.0055
3497.79621 15.7224 0.0056
3498.92050 15.7271 0.0066
3499.86734 15.7303 0.0051
3500.73356 15.7459 0.0053
3501.66786 15.7098 0.0055
3501.72784 15.7139 0.0047
3502.62798 15.7275 0.0056
3503.63626 15.7118 0.0053
3504.66647 15.7148 0.0062
3506.73149 15.7136 0.0049
3506.87247 15.7167 0.0050
3508.66022 15.7169 0.0067
3508.82289 15.7138 0.0055
3509.60582 15.7221 0.0062
3510.75895 15.7145 0.0048
3510.92411 15.7289 0.0053
3511.59580 15.7101 0.0073
3511.61492 15.7175 0.0072
3511.64734 15.7185 0.0056
3511.68168 15.7023 0.0053
3511.68483 15.7112 0.0046
3511.73442 15.7200 0.0049
3511.76343 15.7079 0.0046
3511.79170 15.7140 0.0035
3511.82381 15.7210 0.0035
3511.86557 15.7320 0.0037
3511.89476 15.7183 0.0039
3511.93323 15.7239 0.0038
3512.59729 15.7103 0.0060
3512.63626 15.7066 0.0058
3512.68902 15.7318 0.0040
3512.72077 15.7251 0.0044
3512.75653 15.7198 0.0040
3512.80402 15.7139 0.0039
3512.84434 15.7206 0.0044
3512.88316 15.7246 0.0041
3512.93246 15.7284 0.0041
3517.63912 15.7280 0.0069
3517.69294 15.7192 0.0085
3517.78536 15.7176 0.0055
3520.58893 15.7152 0.0057
3520.65852 15.7133 0.0054
3520.76641 15.7213 0.0054
3520.86005 15.7166 0.0057
3520.91701 15.7379 0.0066
3521.61400 15.7174 0.0053
3521.72315 15.7119 0.0047
3521.85065 15.7180 0.0054
3522.58631 15.7124 0.0052
3522.69845 15.7086 0.0048
3522.71928 15.7114 0.0044
3522.75112 15.7019 0.0046
3522.92453 15.7166 0.0056
3522.94235 15.7217 0.0061
3523.60753 15.7182 0.0058
3523.68553 15.7096 0.0054
3523.75631 15.7174 0.0047
3523.84705 15.7212 0.0059
3524.58130 15.7184 0.0049
3524.61032 15.6995 0.0047
3524.66312 15.7138 0.0051
3524.75557 15.7101 0.0053
3524.80798 15.7293 0.0055
3524.87994 15.7192 0.0054
3525.57197 15.7065 0.0059
3525.64512 15.7103 0.0050
3525.75447 15.7155 0.0049
3525.81323 15.7051 0.0052
3525.92114 15.7171 0.0059
3526.65870 15.6985 0.0060
3526.75743 15.7118 0.0050
3526.87898 15.7174 0.0053
3526.94529 15.7224 0.0084
3527.59253 15.7174 0.0049
3527.71672 15.7105 0.0047
3527.82177 15.7065 0.0053
3527.87458 15.7075 0.0060
3527.92177 15.7235 0.0071
3528.56114 15.7069 0.0058
3528.67837 15.7114 0.0049
3528.79617 15.7217 0.0056
3528.92649 15.7205 0.0068
3529.57218 15.6986 0.0048
3529.70064 15.7243 0.0039
3529.86606 15.7092 0.0042
3530.56135 15.7058 0.0054
3530.61577 15.7196 0.0048
3530.68957 15.7035 0.0046
3530.78452 15.7126 0.0047
3530.85065 15.7085 0.0046
3530.92842 15.7421 0.0034
3533.59907 15.6950 0.0044
3536.87278 15.6817 0.0050
3537.67878 15.7092 0.0050
3538.61228 15.7020 0.0052
3539.61917 15.6735 0.0054
3540.65559 15.6819 0.0051
3541.78595 15.6947 0.0054
3542.84134 15.6867 0.0091
3544.62268 15.7082 0.0060
3546.84966 15.6981 0.0071
3547.81395 15.6981 0.0064
3549.84397 15.6894 0.0052
3550.64041 15.6931 0.0045
3551.64101 15.6602 0.0036
3552.67633 15.6872 0.0049
3553.72573 15.6906 0.0059
3553.78070 15.6957 0.0060
3553.79268 15.6899 0.0064
3553.80731 15.6854 0.0070
3553.82570 15.6886 0.0069
3553.83747 15.6963 0.0065
3554.56916 15.6758 0.0069
3554.58394 15.6890 0.0066
3554.59615 15.6903 0.0055
3554.61166 15.6866 0.0053
3554.62266 15.6787 0.0059
3554.63207 15.6771 0.0059
3554.64387 15.6788 0.0061
3554.65571 15.6855 0.0062
3554.66426 15.6842 0.0059
3554.68329 15.6883 0.0054
3554.69832 15.6763 0.0056
3554.71358 15.6849 0.0058
3554.72863 15.6896 0.0057
3554.74346 15.6895 0.0056
3554.76366 15.6815 0.0052
3554.78342 15.6916 0.0057
3554.80587 15.6798 0.0054
3554.82612 15.6930 0.0066
3554.85024 15.6916 0.0063
3554.86473 15.7009 0.0066
3555.64890 15.6721 0.0046
3555.68260 15.6873 0.0056
3555.76892 15.6781 0.0058
3556.55101 15.6872 0.0073
3556.65153 15.6751 0.0049
3556.76215 15.6771 0.0055
3556.83450 15.6941 0.0069
3558.46492 15.6931 0.0062
3558.53571 15.6782 0.0053
3558.74593 15.6855 0.0057
3558.83441 15.6844 0.0060
3559.48117 15.6930 0.0063
3559.56612 15.6687 0.0052
3559.70436 15.6757 0.0048
3560.46747 15.6598 0.0060
3560.60571 15.6747 0.0051
3560.69921 15.6700 0.0049
3560.82685 15.6816 0.0055
3561.46098 15.6931 0.0079
3561.62731 15.6828 0.0050
3561.75365 15.6807 0.0049
3562.46849 15.6712 0.0056
3562.59411 15.6817 0.0063
3562.76025 15.6781 0.0051
3563.48140 15.6704 0.0054
3563.64485 15.6697 0.0053
3563.77653 15.6641 0.0056
3564.51598 15.6885 0.0070
3564.64065 15.6607 0.0048
3564.73548 15.6756 0.0063
3564.78499 15.6680 0.0063
3564.80061 15.6852 0.0063
3565.48063 15.6766 0.0071
3568.78805 15.6607 0.0052
3569.47465 15.6664 0.0099
3569.56798 15.6663 0.0054
3573.66289 15.6544 0.0058
3574.69430 15.6620 0.0052
3575.54180 15.6629 0.0047
3575.77840 15.6583 0.0054
3576.69564 15.6469 0.0053
3577.59578 15.6452 0.0051
3578.68040 15.6460 0.0047
3579.62591 15.6418 0.0048
3580.65910 15.6446 0.0048
3581.67894 15.6422 0.0046
3582.65083 15.6471 0.0046
3583.64121 15.6409 0.0046
3583.76112 15.6376 0.0058
3584.64988 15.6431 0.0046
3584.76451 15.6386 0.0050
3585.64022 15.6423 0.0047
3586.72531 15.6325 0.0046
3589.67885 15.6224 0.0044
3590.66280 15.6250 0.0045
3591.68636 15.6284 0.0044
3593.75331 15.6079 0.0054
3594.71550 15.6047 0.0048
3601.66402 15.5924 0.0050
3602.62463 15.5864 0.0050
3603.64466 15.5921 0.0052
3607.64301 15.5723 0.0046
3608.65839 15.5825 0.0047
3615.58614 15.5493 0.0046
3618.58774 15.5400 0.0048
3620.55096 15.5177 0.0042
3622.52879 15.5136 0.0048
3628.60498 15.4969 0.0052
3630.54432 15.4956 0.0053
3632.59599 15.4749 0.0053
3634.49507 15.4618 0.0049
3639.55395 15.4309 0.0040
3641.55237 15.4259 0.0055
3644.51274 15.4003 0.0046
3648.54449 15.3648 0.0048
3650.59299 15.3508 0.0051
3654.54854 15.3097 0.0050
3656.52980 15.3057 0.0046
3658.56165 15.2785 0.0054
3660.53426 15.2515 0.0048
3664.53801 15.2066 0.0041
3669.53758 15.1512 0.0045
3675.51634 15.0790 0.0044
3776.87514 15.0606 0.0038
3782.85981 15.1430 0.0038
3784.88513 15.1772 0.0037
3788.85253 15.2273 0.0044
3790.89494 15.2501 0.0042
3793.86225 15.2738 0.0038
3795.84966 15.2862 0.0045
3798.81286 15.3270 0.0041
3799.83703 15.3321 0.0045
3800.83197 15.3582 0.0046
3801.89146 15.3598 0.0044
3802.85704 15.3653 0.0044
3803.89230 15.3752 0.0042
3805.80876 15.3912 0.0047
3806.77503 15.3929 0.0046
3807.79413 15.3959 0.0048
3808.80181 15.4130 0.0047
3809.88692 15.4158 0.0044
3810.85354 15.4234 0.0044
3811.84514 15.4341 0.0046
3812.84124 15.4487 0.0050
3813.83416 15.4367 0.0044
3814.83305 15.4457 0.0045
3817.86456 15.4649 0.0050
3818.89369 15.4728 0.0044
3819.81139 15.4791 0.0042
3820.77803 15.4812 0.0044
3821.78118 15.4978 0.0046
3822.82057 15.4927 0.0045
3823.78076 15.5064 0.0054
3824.74695 15.5054 0.0054
3825.81181 15.5051 0.0049
3826.74033 15.5301 0.0046
3827.80814 15.5210 0.0045
3828.78275 15.5322 0.0052
3829.76494 15.5250 0.0051
3830.74128 15.5378 0.0048
3831.91478 15.5433 0.0045
3832.75184 15.5356 0.0047
3833.76503 15.5391 0.0047
3834.75076 15.5473 0.0049
3834.92165 15.5509 0.0055
3835.73984 15.5493 0.0052
3836.77089 15.5634 0.0055
3837.73824 15.5596 0.0056
3837.91014 15.5568 0.0047
3838.75003 15.5618 0.0059
3838.91735 15.5789 0.0053
3839.74580 15.5658 0.0055
3840.71179 15.5687 0.0055
3840.91674 15.5729 0.0050
3841.75031 15.5533 0.0051
3841.90104 15.5683 0.0050
3842.85368 15.5762 0.0048
3845.72583 15.5861 0.0062
3845.91657 15.5874 0.0055
3846.73652 15.5896 0.0048
3846.92882 15.5975 0.0052
3847.80260 15.5946 0.0057
3848.75757 15.5857 0.0050
3849.75672 15.5983 0.0048
3850.70075 15.6029 0.0050
3850.87249 15.6017 0.0052
3851.71590 15.5982 0.0052
3851.88079 15.6080 0.0050
3851.92689 15.6086 0.0051
3852.70447 15.6101 0.0052
3852.87571 15.6153 0.0049
3853.69289 15.6024 0.0047
3853.86119 15.6073 0.0048
3853.93198 15.6014 0.0049
3856.68292 15.6228 0.0050
3856.84968 15.6189 0.0048
3857.92060 15.6332 0.0052
3858.76930 15.6191 0.0035
3859.80750 15.6218 0.0049
3860.67702 15.6297 0.0053
3860.91585 15.6414 0.0052
3861.67507 15.6270 0.0052
3861.77866 15.6410 0.0047
3862.70777 15.6296 0.0049
3862.87080 15.6369 0.0050
3863.64580 15.6316 0.0052
3863.85989 15.6345 0.0047
3864.68273 15.6459 0.0053
3864.87280 15.6319 0.0047
3864.93174 15.6350 0.0047
3865.69355 15.6455 0.0053
3865.83029 15.6391 0.0051
3865.90706 15.6359 0.0048
3866.69202 15.6394 0.0049
3866.83148 15.6334 0.0049
3866.91039 15.6345 0.0047
3867.63487 15.6415 0.0056
3867.82053 15.6421 0.0053
3867.89358 15.6513 0.0050
3868.71798 15.6465 0.0057
3868.86965 15.6487 0.0058
3869.69778 15.6376 0.0052
3869.87874 15.6416 0.0057
3872.89511 15.6518 0.0053
3873.65067 15.6584 0.0051
3873.79274 15.6520 0.0049
3873.86547 15.6612 0.0054
3873.93508 15.6512 0.0058
3874.74977 15.6660 0.0055
3875.66344 15.6554 0.0045
3875.81884 15.6688 0.0048
3875.90984 15.6635 0.0050
3876.64064 15.6563 0.0041
3877.63877 15.6433 0.0051
3877.79011 15.6652 0.0046
3877.86400 15.6701 0.0049
3880.61183 15.6579 0.0048
3880.83967 15.6729 0.0052
3880.91843 15.6605 0.0051
3881.66883 15.6676 0.0050
3881.88032 15.6722 0.0048
3881.92708 15.6727 0.0048
3882.75711 15.6711 0.0051
3882.83138 15.6721 0.0052
3882.90021 15.6769 0.0051
3883.64650 15.6799 0.0059
3883.84419 15.6693 0.0047
3886.60859 15.6739 0.0052
3886.80136 15.6668 0.0048
3886.87322 15.6736 0.0056
3887.58191 15.6767 0.0057
3887.78455 15.6708 0.0043
3887.88411 15.6704 0.0052
3888.59798 15.6676 0.0040
3889.66439 15.6798 0.0048
3889.94261 15.6764 0.0059
3890.64956 15.6760 0.0049
3891.67402 15.6900 0.0054
3891.80226 15.6806 0.0051
3891.88424 15.6784 0.0056
3892.57560 15.6796 0.0060
3892.94155 15.6932 0.0060
3893.62782 15.6765 0.0052
3893.86966 15.6748 0.0060
3894.67823 15.6900 0.0059
3896.61582 15.6989 0.0070
3900.53709 15.6851 0.0061
3900.72351 15.6889 0.0050
3900.80213 15.6924 0.0053
3900.87078 15.6790 0.0055
3901.54724 15.6877 0.0055
3901.72859 15.6950 0.0054
3901.80583 15.6877 0.0059
3901.87478 15.6898 0.0061
3902.56993 15.6821 0.0046
3902.74944 15.6890 0.0050
3902.86841 15.6824 0.0059
3903.66106 15.6884 0.0050
3904.55825 15.6924 0.0052
3904.72127 15.6908 0.0048
3904.79034 15.6966 0.0051
3904.89248 15.7019 0.0056
3905.55498 15.6901 0.0050
3905.73167 15.6910 0.0047
3905.80170 15.6957 0.0047
3905.87027 15.6945 0.0052
3906.56951 15.6874 0.0056
3906.71012 15.6907 0.0052
3906.78247 15.6963 0.0052
3906.86169 15.7054 0.0057
3907.60029 15.6970 0.0055
3907.78250 15.7254 0.0070
3907.86706 15.7233 0.0072
3908.53638 15.6934 0.0054
3908.72205 15.7036 0.0052
3908.80212 15.6953 0.0051
3908.88171 15.6875 0.0054
3909.53824 15.6925 0.0057
3909.72098 15.6911 0.0047
3909.81142 15.6979 0.0050
3909.88771 15.7058 0.0060
3910.57469 15.6916 0.0053
3912.53735 15.6927 0.0047
3912.72473 15.7008 0.0045
3912.81864 15.7118 0.0049
3913.52887 15.7074 0.0049
3913.73429 15.7006 0.0053
3913.82321 15.6966 0.0047
3914.55264 15.7075 0.0057
3915.53036 15.7100 0.0054
3915.73238 15.6979 0.0053
3915.83058 15.7065 0.0054
3916.56905 15.7104 0.0056
3916.81298 15.7027 0.0055
3917.61779 15.7067 0.0059
3917.82353 15.7164 0.0058
3918.61112 15.7081 0.0059
3918.82125 15.7151 0.0062
3919.54938 15.6977 0.0054
3919.75800 15.7077 0.0043
3920.51573 15.7162 0.0064
3920.71181 15.7059 0.0055
3920.79718 15.6958 0.0051
3921.51190 15.7099 0.0055
3921.71115 15.7188 0.0069
3921.72563 15.7047 0.0065
3922.71556 15.7249 0.0065
3930.54881 15.7202 0.0052
3930.79059 15.7147 0.0069
3931.50444 15.7277 0.0059
3932.53202 15.7160 0.0055
3932.80377 15.7255 0.0056
3933.51844 15.7077 0.0052
3933.70290 15.7157 0.0048
3933.77490 15.7182 0.0051
3934.49233 15.7223 0.0053
3934.66238 15.7261 0.0050
3934.73222 15.7185 0.0049
3935.54223 15.7236 0.0056
3935.71356 15.7230 0.0061
3935.81110 15.7208 0.0061
3936.49561 15.7187 0.0063
3936.66111 15.7254 0.0052
3936.73748 15.7142 0.0056
3937.55987 15.7331 0.0065
3938.50338 15.7229 0.0063
3938.69838 15.7338 0.0045
3938.80354 15.7334 0.0064
3940.58804 15.7191 0.0054
3941.70466 15.7193 0.0059
3944.55594 15.7184 0.0045
3944.75630 15.7202 0.0050
3945.78420 15.7246 0.0059
3946.51507 15.7181 0.0061
3946.70728 15.7150 0.0056
3950.52381 15.7167 0.0051
3950.73886 15.7199 0.0057
3951.51657 15.7439 0.0057
3951.74782 15.7291 0.0061
3956.56974 15.7342 0.0062
3957.50815 15.7115 0.0059
3958.57897 15.7192 0.0053
3959.51173 15.7361 0.0056
3959.68615 15.7387 0.0056
3960.50097 15.7315 0.0051
3960.68007 15.7354 0.0049
3961.57227 15.7460 0.0058
3963.53360 15.7328 0.0055
3963.71100 15.7312 0.0058
3964.52870 15.7369 0.0051
3965.51313 15.7298 0.0050
3965.70443 15.7427 0.0052
3966.48831 15.7451 0.0056
3966.69006 15.7285 0.0055
3967.52267 15.7387 0.0059
3967.71549 15.7293 0.0056
3968.50079 15.7365 0.0057
3968.67075 15.7279 0.0057
3969.48241 15.7424 0.0060
3969.68309 15.7358 0.0058
3970.51155 15.7482 0.0062
3970.69014 15.7406 0.0053
3971.55540 15.7347 0.0061
3973.58160 15.7426 0.0056
3974.51087 15.7315 0.0055
3974.69743 15.7352 0.0066
3975.51377 15.7458 0.0052
3975.68559 15.7263 0.0063
3976.50833 15.7357 0.0051
3976.68438 15.7455 0.0072
3979.51057 15.7302 0.0086
3982.57121 15.7399 0.0059
3983.52886 15.7352 0.0068
3986.58566 15.7429 0.0060
3987.50800 15.7501 0.0060
3988.52093 15.7523 0.0048
3989.53152 15.7420 0.0052
3990.54835 15.7456 0.0058
3991.50409 15.7479 0.0058
3993.55583 15.7475 0.0062
3994.56650 15.7318 0.0060
3995.57406 15.7400 0.0051
3999.61142 15.7423 0.0057
4002.50083 15.7452 0.0057
4003.49504 15.7507 0.0054
4004.52914 15.7404 0.0052
4006.52207 15.7572 0.0057
4012.50201 15.7621 0.0067
4016.51765 15.7430 0.0064
4018.55541 15.7581 0.0062
4020.54065 15.7555 0.0051
4023.54098 15.7399 0.0062
4025.56038 15.7656 0.0061
4028.49978 15.7644 0.0068
4031.49990 15.7480 0.0063
4038.50523 15.7699 0.0075
4040.51963 15.7614 0.0077
4043.51205 15.7625 0.0081
4141.87980 15.7583 0.0068
4150.89500 15.7673 0.0086
4153.88292 15.7535 0.0064
4156.86131 15.7701 0.0071
4158.88088 15.7609 0.0067
4161.84885 15.7602 0.0072
4163.83171 15.7446 0.0066
4165.81315 15.7681 0.0082
4168.81030 15.7663 0.0068
4170.80228 15.7671 0.0093
4175.79289 15.7657 0.0067
4176.90424 15.7567 0.0062
4178.80800 15.7605 0.0064
4179.85231 15.7570 0.0061
4181.78873 15.7652 0.0071
4182.83368 15.7546 0.0059
4183.86981 15.7521 0.0063
4184.91044 15.7601 0.0054
4189.84565 15.7685 0.0071
4191.81073 15.7634 0.0082
4193.74509 15.7689 0.0090
4194.79064 15.7507 0.0066
4196.78072 15.7657 0.0069
4202.76224 15.7578 0.0060
4203.75026 15.7627 0.0057
4204.74254 15.7559 0.0065
4204.92483 15.7619 0.0067
4205.73906 15.7665 0.0060
4207.72853 15.7586 0.0065
4208.75063 15.7548 0.0061
4211.79479 15.7588 0.0068
4212.87196 15.7657 0.0074
4213.71516 15.7567 0.0070
4213.91873 15.7676 0.0061
4215.74785 15.7600 0.0066
4216.70564 15.7603 0.0066
4217.71308 15.7605 0.0061
4217.91673 15.7616 0.0060
4218.76271 15.7534 0.0075
4219.76364 15.7702 0.0069
4220.70560 15.7619 0.0071
4222.67432 15.7515 0.0074
4222.92180 15.7585 0.0065
4224.78781 15.7522 0.0067
4228.68320 15.7592 0.0064
4228.91679 15.7574 0.0075
4229.63892 15.7599 0.0079
4229.67688 15.7695 0.0077
4229.87385 15.7599 0.0064
4230.68656 15.7574 0.0062
4230.87463 15.7650 0.0069
4230.93953 15.7654 0.0099
4231.62893 15.7480 0.0066
4231.77314 15.7571 0.0059
4231.89733 15.7637 0.0072
4232.68098 15.7481 0.0066
4232.84201 15.7665 0.0084
4233.81627 15.7571 0.0065
4234.71444 15.7603 0.0064
4235.64246 15.7601 0.0066
4235.80369 15.7548 0.0060
4235.89612 15.7701 0.0063
4238.62838 15.7683 0.0081
4238.88080 15.7651 0.0073
4239.63511 15.7560 0.0068
4240.68249 15.7714 0.0070
4240.81973 15.7641 0.0061
4243.64830 15.7549 0.0070
4243.74101 15.7630 0.0064
4243.83477 15.7603 0.0071
4244.62065 15.7569 0.0071
4244.71689 15.7635 0.0063
4244.80969 15.7522 0.0063
4245.61373 15.7554 0.0064
4245.70764 15.7544 0.0062
4245.80347 15.7604 0.0060
4246.67204 15.7664 0.0062
4246.76491 15.7543 0.0064
4246.85824 15.7602 0.0067
4247.68726 15.7692 0.0063
4247.83087 15.7585 0.0063
4250.73542 15.7557 0.0065
4251.80699 15.7702 0.0080
4256.62311 15.7686 0.0084
4256.76913 15.7677 0.0076
4257.65477 15.7562 0.0068
4258.63816 15.7594 0.0075
4258.76065 15.7548 0.0066
4258.85477 15.7584 0.0073
4267.59874 15.7592 0.0064
4268.56196 15.7688 0.0058
4268.84482 15.7568 0.0063
4269.58117 15.7556 0.0063
4269.70169 15.7746 0.0058
4269.79097 15.7700 0.0043
4270.57471 15.7634 0.0062
4272.60306 15.7522 0.0062
4272.75221 15.7660 0.0065
4272.81145 15.7620 0.0048
4272.88300 15.7677 0.0071
4273.62018 15.7658 0.0073
4273.80082 15.7545 0.0068
4273.86198 15.7640 0.0081
4274.55282 15.7655 0.0073
4274.70657 15.7626 0.0074
4274.76771 15.7693 0.0070
4274.82612 15.7680 0.0075
4275.60526 15.7570 0.0065
4275.78061 15.7609 0.0071
4275.84171 15.7575 0.0079
4276.59004 15.7678 0.0071
4277.53384 15.7660 0.0084
4277.71076 15.7634 0.0064
4277.76945 15.7692 0.0075
4277.82806 15.7669 0.0086
4278.57872 15.7494 0.0078
4278.75489 15.7568 0.0079
4283.51325 15.7719 0.0075
4283.73356 15.7622 0.0072
4284.50820 15.7617 0.0072
4284.69878 15.7546 0.0066
4284.76111 15.7598 0.0066
4284.82593 15.7676 0.0087
4285.51129 15.7691 0.0081
4285.69941 15.7627 0.0068
4285.76585 15.7643 0.0066
4285.83117 15.7558 0.0070
4286.51098 15.7603 0.0071
4286.81178 15.7745 0.0064
4289.51880 15.7544 0.0068
4289.73733 15.7575 0.0071
4289.80246 15.7714 0.0067
4290.56510 15.7672 0.0075
4291.62769 15.7518 0.0062
4292.49335 15.7639 0.0064
4292.67255 15.7579 0.0062
4292.73113 15.7443 0.0062
4292.78967 15.7614 0.0065
4293.49368 15.7637 0.0065
4293.71829 15.7569 0.0062
4293.77710 15.7637 0.0064
4294.49286 15.7586 0.0069
4295.49997 15.7613 0.0065
4295.69800 15.7675 0.0058
4295.75658 15.7628 0.0061
4296.49700 15.7652 0.0069
4296.69354 15.7576 0.0061
4296.82719 15.7628 0.0072
4297.51655 15.7640 0.0070
4297.71817 15.7568 0.0047
4298.55144 15.7711 0.0066
4298.65716 15.7667 0.0066
4298.76304 15.7739 0.0077
4299.53445 15.7643 0.0059
4299.62745 15.7669 0.0060
4299.71965 15.7717 0.0061
4299.81422 15.7759 0.0076
4300.53013 15.7679 0.0066
4300.65020 15.7690 0.0063
4300.74572 15.7664 0.0062
4301.52100 15.7649 0.0060
4301.61676 15.7604 0.0060
4301.71788 15.7675 0.0063
4301.80771 15.7675 0.0064
4302.59398 15.7718 0.0067
4302.69417 15.7739 0.0068
4303.68000 15.7717 0.0073
4304.55411 15.7633 0.0073
4304.67224 15.7790 0.0075
4306.63808 15.7732 0.0070
4306.69341 15.7562 0.0073
4310.61727 15.7699 0.0077
4312.54955 15.7686 0.0071
4312.74800 15.7664 0.0065
4315.64052 15.7766 0.0075
4316.71371 15.7672 0.0072
4317.56179 15.7625 0.0063
4319.51904 15.7747 0.0077
4319.77388 15.7642 0.0069
4320.54586 15.7620 0.0065
4326.51310 15.7676 0.0065
4326.71029 15.7704 0.0075
4327.59176 15.7754 0.0075
4328.51854 15.7744 0.0072
4328.69657 15.7719 0.0069
4329.52829 15.7699 0.0069
4329.67616 15.7702 0.0071
4330.49940 15.7568 0.0064
4330.69269 15.7746 0.0066
4331.47955 15.7736 0.0074
4331.68841 15.7740 0.0074
4332.50933 15.7666 0.0061
4333.53041 15.7700 0.0070
4333.69154 15.7679 0.0076
4334.50379 15.7738 0.0124
4334.63200 15.7628 0.0114
4338.50363 15.7650 0.0071
4339.48098 15.7621 0.0070
4339.69743 15.7577 0.0088
4340.60129 15.7748 0.0070
4341.50429 15.7837 0.0080
4342.53348 15.7746 0.0068
4343.51231 15.7643 0.0059
4344.54055 15.7732 0.0082
4345.50573 15.7569 0.0061
4346.51843 15.7789 0.0070
4347.53314 15.7688 0.0067
4349.49479 15.7633 0.0069
4350.54143 15.7572 0.0061
4351.50732 15.7623 0.0064
4352.55786 15.7777 0.0079
4353.51122 15.7608 0.0063
4354.53991 15.7600 0.0061
4355.54256 15.7560 0.0063
4356.50794 15.7637 0.0065
4357.53702 15.7553 0.0070
4358.50004 15.7669 0.0076
4359.53760 15.7562 0.0067
4360.56694 15.7647 0.0072
4361.57036 15.7783 0.0080
4362.51211 15.7616 0.0075
4365.56297 15.7756 0.0080
4367.48900 15.7657 0.0063
4368.53264 15.7671 0.0075
4370.49667 15.7625 0.0067
4371.53510 15.7618 0.0064
4372.52084 15.7648 0.0061
4373.50704 15.7594 0.0074
4376.57174 15.7649 0.0082
4377.60896 15.7787 0.0079
4378.51953 15.7626 0.0069
4379.53457 15.7722 0.0083
4380.54607 15.7631 0.0064
4381.52475 15.7803 0.0079
4382.56729 15.7739 0.0074
4383.55782 15.7677 0.0073
4384.53200 15.7661 0.0072
4387.59148 15.7634 0.0071
4393.53185 15.7626 0.0070
4394.49934 15.7614 0.0068
4394.54721 15.7717 0.0072
4395.49780 15.7687 0.0076
4395.51864 15.7714 0.0072
4396.51064 15.7771 0.0083
4397.53493 15.7743 0.0075
4398.53987 15.7673 0.0074
4399.53253 15.7770 0.0081
4400.53460 15.7780 0.0090
4402.55102 15.7831 0.0081
4403.55008 15.7605 0.0078
4407.52599 15.7799 0.0082
4408.54087 15.7638 0.0081
4507.85625 15.7598 0.0078
4510.86176 15.7577 0.0064
4513.86288 15.7558 0.0053
4517.86201 15.7635 0.0084
4519.88299 15.7538 0.0058
4522.87688 15.7714 0.0072
4524.81274 15.7527 0.0068
4530.82038 15.7597 0.0056
4533.85623 15.7641 0.0064
4535.83897 15.7526 0.0066
4536.89666 15.7611 0.0060
4537.88230 15.7576 0.0056
4538.81739 15.7653 0.0062
4539.85545 15.7559 0.0060
4540.80164 15.7562 0.0057
4541.79438 15.7561 0.0057
4542.78905 15.7817 0.0068
4543.78457 15.7516 0.0059
4544.78148 15.7544 0.0065
4545.78780 15.7549 0.0062
4546.79492 15.7570 0.0061
4547.78888 15.7587 0.0059
4548.79984 15.7645 0.0070
4550.74290 15.7594 0.0072
4551.76607 15.7616 0.0062
4552.76206 15.7738 0.0109
4556.75813 15.7567 0.0058
4557.77535 15.7655 0.0061
4558.75229 15.7574 0.0056
4558.92209 15.7626 0.0066
4559.75021 15.7628 0.0057
4560.75033 15.7563 0.0057
4561.74039 15.7647 0.0059
4564.73057 15.7609 0.0058
4565.72866 15.7558 0.0053
4565.91953 15.7515 0.0054
4566.72811 15.7580 0.0055
4567.72116 15.7612 0.0059
4567.92699 15.7579 0.0068
4568.72972 15.7708 0.0061
4569.73882 15.7683 0.0064
4570.72942 15.7612 0.0062
4571.72408 15.7644 0.0068
4571.91264 15.7644 0.0059
4572.75158 15.7587 0.0055
4573.73996 15.7593 0.0059
4573.90631 15.7575 0.0055
4574.74234 15.7641 0.0063
4575.75142 15.7647 0.0060
4576.75794 15.7518 0.0058
4577.83964 15.7641 0.0065
4578.79067 15.7636 0.0074
4579.86759 15.7734 0.0079
4583.73438 15.7485 0.0068
4583.92718 15.7650 0.0062
4585.75808 15.7626 0.0069
4586.78329 15.7577 0.0070
4587.77104 15.7699 0.0065
4587.92958 15.7745 0.0074
4588.69350 15.7566 0.0064
4588.92436 15.7467 0.0060
4589.67641 15.7621 0.0061
4589.83181 15.7673 0.0063
4589.89383 15.7727 0.0065
4590.69919 15.7582 0.0061
4590.90384 15.7716 0.0062
4591.70769 15.7541 0.0058
4591.83314 15.7603 0.0058
4591.89968 15.7714 0.0062
4592.66630 15.7680 0.0072
4592.85558 15.7615 0.0066
4592.93393 15.7521 0.0065
4593.65547 15.7601 0.0064
4593.86516 15.7671 0.0060
4594.67648 15.7636 0.0063
4594.87150 15.7604 0.0062
4595.66598 15.7571 0.0061
4595.86041 15.7622 0.0061
4595.92227 15.7622 0.0063
4596.66120 15.7521 0.0064
4597.68564 15.7640 0.0062
4597.87715 15.7672 0.0061
4598.66193 15.7534 0.0054
4598.93062 15.7690 0.0065
4599.63440 15.7537 0.0067
4599.92496 15.7545 0.0067
4600.64366 15.7486 0.0054
4600.85238 15.7648 0.0058
4601.64923 15.7574 0.0056
4601.86546 15.7641 0.0056
4601.92735 15.7644 0.0061
4602.64185 15.7547 0.0056
4602.85129 15.7638 0.0055
4603.76932 15.7528 0.0066
4606.64313 15.7544 0.0061
4606.89822 15.7680 0.0065
4610.73931 15.7537 0.0058
4611.62860 15.7653 0.0069
4611.81948 15.7602 0.0059
4612.64998 15.7804 0.0060
4615.79173 15.7618 0.0063
4616.60074 15.7679 0.0067
4616.81725 15.7642 0.0061
4616.88724 15.7701 0.0066
4617.66973 15.7577 0.0058
4618.61250 15.7645 0.0061
4621.91328 15.7715 0.0049
4622.81092 15.7700 0.0063
4622.92225 15.7686 0.0077
4623.64476 15.7582 0.0058
4623.87002 15.7685 0.0069
4624.58999 15.7596 0.0068
4624.81413 15.7737 0.0065
4624.88050 15.7576 0.0060
4625.60409 15.7593 0.0068
4625.79444 15.7776 0.0062
4625.91093 15.7614 0.0078
4626.60257 15.7753 0.0068
4626.85789 15.7786 0.0074
4627.56305 15.7620 0.0064
4627.85235 15.7628 0.0054
4627.91960 15.7710 0.0059
4628.55033 15.7659 0.0063
4628.75659 15.7702 0.0061
4628.82206 15.7670 0.0062
4628.89194 15.7674 0.0062
4629.62775 15.7668 0.0057
4629.83037 15.7581 0.0061
4629.90837 15.7673 0.0065
4630.56366 15.7597 0.0067
4630.76952 15.7577 0.0058
4630.85288 15.7617 0.0060
4630.91564 15.7666 0.0067
4631.56505 15.7554 0.0055
4631.78081 15.7722 0.0056
4631.86750 15.7602 0.0063
4632.56886 15.7582 0.0061
4632.85560 15.7755 0.0065
4633.56884 15.7629 0.0059
4633.68034 15.7587 0.0055
4633.79608 15.7591 0.0062
4638.75387 15.7641 0.0066
4638.86409 15.7722 0.0069
4639.57641 15.7467 0.0064
4639.67421 15.7670 0.0059
4640.59594 15.7651 0.0060
4640.72810 15.7570 0.0059
4640.83311 15.7590 0.0067
4641.66993 15.7574 0.0062
4641.77989 15.7640 0.0064
4642.59382 15.7574 0.0059
4642.75635 15.7653 0.0061
4642.83142 15.7590 0.0067
4643.55162 15.7550 0.0065
4644.59896 15.7657 0.0068
4644.85795 15.7784 0.0063
4645.52206 15.7604 0.0072
4645.77050 15.7753 0.0065
4645.84521 15.7685 0.0069
4646.52006 15.7566 0.0058
4646.85247 15.7662 0.0064
4647.51645 15.7768 0.0070
4647.73950 15.7683 0.0070
4647.85053 15.7732 0.0068
4648.49962 15.7730 0.0067
4648.71609 15.7621 0.0063
4648.81712 15.7670 0.0066
4649.52569 15.7696 0.0069
4649.73440 15.7640 0.0056
4649.86080 15.7763 0.0066
4650.51165 15.7671 0.0066
4650.77559 15.7713 0.0062
4650.86931 15.7691 0.0072
4651.51503 15.7691 0.0075
4651.81016 15.7642 0.0072
4652.50607 15.7561 0.0064
4652.71920 15.7608 0.0061
4652.79409 15.7845 0.0065
4652.84382 15.7691 0.0076
4653.50241 15.7646 0.0072
4653.72160 15.7681 0.0061
4653.78680 15.7566 0.0071
4654.54123 15.7578 0.0061
4654.75269 15.7712 0.0062
4654.81778 15.7681 0.0082
4655.50227 15.7649 0.0070
4655.72677 15.7654 0.0057
4655.78855 15.7625 0.0063
4656.50422 15.7552 0.0056
4656.69398 15.7701 0.0063
4656.81322 15.7738 0.0069
4657.73013 15.7655 0.0071
4658.66269 15.7547 0.0063
4659.59670 15.7740 0.0077
4660.61501 15.7702 0.0064
4661.49227 15.7616 0.0066
4661.69295 15.7657 0.0068
4661.75444 15.7563 0.0081
4661.82164 15.7603 0.0079
4665.65972 15.7614 0.0072
4666.56516 15.7598 0.0063
4666.70824 15.7651 0.0067
4666.75039 15.7550 0.0071
4670.64986 15.7722 0.0063
4671.58536 15.7736 0.0058
4672.51088 15.7609 0.0055
4672.70334 15.7627 0.0060
4672.72562 15.7692 0.0060
4674.51396 15.7647 0.0069
4674.70707 15.7725 0.0065
4675.68161 15.7696 0.0061
4677.49057 15.7484 0.0058
4677.63697 15.7742 0.0064
4677.77947 15.7541 0.0066
4678.69395 15.7741 0.0053
4679.49619 15.7687 0.0076
4681.53198 15.7636 0.0063
4681.63200 15.7746 0.0063
4681.76420 15.7756 0.0062
4682.50298 15.7447 0.0058
4682.66031 15.7685 0.0058
4682.75551 15.7540 0.0059
4683.52150 15.7662 0.0067
4683.70842 15.7657 0.0063
4684.51402 15.7589 0.0061
4684.72774 15.7655 0.0058
4685.49899 15.7689 0.0071
4685.73396 15.7733 0.0064
4686.50273 15.7689 0.0063
4687.48649 15.7661 0.0062
4687.74200 15.7755 0.0066
4688.49942 15.7659 0.0067
4688.68924 15.7646 0.0062
4688.75105 15.7689 0.0069
4693.54697 15.7631 0.0061
4694.54225 15.7791 0.0081
4697.50290 15.7636 0.0061
4698.50839 15.7632 0.0057
4699.50456 15.7696 0.0061
4700.51083 15.7709 0.0059
4701.50612 15.7639 0.0063
4702.50463 15.7692 0.0062
4703.57515 15.7670 0.0062
4704.64488 15.7684 0.0061
4705.50828 15.7651 0.0059
4707.63863 15.7633 0.0059
4708.54152 15.7775 0.0070
4709.51762 15.7880 0.0076
4710.54724 15.7781 0.0054
4715.58658 15.7632 0.0070
4716.58898 15.7530 0.0076
4720.55614 15.7731 0.0067
4721.48767 15.7838 0.0080
4722.60096 15.7641 0.0063
4724.51004 15.7863 0.0073
4725.48885 15.7832 0.0075
4726.54976 15.7748 0.0080
4728.59487 15.7660 0.0071
4729.55037 15.7898 0.0073
4730.56905 15.7711 0.0062
4731.57363 15.7776 0.0063
4733.52530 15.7796 0.0065
4734.55466 15.7825 0.0070
4737.54558 15.7679 0.0068
4740.55610 15.7721 0.0066
4741.56379 15.7692 0.0063
4743.56944 15.7717 0.0068
4753.54962 15.7644 0.0072
4756.52846 15.7862 0.0076
4758.51130 15.7867 0.0073
4868.88180 15.7620 0.0064
4870.85255 15.7783 0.0069
4873.85454 15.7654 0.0061
4874.84898 15.7698 0.0066
4877.84883 15.7563 0.0057
4884.85637 15.7584 0.0057
4887.82845 15.7678 0.0055
4890.88443 15.7593 0.0055
4896.87267 15.7635 0.0056
4899.84360 15.7647 0.0058
4900.88502 15.7550 0.0055
4901.88342 15.7622 0.0054
4902.88214 15.7653 0.0055
4904.80623 15.7671 0.0059
4905.91023 15.7635 0.0066
4910.81218 15.7741 0.0058
4911.78274 15.7622 0.0051
4912.77967 15.7542 0.0049
4914.79673 15.7629 0.0054
4917.75776 15.7630 0.0054
4920.73782 15.7296 0.0053
4920.75032 15.7534 0.0054
4924.77886 15.7588 0.0054
4925.81881 15.7592 0.0052
4925.90587 15.7542 0.0051
4927.71851 15.7675 0.0068
4927.87299 15.7751 0.0063
4928.73498 15.7677 0.0064
4929.79125 15.7482 0.0054
4930.70575 15.7579 0.0063
4930.82468 15.7689 0.0061
4931.72058 15.7620 0.0066
4931.86625 15.7686 0.0060
4932.72363 15.7664 0.0057
4932.82430 15.7499 0.0052
4933.77197 15.7663 0.0065
4934.87519 15.7622 0.0064
4938.68096 15.7612 0.0063
4938.88559 15.7621 0.0064
4939.69987 15.7676 0.0062
4940.69986 15.7653 0.0056
4941.67863 15.7894 0.0059
4941.77660 15.7593 0.0059
4942.71640 15.7696 0.0054
4943.67043 15.7788 0.0054
4943.80994 15.7600 0.0057
4944.66726 15.7598 0.0056
4944.82270 15.7573 0.0053
4945.71570 15.7668 0.0054
4945.77218 15.7603 0.0051
4946.66535 15.7590 0.0059
4947.65907 15.7510 0.0053
4947.85730 15.7612 0.0054
4948.83959 15.7611 0.0052
4950.67748 15.7542 0.0056
4951.64774 15.7781 0.0060
4952.64597 15.7639 0.0060
4953.63960 15.7618 0.0059
4953.81417 15.7779 0.0060
4954.64114 15.7663 0.0061
4954.83401 15.7660 0.0058
4955.64184 15.7810 0.0068
4955.67654 15.7684 0.0062
4955.69574 15.7663 0.0057
4955.72772 15.7698 0.0064
4955.77521 15.7588 0.0060
4955.82073 15.7669 0.0059
4955.84252 15.7614 0.0067
