2452125.67487 18.3386  0.0695 6.20 1387.0  524.61   33.43
2452129.72762 18.4786  0.0420 4.13  958.0  524.61   33.43
2452132.67057 18.4749  0.0447 4.33  922.0  524.61   33.43
2452136.57402 18.2707  0.0531 6.36  887.0  524.61   33.43
2452141.58621 18.4594  0.0441 4.28  901.0  524.61   33.43
2452144.67284 18.3939  0.0430 4.75  807.0  524.61   33.43
2452160.62853 18.3998  0.0654 6.53 1082.0  524.61   33.43
2452170.56941 18.5010  0.0470 4.86  881.0  524.61   33.43
2452178.58019 18.2389  0.0857 7.23 2056.0  524.61   33.43
2452211.53382 18.7485  0.1151 6.68 1583.0  524.61   33.43
2452333.87013 18.4285  0.0492 4.61 1283.0  524.61   33.43
2452344.83146 18.3746  0.0496 4.86 1072.0  524.61   33.43
2452355.88227 18.3977  0.0428 4.60  917.0  524.61   33.43
2452364.87390 18.4786  0.0545 5.07 1114.0  524.61   33.43
2452372.88569 18.4669  0.0426 4.36  995.0  524.61   33.43
2452384.82062 18.4134  0.0389 3.89  995.0  524.61   33.43
2452388.81978 18.3427  0.0404 4.22  992.0  524.61   33.43
2452390.85775 18.3981  0.0512 4.72 1250.0  524.61   33.43
2452393.85195 18.2655  0.0892 4.72 4499.0  524.61   33.43
2452400.79919 18.4425  0.0420 4.24  951.0  524.61   33.43
2452402.90590 18.3763  0.0429 3.85 1184.0  524.61   33.43
2452406.84870 18.4301  0.0456 4.44  985.0  524.61   33.43
2452414.87136 18.4849  0.0467 4.59  947.0  524.61   33.43
2452416.88694 18.3733  0.0484 4.72 1137.0  524.61   33.43
2452424.74557 18.4319  0.0510 4.31 1316.0  524.61   33.43
2452428.73079 18.5317  0.0514 4.77  921.0  524.61   33.43
2452432.88232 18.5076  0.0791 6.30 1362.0  524.61   33.43
2452434.77032 18.3867  0.0411 4.09 1002.0  524.61   33.43
2452436.81825 18.4149  0.0463 4.13 1066.0  524.61   33.43
2452438.79194 18.4550  0.0491 4.52  970.0  524.61   33.43
2452441.75426 18.3848  0.0428 4.47  894.0  524.61   33.43
2452445.67150 18.4119  0.0451 4.50  920.0  524.61   33.43
2452448.69113 18.4213  0.0490 3.59 1796.0  524.61   33.43
2452454.78171 18.0418  0.0448 3.74 2797.0  524.61   33.43
2452459.68274 18.4210  0.0364 4.55  686.0  524.61   33.43
2452460.70080 18.4117  0.0505 5.12  918.0  524.61   33.43
2452463.58203 18.3696  0.0328 3.50  915.0  524.61   33.43
2452466.60184 18.4465  0.0394 4.11  846.0  524.61   33.43
2452468.72811 18.4436  0.0334 3.71  849.0  524.61   33.43
2452470.71188 18.3915  0.0347 4.04  815.0  524.61   33.43
2452472.73932 18.3400  0.0399 4.78  843.0  524.61   33.43
2452481.59864 18.4444  0.0618 5.72 1054.0  524.61   33.43
2452484.66194 18.2849  0.0436 5.04  884.0  524.61   33.43
2452486.75466 18.2703  0.0671 7.30 1144.0  524.61   33.43
2452493.68254 18.3399  0.0502 5.53  933.0  524.61   33.43
2452496.52854 18.4377  0.0358 3.61  868.0  524.61   33.43
2452498.54920 18.4233  0.0296 3.13  849.0  524.61   33.43
2452500.59261 18.3584  0.0400 3.70 1012.0  524.61   33.43
2452502.60623 18.4165  0.0449 4.15 1021.0  524.61   33.43
2452508.70444 18.3770  0.0690 5.87 1524.0  524.61   33.43
2452512.65394 18.5146  0.0598 4.36 1470.0  524.61   33.43
2452517.55534 18.3431  0.0601 6.32  996.0  524.61   33.43
2452520.62280 18.4331  0.0435 4.20  893.0  524.61   33.43
2452529.48867 18.3243  0.0502 4.76 1197.0  524.61   33.43
2452538.54028 18.3813  0.0558 4.91 1216.0  524.61   33.43
2452542.56809 18.4627  0.0449 4.06 1089.0  524.61   33.43
2452548.49662 18.4743  0.0673 5.70 1119.0  524.61   33.43
2452552.53292 18.4545  0.0518 4.30 1166.0  524.61   33.43
2452557.49807 18.4375  0.0486 4.44 1066.0  524.61   33.43
2452564.51948 18.4311  0.0607 4.88 1512.0  524.61   33.43
2452708.84713 18.3579  0.0356 3.66  870.0  524.61   33.43
2452719.85280 18.3899  0.0483 3.97 1328.0  524.61   33.43
2452729.87488 18.4072  0.0542 5.29 1030.0  524.61   33.43
2452734.81385 18.3829  0.0363 3.59 1037.0  524.61   33.43
2452747.73877 18.2052  0.0724 6.93 1586.0  524.61   33.43
2452753.92379 18.3405  0.0571 5.29 1229.0  524.61   33.43
2452757.84961 18.4409  0.0524 4.64 1216.0  524.61   33.43
2452761.89839 18.4505  0.0451 3.92 1114.0  524.61   33.43
2452767.84536 18.3997  0.0610 5.53 1216.0  524.61   33.43
2452775.76223 18.3024  0.0630 5.28 1806.0  524.61   33.43
2452784.60621 18.4143  0.0425 4.26 1005.0  524.61   33.43
2452786.82421 18.4945  0.0530 4.55 1177.0  524.61   33.43
2452788.63612 18.4186  0.0445 4.00 1137.0  524.61   33.43
2452790.74053 18.3706  0.0419 4.29  889.0  524.61   33.43
2452793.65434 18.4312  0.0597 6.52  834.0  524.61   33.43
2452795.62814 18.6131  0.0504 4.89  779.0  524.61   33.43
2452797.64004 18.4526  0.0381 3.79  939.0  524.61   33.43
2452802.73244 18.2715  0.0610 5.88 1307.0  524.61   33.43
2452809.75499 18.3835  0.0528 4.56 1147.0  524.61   33.43
2452811.68212 18.2673  0.0578 6.25 1007.0  524.61   33.43
2452812.81147 18.3084  0.0469 4.94 1074.0  524.61   33.43
2452813.85521 18.2890  0.0432 4.31 1093.0  524.61   33.43
2452815.83589 18.4222  0.0451 4.01 1101.0  524.61   33.43
2452816.85684 18.3427  0.0531 5.06 1237.0  524.61   33.43
2452818.62251 18.4863  0.0468 4.49  887.0  524.61   33.43
2452819.79084 18.3742  0.0517 5.46 1130.0  524.61   33.43
2452821.68889 18.4535  0.0477 4.10 1041.0  524.61   33.43
2452826.79530 18.4212  0.0686 6.95  963.0  524.61   33.43
2452835.67431 18.3576  0.0514 4.26 1298.0  524.61   33.43
2452837.68203 18.3162  0.0838 5.58 2329.0  524.61   33.43
2452840.73511 18.4453  0.0564 4.90 1163.0  524.61   33.43
2452843.68641 18.4395  0.0437 4.62  975.0  524.61   33.43
2452845.68375 18.5460  0.0536 4.75  949.0  524.61   33.43
2452850.57262 18.4317  0.0440 4.02 1093.0  524.61   33.43
2452852.58038 18.2745  0.0690 7.24 1156.0  524.61   33.43
2452854.58479 18.4245  0.0491 4.86  952.0  524.61   33.43
2452857.49508 18.4341  0.0567 5.36 1148.0  524.61   33.43
2452858.70741 18.3794  0.0591 3.91 2234.0  524.61   33.43
2452859.56791 18.3699  0.0670 3.98 2875.0  524.61   33.43
2452862.65448 18.3950  0.0693 5.61 1327.0  524.61   33.43
2452866.60398 18.2914  0.0506 4.81 1151.0  524.61   33.43
2452868.70583 18.3427  0.0479 4.83 1144.0  524.61   33.43
2452871.62410 18.3939  0.0423 3.93 1046.0  524.61   33.43
2452877.52602 18.3152  0.0504 4.90 1010.0  524.61   33.43
2452883.62067 18.3929  0.0498 4.84  912.0  524.61   33.43
2452892.54699 18.4133  0.0571 4.83 1186.0  524.61   33.43
2452895.61257 18.4596  0.0438 3.86 1090.0  524.61   33.43
2452900.62424 18.4519  0.0641 5.63 1093.0  524.61   33.43
2452905.62340 18.3943  0.0667 6.58 1151.0  524.61   33.43
2452909.63272 18.4908  0.0635 6.08 1029.0  524.61   33.43
2452920.54763 18.2489  0.0711 6.58 1510.0  524.61   33.43
2452931.54445 18.3461  0.0438 4.09 1100.0  524.61   33.43
2453052.85445 18.5801  0.0494 4.19 1058.0  524.61   33.43
2453059.82741 18.4760  0.0463 4.38  992.0  524.61   33.43
2453064.84429 18.3852  0.0657 6.28 1224.0  524.61   33.43
2453068.79809 18.2955  0.0520 5.11 1268.0  524.61   33.43
2453070.87673 18.3297  0.0426 4.15 1076.0  524.61   33.43
2453073.83283 18.3245  0.0396 3.90 1103.0  524.61   33.43
2453075.87093 18.4173  0.0517 4.74 1123.0  524.61   33.43
2453080.77516 18.4715  0.0458 4.15 1051.0  524.61   33.43
2453082.90296 18.3695  0.0438 5.07  844.0  524.61   33.43
2453085.83342 18.3184  0.0357 4.14  785.0  524.61   33.43
2453086.90684 18.3225  0.0404 4.87  901.0  524.61   33.43
2453088.82601 18.4658  0.0387 4.30  786.0  524.61   33.43
2453090.73910 18.4509  0.0389 3.93  862.0  524.61   33.43
2453096.89429 18.3147  0.0552 6.55  905.0  524.61   33.43
2453098.92140 18.3838  0.0476 4.43 1188.0  524.61   33.43
2453100.90819 18.4007  0.0439 4.52  927.0  524.61   33.43
2453101.76622 18.5732  0.0639 5.06 1187.0  524.61   33.43
2453103.79917 18.4129  0.0450 4.32 1152.0  524.61   33.43
2453104.85783 19.3253  0.2582 4.32 9257.0  524.61   33.43
2453106.87112 18.4263  0.0586 3.90 2027.0  524.61   33.43
2453108.79164 18.4093  0.0367 3.76  894.0  524.61   33.43
2453109.85056 18.4302  0.0415 4.23  866.0  524.61   33.43
2453110.85693 18.5378  0.0482 4.85  954.0  524.61   33.43
2453112.84223 18.3449  0.0403 4.82  728.0  524.61   33.43
2453114.80685 18.2593  0.0351 4.21  825.0  524.61   33.43
2453116.89493 18.4240  0.0485 4.69  878.0  524.61   33.43
2453122.93284 18.4430  0.0756 5.99 1446.0  524.61   33.43
2453125.89734 18.3486  0.0540 5.74  948.0  524.61   33.43
2453127.84155 18.3831  0.0549 5.06 1164.0  524.61   33.43
2453128.84347 18.4120  0.0498 4.37 1178.0  524.61   33.43
2453130.72393 18.5485  0.0571 3.93 1346.0  524.61   33.43
2453131.69041 18.4600  0.0609 4.41 1500.0  524.61   33.43
2453135.92203 18.3085  0.0436 4.88  959.0  524.61   33.43
2453135.93375 18.4163  0.0490 4.68 1047.0  524.61   33.43
2453138.67632 18.3284  0.0449 4.73  899.0  524.61   33.43
2453139.90151 18.4822  0.0442 4.25  931.0  524.61   33.43
2453140.90573 18.3221  0.0441 4.78  858.0  524.61   33.43
2453142.79013 18.4353  0.0410 4.09  880.0  524.61   33.43
2453144.81013 18.3760  0.0399 4.52  794.0  524.61   33.43
2453146.84343 18.4900  0.0486 5.10  775.0  524.61   33.43
2453151.77302 18.3554  0.0519 5.85  795.0  524.61   33.43
2453151.93073 18.2576  0.0521 5.60 1038.0  524.61   33.43
2453152.77862 18.2986  0.0382 4.25  861.0  524.61   33.43
2453153.78130 18.3588  0.0487 5.21  874.0  524.61   33.43
2453154.84562 18.3049  0.0640 7.18  900.0  524.61   33.43
2453156.88634 18.3651  0.0525 5.22 1038.0  524.61   33.43
2453162.59619 18.2732  0.0486 4.71 1213.0  524.61   33.43
2453163.77714 18.3124  0.0419 4.25  975.0  524.61   33.43
2453164.75939 18.2973  0.0388 4.08  842.0  524.61   33.43
2453164.89239 18.3554  0.0543 5.59  992.0  524.61   33.43
2453165.73298 18.4950  0.0375 3.95  798.0  524.61   33.43
2453167.61934 18.3096  0.0596 7.09  876.0  524.61   33.43
2453168.88112 18.3736  0.0426 4.31 1037.0  524.61   33.43
2453169.74926 18.3574  0.0437 4.17  816.0  524.61   33.43
2453170.83411 18.5093  0.0378 3.50  789.0  524.61   33.43
2453171.80536 18.2540  0.0281 3.22  814.0  524.61   33.43
2453172.77632 18.4013  0.0437 4.53  760.0  524.61   33.43
2453173.87431 19.1085  0.1025 5.76  841.0  524.61   33.43
2453175.74188 18.3725  0.0381 3.97  849.0  524.61   33.43
2453177.78234 18.2876  0.0546 6.67  882.0  524.61   33.43
2453179.52706 18.5050  0.0464 4.77  890.0  524.61   33.43
2453179.90633 18.3321  0.0523 5.61 1056.0  524.61   33.43
2453180.74807 18.4438  0.0363 3.82  704.0  524.61   33.43
2453182.80874 18.4496  0.0507 4.82  830.0  524.61   33.43
2453183.76370 18.3628  0.0497 5.23  774.0  524.61   33.43
2453184.72480 18.3719  0.0356 3.76  777.0  524.61   33.43
2453185.72827 18.3403  0.0422 3.78  964.0  524.61   33.43
2453193.55969 18.3631  0.0402 4.11  836.0  524.61   33.43
2453194.57131 18.4305  0.0611 5.30 1201.0  524.61   33.43
2453195.70287 18.4041  0.0351 3.87  768.0  524.61   33.43
2453195.82343 18.3712  0.0421 4.44  896.0  524.61   33.43
2453196.62432 18.3678  0.0394 3.98  954.0  524.61   33.43
2453197.54903 18.3762  0.0404 4.14  856.0  524.61   33.43
2453197.85248 18.3334  0.0687 6.52 1278.0  524.61   33.43
2453199.64689 18.4066  0.0347 4.22  628.0  524.61   33.43
2453202.54051 18.4120  0.0455 5.29  799.0  524.61   33.43
2453203.68559 18.4090  0.0356 3.86  684.0  524.61   33.43
2453204.67654 18.4863  0.0411 4.35  655.0  524.61   33.43
2453205.53538 18.2941  0.0332 4.60  703.0  524.61   33.43
2453206.74075 18.5059  0.0511 5.93  748.0  524.61   33.43
2453209.66071 18.3405  0.0391 4.92  697.0  524.61   33.43
2453210.66076 18.3635  0.0360 4.17  811.0  524.61   33.43
2453211.63122 18.3905  0.0435 5.51  687.0  524.61   33.43
2453217.67541 18.2942  0.0433 4.21 1197.0  524.61   33.43
2453218.67372 18.5267  0.0610 5.09 1198.0  524.61   33.43
2453219.63754 18.3272  0.0542 5.87  930.0  524.61   33.43
2453223.67491 18.2362  0.0507 6.28  874.0  524.61   33.43
2453224.72298 18.4714  0.0503 4.70  970.0  524.61   33.43
2453226.64595 18.4016  0.0616 6.93  683.0  524.61   33.43
2453228.62420 18.4578  0.0391 4.43  687.0  524.61   33.43
2453229.65669 18.4805  0.0428 4.60  678.0  524.61   33.43
2453230.69016 18.3325  0.0462 5.58  762.0  524.61   33.43
2453231.59417 18.3888  0.0417 4.70  806.0  524.61   33.43
2453238.64245 18.4893  0.0664 6.74  812.0  524.61   33.43
2453240.49463 18.3700  0.0433 4.62  925.0  524.61   33.43
2453241.67729 18.4131  0.0650 4.98 1623.0  524.61   33.43
2453245.59041 18.4302  0.0582 5.64 1089.0  524.61   33.43
2453246.68416 18.2264  0.0540 6.17 1096.0  524.61   33.43
2453247.60332 18.1528  0.0461 5.65  986.0  524.61   33.43
2453249.55081 18.3909  0.0514 5.53  867.0  524.61   33.43
2453250.68180 18.4949  0.0689 6.26 1235.0  524.61   33.43
2453256.66106 18.4283  0.0620 6.74  869.0  524.61   33.43
2453260.57080 18.3334  0.0448 5.10  797.0  524.61   33.43
2453265.50123 18.4056  0.0568 6.20  904.0  524.61   33.43
2453267.55489 18.2732  0.0422 4.73  999.0  524.61   33.43
2453272.61283 18.5084  0.0618 5.80  946.0  524.61   33.43
2453275.50691 18.1244  0.0672 5.36 2317.0  524.61   33.43
2453279.54377 18.4429  0.0520 5.11  916.0  524.61   33.43
2453282.50221 18.4480  0.0449 4.00  891.0  524.61   33.43
2453288.56860 18.5260  0.0509 5.60  623.0  524.61   33.43
2453293.53922 18.4654  0.0338 5.13  378.0  524.61   33.43
2453295.54773 18.6384  0.0287 4.33  277.0  524.61   33.43
2453300.53302 18.5284  0.0708 5.59 1269.0  524.61   33.43
2453315.50001 18.2125  0.0850 7.43 1744.0  524.61   33.43
2453410.89047 18.2850  0.0621 4.84 1965.0  524.61   33.43
2453417.86836 18.3947  0.0323 4.09  680.0  524.61   33.43
2453422.89470 18.3208  0.0408 4.78  839.0  524.61   33.43
2453426.88583 18.4340  0.0409 4.31  859.0  524.61   33.43
2453429.87083 18.4717  0.0435 4.31  910.0  524.61   33.43
2453442.91365 18.2226  0.0444 4.73 1206.0  524.61   33.43
2453445.82668 18.3912  0.0340 4.05  688.0  524.61   33.43
2453447.87700 18.3257  0.0360 4.33  768.0  524.61   33.43
2453449.89395 18.3789  0.0393 4.59  701.0  524.61   33.43
2453452.91109 18.3665  0.0407 4.29  801.0  524.61   33.43
2453453.78292 18.8227  0.0791 4.85 1181.0  524.61   33.43
2453455.85355 18.2934  0.0536 5.83 1048.0  524.61   33.43
2453456.86460 18.3446  0.0368 3.77  900.0  524.61   33.43
2453457.78230 18.6623  0.0587 4.96  928.0  524.61   33.43
2453458.82588 18.3286  0.0395 4.34  933.0  524.61   33.43
2453458.86367 18.3942  0.0424 4.28  947.0  524.61   33.43
2453459.80045 18.5256  0.0477 4.36 1003.0  524.61   33.43
2453467.90322 18.3183  0.0334 4.25  646.0  524.61   33.43
2453469.81286 18.4063  0.0333 3.96  680.0  524.61   33.43
2453470.85304 18.3909  0.0291 3.32  653.0  524.61   33.43
2453472.78424 18.5180  0.0367 3.94  711.0  524.61   33.43
2453473.87926 18.2695  0.0413 5.20  722.0  524.61   33.43
2453474.85166 18.4143  0.0398 4.53  681.0  524.61   33.43
2453475.91547 18.3722  0.0296 3.43  704.0  524.61   33.43
2453477.78822 18.3886  0.0398 4.73  707.0  524.61   33.43
2453478.90247 18.1799  0.0327 4.41  691.0  524.61   33.43
2453480.85445 18.2669  0.0388 5.07  645.0  524.61   33.43
2453481.85849 18.3159  0.0290 3.40  709.0  524.61   33.43
2453483.79875 18.3535  0.0336 3.69  835.0  524.61   33.43
2453496.75262 18.4727  0.0430 4.15  845.0  524.61   33.43
2453497.82039 18.2945  0.0419 5.01  795.0  524.61   33.43
2453499.74904 18.4474  0.0402 4.68  678.0  524.61   33.43
2453500.75362 18.3276  0.0360 4.06  745.0  524.61   33.43
2453501.86716 19.5618  0.1120 4.06  775.0  524.61   33.43
2453502.69991 18.3526  0.0293 3.56  751.0  524.61   33.43
2453503.71277 18.4406  0.0368 4.24  648.0  524.61   33.43
2453504.72714 18.3469  0.0383 5.51  600.0  524.61   33.43
2453506.81744 18.3748  0.0425 5.05  695.0  524.61   33.43
2453508.80929 18.3729  0.0424 4.80  757.0  524.61   33.43
2453509.71237 18.4183  0.0388 4.56  680.0  524.61   33.43
2453511.69907 18.4185  0.0488 5.29  812.0  524.61   33.43
2453512.76804 18.4138  0.0470 4.33 1013.0  524.61   33.43
2453517.80849 18.4533  0.0429 4.02 1003.0  524.61   33.43
2453520.84365 18.2728  0.0371 4.55  834.0  524.61   33.43
2453521.66282 18.2762  0.0307 4.02  596.0  524.61   33.43
2453522.77304 18.3493  0.0399 4.40  699.0  524.61   33.43
2453523.80775 18.3727  0.0330 3.95  713.0  524.61   33.43
2453524.79538 18.4194  0.0454 4.68  838.0  524.61   33.43
2453525.77508 18.4093  0.0356 3.78  658.0  524.61   33.43
2453526.86044 18.3402  0.0414 4.82  742.0  524.61   33.43
2453528.57901 18.3978  0.0401 4.26  864.0  524.61   33.43
2453530.80446 18.3185  0.0301 3.71  682.0  524.61   33.43
2453537.77226 18.4522  0.0404 4.76  654.0  524.61   33.43
2453538.70172 18.3572  0.0354 4.06  820.0  524.61   33.43
2453540.67567 18.4625  0.0368 3.61  839.0  524.61   33.43
2453544.75568 18.3831  0.0458 3.85 1309.0  524.61   33.43
2453546.87664 18.7502  0.0838 6.65  980.0  524.61   33.43
2453547.83406 18.4521  0.0579 5.63  908.0  524.61   33.43
2453550.66052 18.2878  0.0306 3.80  765.0  524.61   33.43
2453551.66481 18.5823  0.0341 3.48  668.0  524.61   33.43
2453552.69733 18.2975  0.0313 3.91  623.0  524.61   33.43
2453553.70002 18.2981  0.0476 5.97  757.0  524.61   33.43
2453554.69214 18.3066  0.0428 5.31  698.0  524.61   33.43
2453555.72629 18.3571  0.0403 4.90  689.0  524.61   33.43
2453556.74697 18.3859  0.0431 5.15  665.0  524.61   33.43
2453558.58277 18.5517  0.0473 4.64  747.0  524.61   33.43
2453558.86009 18.3428  0.0481 6.00  805.0  524.61   33.43
2453559.67864 18.3635  0.0407 4.67  663.0  524.61   33.43
2453560.63176 18.4146  0.0309 3.73  680.0  524.61   33.43
2453561.57208 18.2677  0.0337 3.74  818.0  524.61   33.43
2453561.83917 18.3690  0.0411 4.84  784.0  524.61   33.43
2453562.61624 18.2558  0.0366 4.71  711.0  524.61   33.43
2453562.83906 18.4361  0.0464 5.28  845.0  524.61   33.43
2453563.66566 18.4338  0.0367 4.01  638.0  524.61   33.43
2453564.55922 18.3678  0.0476 5.55  741.0  524.61   33.43
2453569.61795 18.2423  0.0591 5.31 1633.0  524.61   33.43
2453573.68656 18.3205  0.0431 5.04  926.0  524.61   33.43
2453573.71353 18.4788  0.0506 4.85  979.0  524.61   33.43
2453574.71453 18.4581  0.0425 4.31  878.0  524.61   33.43
2453575.65340 18.3350  0.0340 3.71  739.0  524.61   33.43
2453575.79856 18.3338  0.0464 5.19 1008.0  524.61   33.43
2453576.71583 18.3092  0.0466 5.62  785.0  524.61   33.43
2453577.76417 18.4010  0.0433 5.21  675.0  524.61   33.43
2453578.70081 18.3898  0.0351 4.30  634.0  524.61   33.43
2453579.64613 18.4293  0.0390 4.54  650.0  524.61   33.43
2453580.68267 18.3638  0.0411 4.98  667.0  524.61   33.43
2453581.69903 18.3707  0.0396 4.80  636.0  524.61   33.43
2453582.62484 18.4857  0.0459 5.02  611.0  524.61   33.43
2453583.66144 18.4147  0.0377 4.52  630.0  524.61   33.43
2453584.67020 18.5167  0.0484 5.29  634.0  524.61   33.43
2453585.66823 18.4519  0.0313 3.54  555.0  524.61   33.43
2453586.69964 18.2978  0.0318 4.07  654.0  524.61   33.43
2453588.75071 18.5214  0.0484 5.35  689.0  524.61   33.43
2453589.71203 18.4334  0.0402 4.71  673.0  524.61   33.43
2453590.70814 18.4340  0.0462 4.83  742.0  524.61   33.43
2453592.68089 18.4260  0.0348 4.03  642.0  524.61   33.43
2453597.66957 18.4457  0.0626 4.55 1663.0  524.61   33.43
2453601.68446 18.3650  0.0463 4.51 1079.0  524.61   33.43
2453602.68462 18.4047  0.0518 4.95 1142.0  524.61   33.43
2453603.66477 18.4003  0.0445 5.15  807.0  524.61   33.43
2453607.66325 18.3742  0.0413 5.13  661.0  524.61   33.43
2453608.67925 18.4453  0.0449 4.89  707.0  524.61   33.43
2453615.60650 18.4428  0.0378 4.44  647.0  524.61   33.43
2453618.61005 18.3067  0.0391 4.26  815.0  524.61   33.43
2453620.57326 18.4143  0.0376 4.40  660.0  524.61   33.43
2453628.57527 18.4821  0.0536 4.58 1117.0  524.61   33.43
2453630.58933 18.4194  0.0548 5.38 1052.0  524.61   33.43
2453632.61681 18.4555  0.0729 6.61 1184.0  524.61   33.43
2453634.52021 18.3138  0.0337 4.27  700.0  524.61   33.43
2453639.52601 18.3912  0.0334 3.45  759.0  524.61   33.43
2453641.57274 18.2629  0.0481 5.41  949.0  524.61   33.43
2453644.53755 18.3991  0.0401 4.32  790.0  524.61   33.43
2453649.51816 18.2698  0.0364 4.55  728.0  524.61   33.43
2453651.57903 18.3790  0.0594 5.73 1104.0  524.61   33.43
2453654.56411 18.2717  0.0699 5.82 2071.0  524.61   33.43
2453655.54423 18.3394  0.0466 4.69 1056.0  524.61   33.43
2453657.53740 18.2695  0.0575 5.77 1154.0  524.61   33.43
2453659.53917 18.6090  0.0851 6.94 1181.0  524.61   33.43
2453662.54368 18.4790  0.0776 6.58 1251.0  524.61   33.43
2453665.51416 18.5238  0.0652 5.39 1041.0  524.61   33.43
2453672.51159 18.5080  0.0745 6.23 1097.0  524.61   33.43
2453777.84895 18.3461  0.0495 4.85 1180.0  524.61   33.43
2453782.88492 18.5046  0.0451 4.07  997.0  524.61   33.43
2453785.84661 18.3560  0.0419 4.34 1022.0  524.61   33.43
2453787.86173 18.3865  0.0389 3.57 1099.0  524.61   33.43
2453791.83609 18.4967  0.0560 5.04 1018.0  524.61   33.43
2453793.88033 18.4469  0.0437 4.01  949.0  524.61   33.43
2453795.86453 18.4700  0.0648 5.97 1050.0  524.61   33.43
2453796.89703 18.3629  0.0433 4.97  802.0  524.61   33.43
2453798.82786 18.2593  0.0350 4.19  853.0  524.61   33.43
2453799.87775 18.2802  0.0468 5.17 1033.0  524.61   33.43
2453801.83701 18.3419  0.0423 4.53  904.0  524.61   33.43
2453802.87138 18.3545  0.0382 3.89  849.0  524.61   33.43
2453804.78463 18.3043  0.0466 5.56  831.0  524.61   33.43
2453805.82317 18.3935  0.0433 4.56  855.0  524.61   33.43
2453806.81986 18.4534  0.0453 4.94  891.0  524.61   33.43
2453807.84408 18.2342  0.0428 4.80 1029.0  524.61   33.43
2453808.84776 18.2419  0.0414 4.85 1034.0  524.61   33.43
2453809.90463 18.3867  0.0392 3.94 1102.0  524.61   33.43
2453810.90068 18.4990  0.0470 4.25 1106.0  524.61   33.43
2453811.79122 18.4438  0.0575 5.55  993.0  524.61   33.43
2453812.86872 18.2981  0.0462 4.84 1011.0  524.61   33.43
2453813.84845 18.4604  0.0444 4.22  967.0  524.61   33.43
2453814.84733 18.3996  0.0395 3.65  955.0  524.61   33.43
2453818.76496 18.4024  0.0454 4.50 1001.0  524.61   33.43
2453819.82867 18.4399  0.0335 3.88  717.0  524.61   33.43
2453820.79264 18.3985  0.0341 4.02  723.0  524.61   33.43
2453821.79586 18.3471  0.0344 4.01  751.0  524.61   33.43
2453822.83949 18.3073  0.0369 4.24  804.0  524.61   33.43
2453823.80044 18.5063  0.0383 3.97  753.0  524.61   33.43
2453824.78694 18.4718  0.0547 5.40  879.0  524.61   33.43
2453825.82651 18.4211  0.0450 4.97  803.0  524.61   33.43
2453826.78622 18.4474  0.0412 4.48  760.0  524.61   33.43
2453827.82670 18.3355  0.0327 4.27  668.0  524.61   33.43
2453828.80676 18.3606  0.0439 4.84  781.0  524.61   33.43
2453829.72541 18.4617  0.0523 5.37  821.0  524.61   33.43
2453830.76033 18.3053  0.0364 3.97  865.0  524.61   33.43
2453832.76643 18.3316  0.0346 4.10  742.0  524.61   33.43
2453833.79373 18.3729  0.0322 3.70  727.0  524.61   33.43
2453834.76561 18.2999  0.0334 4.05  821.0  524.61   33.43
2453835.75433 18.4004  0.0426 4.70  853.0  524.61   33.43
2453835.92491 18.2791  0.0396 3.72 1292.0  524.61   33.43
2453836.71577 18.2358  0.0466 5.42 1072.0  524.61   33.43
2453837.75646 18.3962  0.0415 4.20  929.0  524.61   33.43
2453838.76440 18.2765  0.0459 4.86 1011.0  524.61   33.43
2453838.88186 18.3470  0.0411 4.38  944.0  524.61   33.43
2453839.76031 18.4329  0.0451 4.27 1090.0  524.61   33.43
2453840.76345 18.5011  0.0497 4.36 1065.0  524.61   33.43
2453840.93118 18.3689  0.0551 3.88 1978.0  524.61   33.43
2453841.71869 18.5297  0.0576 5.07 1106.0  524.61   33.43
2453841.86865 18.3303  0.0377 3.61 1177.0  524.61   33.43
2453842.71026 18.7442  0.1117 4.28 3882.0  524.61   33.43
2453845.74020 18.6386  0.1223 5.90 2816.0  524.61   33.43
2453845.93379 18.1576  0.0774 6.24 2362.0  524.61   33.43
2453846.75107 18.4097  0.0396 4.24  788.0  524.61   33.43
2453846.87975 18.4345  0.0374 3.45  862.0  524.61   33.43
2453847.82409 18.2007  0.0430 5.33  883.0  524.61   33.43
2453848.77417 18.4921  0.0450 4.69  750.0  524.61   33.43
2453848.89288 18.2208  0.0502 5.69  904.0  524.61   33.43
2453849.77164 18.3430  0.0375 4.06  791.0  524.61   33.43
2453850.71623 18.3268  0.0422 4.91  799.0  524.61   33.43
2453850.88974 18.4223  0.0497 4.69  917.0  524.61   33.43
2453851.73047 18.6234  0.0509 4.87  758.0  524.61   33.43
2453851.89523 18.2572  0.0406 4.66  828.0  524.61   33.43
2453852.71901 18.2622  0.0346 4.30  788.0  524.61   33.43
2453852.83987 18.2494  0.0368 4.61  798.0  524.61   33.43
2453852.92452 18.3486  0.0476 5.10  876.0  524.61   33.43
2453853.71098 18.3279  0.0292 3.87  693.0  524.61   33.43
2453853.87590 18.3135  0.0298 3.48  740.0  524.61   33.43
2453856.69761 18.3753  0.0406 4.15  938.0  524.61   33.43
2453856.88803 18.3911  0.0374 3.89  878.0  524.61   33.43
2453858.73096 18.3145  0.0365 4.90  704.0  524.61   33.43
2453859.85182 18.3359  0.0383 4.11  818.0  524.61   33.43
2453860.69225 18.4242  0.0465 5.22  796.0  524.61   33.43
2453861.68964 18.3347  0.0399 4.55  867.0  524.61   33.43
2453861.79378 18.4909  0.0388 4.00  757.0  524.61   33.43
2453861.89153 18.4279  0.0372 3.80  834.0  524.61   33.43
2453862.67150 18.3414  0.0427 4.64  926.0  524.61   33.43
2453862.88626 18.4317  0.0370 3.43  973.0  524.61   33.43
2453863.68434 18.4201  0.0445 4.76  887.0  524.61   33.43
2453863.82816 18.4666  0.0393 3.90  776.0  524.61   33.43
2453863.90427 18.3295  0.0318 3.60  794.0  524.61   33.43
2453864.70119 18.4450  0.0385 3.80  859.0  524.61   33.43
2453864.88732 18.3033  0.0291 3.30  750.0  524.61   33.43
2453865.66107 18.2844  0.0390 4.36 1012.0  524.61   33.43
2453865.79672 18.4046  0.0416 4.38  841.0  524.61   33.43
2453865.87525 18.4290  0.0397 4.12  791.0  524.61   33.43
2453866.70658 18.3913  0.0375 3.76  871.0  524.61   33.43
2453866.84609 18.2442  0.0374 4.10  829.0  524.61   33.43
2453866.93214 18.3031  0.0340 3.73  951.0  524.61   33.43
2453867.65251 18.4323  0.0525 4.41 1373.0  524.61   33.43
2453867.83737 18.3136  0.0426 3.93 1082.0  524.61   33.43
2453867.90820 18.3577  0.0404 3.58 1149.0  524.61   33.43
2453868.65984 18.2533  0.0451 4.23 1423.0  524.61   33.43
2453868.79985 18.3401  0.0428 3.98 1151.0  524.61   33.43
2453868.88409 18.2507  0.0433 4.17 1223.0  524.61   33.43
2453869.62655 18.3068  0.0460 3.98 1689.0  524.61   33.43
2453869.82137 18.4409  0.0563 4.17 1519.0  524.61   33.43
2453869.89382 18.3606  0.0502 3.90 1526.0  524.61   33.43
2453873.69218 18.5192  0.0477 4.06  838.0  524.61   33.43
2453873.83239 18.3670  0.0389 4.08  857.0  524.61   33.43
2453873.90346 18.2320  0.0360 4.15  903.0  524.61   33.43
2453874.69513 18.4507  0.0511 5.52  728.0  524.61   33.43
2453874.86368 18.3044  0.0416 4.57  891.0  524.61   33.43
2453875.63183 18.3862  0.0378 4.26  704.0  524.61   33.43
2453875.77911 18.2842  0.0293 3.56  768.0  524.61   33.43
2453875.85679 18.4552  0.0379 3.89  802.0  524.61   33.43
2453876.65521 18.3318  0.0336 4.26  705.0  524.61   33.43
2453877.65972 18.3109  0.0308 4.11  683.0  524.61   33.43
2453877.80791 18.3695  0.0368 4.24  733.0  524.61   33.43
2453877.88171 18.5534  0.0496 4.56  875.0  524.61   33.43
2453880.64424 18.4804  0.0413 4.80  667.0  524.61   33.43
2453880.86322 18.3635  0.0366 4.29  843.0  524.61   33.43
2453880.93681 18.5472  0.0573 5.06 1100.0  524.61   33.43
2453881.68350 18.3650  0.0398 4.40  818.0  524.61   33.43
2453881.82629 18.3230  0.0317 3.41  873.0  524.61   33.43
2453882.59562 18.4608  0.0470 4.98  838.0  524.61   33.43
2453882.79852 18.4392  0.0399 4.21  812.0  524.61   33.43
2453882.86871 18.4204  0.0352 3.68  822.0  524.61   33.43
2453883.66100 18.3173  0.0344 4.27  765.0  524.61   33.43
2453883.88829 18.3938  0.0352 3.73  798.0  524.61   33.43
2453886.62626 18.4052  0.0448 4.96  822.0  524.61   33.43
2453886.81579 18.3786  0.0328 3.69  678.0  524.61   33.43
2453886.88781 18.4535  0.0456 4.79  792.0  524.61   33.43
2453886.91386 18.4149  0.0456 4.95  797.0  524.61   33.43
2453887.59632 18.3263  0.0365 4.59  798.0  524.61   33.43
2453887.79897 18.2070  0.0351 4.34  772.0  524.61   33.43
2453887.82677 18.2558  0.0366 4.80  784.0  524.61   33.43
2453887.89886 18.4279  0.0488 4.95  953.0  524.61   33.43
2453889.67880 18.2430  0.0291 3.78  700.0  524.61   33.43
2453890.56705 18.2138  0.0480 5.56 1046.0  524.61   33.43
2453891.70334 18.3335  0.0397 4.63  759.0  524.61   33.43
2453891.82035 18.4698  0.0405 4.33  803.0  524.61   33.43
2453891.90202 18.3658  0.0395 4.78  808.0  524.61   33.43
2453892.61376 18.4251  0.0555 5.36 1073.0  524.61   33.43
2453893.64517 18.3577  0.0411 4.62  803.0  524.61   33.43
2453893.89289 18.5684  0.0647 5.85  926.0  524.61   33.43
2453894.69583 18.2637  0.0417 5.23  742.0  524.61   33.43
2453896.63956 18.2559  0.0492 5.24 1110.0  524.61   33.43
2453900.55491 18.4147  0.0583 5.14 1302.0  524.61   33.43
2453900.74127 18.3565  0.0408 3.93 1045.0  524.61   33.43
2453900.81667 18.3323  0.0426 3.97 1133.0  524.61   33.43
2453901.56872 18.3344  0.0507 5.55  930.0  524.61   33.43
2453901.74353 18.2107  0.0486 5.83  846.0  524.61   33.43
2453901.82032 18.3811  0.0522 4.99 1031.0  524.61   33.43
2453901.89276 18.2080  0.0508 4.87 1654.0  524.61   33.43
2453902.58963 18.4158  0.0418 4.63  795.0  524.61   33.43
2453902.76702 18.1085  0.0330 4.43  887.0  524.61   33.43
2453902.89343 18.4270  0.0612 5.95 1122.0  524.61   33.43
2453903.67852 18.4020  0.0460 5.07  856.0  524.61   33.43
2453904.57268 18.2348  0.0289 4.00  751.0  524.61   33.43
2453904.73592 18.2952  0.0365 3.84  855.0  524.61   33.43
2453904.80491 18.3200  0.0332 3.77  779.0  524.61   33.43
2453904.85776 18.3691  0.0407 4.26  895.0  524.61   33.43
2453905.56959 18.3581  0.0347 4.06  764.0  524.61   33.43
2453905.74357 18.4171  0.0327 3.62  756.0  524.61   33.43
2453905.81620 18.3604  0.0285 3.30  770.0  524.61   33.43
2453905.88476 18.3379  0.0399 4.33 1057.0  524.61   33.43
2453906.50824 18.3645  0.0609 6.14 1155.0  524.61   33.43
2453906.67808 18.2413  0.0345 3.99  847.0  524.61   33.43
2453906.74751 18.3189  0.0363 4.36  768.0  524.61   33.43
2453906.82364 18.5360  0.0578 4.89  838.0  524.61   33.43
2453907.61470 18.3361  0.0378 4.51  754.0  524.61   33.43
2453907.80953 18.2566  0.0532 6.05  922.0  524.61   33.43
2453907.88215 18.6315  0.0765 6.36 1019.0  524.61   33.43
2453908.55088 18.4122  0.0449 4.04 1113.0  524.61   33.43
2453908.74007 18.5605  0.0489 4.26  836.0  524.61   33.43
2453908.81663 18.3928  0.0377 4.05  748.0  524.61   33.43
2453909.55602 18.2717  0.0371 4.74  796.0  524.61   33.43
2453909.75045 18.2830  0.0283 3.65  623.0  524.61   33.43
2453909.83235 18.2913  0.0358 4.41  739.0  524.61   33.43
2453910.60478 18.2197  0.0327 4.11  753.0  524.61   33.43
2453912.55516 18.3036  0.0261 3.25  782.0  524.61   33.43
2453912.75106 18.3367  0.0286 3.51  630.0  524.61   33.43
2453912.83981 18.2686  0.0317 3.81  717.0  524.61   33.43
2453913.55292 18.3115  0.0268 3.27  756.0  524.61   33.43
2453913.75513 18.2993  0.0424 5.02  825.0  524.61   33.43
2453913.84493 18.3900  0.0349 4.14  772.0  524.61   33.43
2453914.57039 18.2530  0.0365 4.59  810.0  524.61   33.43
2453915.55095 18.2515  0.0463 5.53  885.0  524.61   33.43
2453915.75423 18.3818  0.0352 4.30  641.0  524.61   33.43
2453915.85122 18.1920  0.0382 5.18  770.0  524.61   33.43
2453916.59874 18.4495  0.0538 5.91  757.0  524.61   33.43
2453916.77140 18.3270  0.0470 5.54  780.0  524.61   33.43
2453917.63875 18.3294  0.0445 5.14  811.0  524.61   33.43
2453917.85341 18.3985  0.0484 5.16  917.0  524.61   33.43
2453918.63224 18.1808  0.0357 4.54  802.0  524.61   33.43
2453918.66393 18.2490  0.0329 4.04  761.0  524.61   33.43
2453918.84194 18.3259  0.0477 5.21  845.0  524.61   33.43
2453919.56708 18.5623  0.0526 4.67  895.0  524.61   33.43
2453919.81153 18.5021  0.0539 5.60  761.0  524.61   33.43
2453920.53670 18.2521  0.0343 4.10  790.0  524.61   33.43
2453920.73301 18.3272  0.0447 5.10  766.0  524.61   33.43
2453920.81175 18.3885  0.0335 3.68  796.0  524.61   33.43
2453921.52971 18.2672  0.0409 4.10  958.0  524.61   33.43
2453921.74022 18.3844  0.0588 6.18  857.0  524.61   33.43
2453922.73664 18.2886  0.0462 5.77  817.0  524.61   33.43
2453930.58427 18.3842  0.0430 3.96 1113.0  524.61   33.43
2453930.80801 18.4060  0.0753 6.84 1617.0  524.61   33.43
2453931.53532 18.2670  0.0425 4.59  906.0  524.61   33.43
2453931.65867 18.1155  0.0362 4.81  816.0  524.61   33.43
2453932.54719 18.3152  0.0439 4.68  983.0  524.61   33.43
2453933.53614 18.2307  0.0314 3.83  865.0  524.61   33.43
2453933.71749 18.4473  0.0423 4.25  827.0  524.61   33.43
2453933.79304 18.3811  0.0414 4.32  891.0  524.61   33.43
2453934.50690 18.2474  0.0347 4.08  893.0  524.61   33.43
2453934.63029 18.3048  0.0350 3.96  724.0  524.61   33.43
2453934.70072 18.3104  0.0347 3.89  704.0  524.61   33.43
2453934.76978 18.2786  0.0326 3.93  739.0  524.61   33.43
2453935.55676 18.3457  0.0423 4.77  783.0  524.61   33.43
2453935.72808 18.5922  0.0575 5.60  736.0  524.61   33.43
2453935.77983 18.4531  0.0454 5.08  770.0  524.61   33.43
2453936.51035 18.2451  0.0421 4.84  840.0  524.61   33.43
2453936.67568 18.3076  0.0390 4.23  745.0  524.61   33.43
2453936.75318 18.2963  0.0439 4.48  948.0  524.61   33.43
2453937.57842 18.2620  0.0403 4.67  748.0  524.61   33.43
2453938.51788 18.3511  0.0489 5.24  896.0  524.61   33.43
2453938.71953 18.4831  0.0517 5.79  697.0  524.61   33.43
2453938.76871 18.2907  0.0497 6.22  737.0  524.61   33.43
2453940.62087 18.3861  0.0328 3.70  733.0  524.61   33.43
2453941.66230 18.2024  0.0442 6.55  689.0  524.61   33.43
2453944.57437 18.2305  0.0340 5.01  679.0  524.61   33.43
2453945.52316 18.2753  0.0473 5.98  833.0  524.61   33.43
2453945.71127 18.3066  0.0431 5.11  797.0  524.61   33.43
2453946.53349 18.4898  0.0577 5.89  825.0  524.61   33.43
2453946.72289 18.3443  0.0403 5.24  660.0  524.61   33.43
2453950.54158 18.2765  0.0341 4.38  693.0  524.61   33.43
2453950.76108 18.3596  0.0460 5.51  762.0  524.61   33.43
2453951.53782 18.2754  0.0423 4.64  807.0  524.61   33.43
2453956.58419 18.5748  0.0684 5.66 1051.0  524.61   33.43
2453957.52508 18.2520  0.0478 5.62  940.0  524.61   33.43
2453958.59787 18.2879  0.0435 4.75  915.0  524.61   33.43
2453959.53779 18.2509  0.0395 4.62  799.0  524.61   33.43
2453959.70216 18.3525  0.0529 5.86  911.0  524.61   33.43
2453960.51578 18.1688  0.0305 4.20  736.0  524.61   33.43
2453960.69569 18.3609  0.0340 3.66  866.0  524.61   33.43
2453961.59086 18.1572  0.0480 6.08  903.0  524.61   33.43
2453963.47744 18.2591  0.0492 5.89  895.0  524.61   33.43
2453963.65196 18.2924  0.0382 4.70  760.0  524.61   33.43
2453963.72529 18.2986  0.0488 6.66  769.0  524.61   33.43
2453964.54714 18.2692  0.0351 4.09  784.0  524.61   33.43
2453965.53364 18.3218  0.0323 3.69  711.0  524.61   33.43
2453965.72674 18.3457  0.0387 5.09  754.0  524.61   33.43
2453966.52870 18.2721  0.0350 3.94  801.0  524.61   33.43
2453966.71049 18.2901  0.0444 6.03  754.0  524.61   33.43
2453967.55243 18.2442  0.0472 5.73  788.0  524.61   33.43
2453968.51520 18.3099  0.0426 4.47  910.0  524.61   33.43
2453968.68671 18.5026  0.0490 4.75  790.0  524.61   33.43
2453969.51911 18.3298  0.0450 5.55  744.0  524.61   33.43
2453969.69769 18.4649  0.0548 6.04  719.0  524.61   33.43
2453970.53098 18.2648  0.0432 5.42  736.0  524.61   33.43
2453970.71083 18.3505  0.0398 5.10  744.0  524.61   33.43
2453971.57075 18.1693  0.0432 5.93  740.0  524.61   33.43
2453973.59587 18.3951  0.0439 5.52  652.0  524.61   33.43
2453974.52570 18.4710  0.0532 5.59  745.0  524.61   33.43
2453975.52820 18.2742  0.0342 4.57  717.0  524.61   33.43
2453976.52296 18.3617  0.0363 4.24  743.0  524.61   33.43
2453979.53276 18.2082  0.0679 6.20 1648.0  524.61   33.43
2453982.59993 18.4986  0.0501 4.31 1054.0  524.61   33.43
2453986.59992 18.4117  0.0574 5.59  982.0  524.61   33.43
2453987.52233 18.2477  0.0415 4.98  861.0  524.61   33.43
2453988.53516 18.2792  0.0306 3.86  709.0  524.61   33.43
2453989.59684 18.2819  0.0514 5.99  847.0  524.61   33.43
2453990.63912 18.4526  0.0516 5.91  835.0  524.61   33.43
2453994.49185 18.2195  0.0475 5.94  856.0  524.61   33.43
2453995.58945 18.3550  0.0418 4.76  767.0  524.61   33.43
2453999.62699 18.3037  0.0443 5.80  908.0  524.61   33.43
2454000.53406 18.4078  0.0496 5.45  799.0  524.61   33.43
2454001.52379 18.1681  0.0414 5.08  936.0  524.61   33.43
2454002.52043 18.4325  0.0508 5.49  787.0  524.61   33.43
2454004.54342 18.3216  0.0397 4.52  842.0  524.61   33.43
2454005.54614 18.2949  0.0470 5.07  865.0  524.61   33.43
2454006.54072 18.2363  0.0367 4.59  793.0  524.61   33.43
2454012.51649 18.1946  0.0483 6.14  926.0  524.61   33.43
2454016.55140 18.4311  0.0750 6.55 1072.0  524.61   33.43
2454018.57102 18.5193  0.0641 5.66  949.0  524.61   33.43
2454020.56591 18.0143  0.0447 7.03  822.0  524.61   33.43
2454023.57512 18.2826  0.0596 6.16 1334.0  524.61   33.43
2454026.49821 18.5381  0.0513 4.98  807.0  524.61   33.43
2454028.51425 18.3243  0.0490 5.12  918.0  524.61   33.43
2454031.51438 18.3331  0.0514 5.53  961.0  524.61   33.43
2454038.51955 18.6583  0.0731 5.71  969.0  524.61   33.43
2454041.51867 18.2507  0.0619 6.26 1365.0  524.61   33.43
2454142.86980 18.2831  0.0605 6.08 1434.0  524.61   33.43
2454151.87498 18.2025  0.0460 5.61  968.0  524.61   33.43
2454153.89694 18.2279  0.0419 4.26 1353.0  524.61   33.43
2454156.87546 18.1918  0.0445 5.20  998.0  524.61   33.43
2454158.90363 18.2156  0.0430 4.15 1320.0  524.61   33.43
2454161.86299 18.2525  0.0442 4.73 1237.0  524.61   33.43
2454163.84581 18.0408  0.0365 4.40 1456.0  524.61   33.43
2454165.83578 18.2484  0.0610 5.44 1923.0  524.61   33.43
2454168.82788 18.1422  0.0448 4.61 1375.0  524.61   33.43
2454170.83219 18.1600  0.0371 3.75 1349.0  524.61   33.43
2454175.86525 18.2354  0.0406 5.03  873.0  524.61   33.43
2454177.76755 18.1946  0.0388 4.83  913.0  524.61   33.43
2454178.82650 18.2044  0.0353 4.19  913.0  524.61   33.43
2454179.86637 18.1600  0.0335 3.86  952.0  524.61   33.43
2454181.80279 18.1743  0.0374 4.94  896.0  524.61   33.43
2454182.85136 18.1403  0.0306 4.03  853.0  524.61   33.43
2454183.88386 18.2189  0.0389 4.62  957.0  524.61   33.43
2454185.76034 18.1797  0.0451 5.81  938.0  524.61   33.43
2454185.82386 18.1211  0.0346 4.59  846.0  524.61   33.43
2454185.87780 18.1419  0.0334 4.40  865.0  524.61   33.43
2454185.91220 18.1872  0.0340 3.95  922.0  524.61   33.43
2454186.90824 18.1117  0.0437 5.77  909.0  524.61   33.43
2454187.87793 18.1535  0.0471 6.64  801.0  524.61   33.43
2454189.81000 18.1389  0.0494 6.47 1001.0  524.61   33.43
2454189.85255 18.1977  0.0437 5.38  895.0  524.61   33.43
2454189.86742 18.2103  0.0515 6.22  947.0  524.61   33.43
2454189.88199 18.1588  0.0390 5.03  914.0  524.61   33.43
2454189.90292 18.0225  0.0418 5.88  978.0  524.61   33.43
2454189.91913 18.0485  0.0455 5.62 1196.0  524.61   33.43
2454190.74416 18.1384  0.0500 6.25 1166.0  524.61   33.43
2454190.79893 18.1989  0.0449 5.27 1034.0  524.61   33.43
2454190.91998 18.1143  0.0355 4.19 1085.0  524.61   33.43
2454191.77019 18.1171  0.0448 5.58 1193.0  524.61   33.43
2454191.89937 18.0614  0.0399 5.26 1019.0  524.61   33.43
2454192.78284 18.1450  0.0466 5.54 1183.0  524.61   33.43
2454192.82117 18.0927  0.0455 5.81 1098.0  524.61   33.43
2454193.78192 18.2053  0.0526 5.71 1298.0  524.61   33.43
2454194.80477 18.1330  0.0343 4.33 1051.0  524.61   33.43
2454196.79478 18.1099  0.0372 4.66 1138.0  524.61   33.43
2454202.77640 18.1473  0.0313 4.10  977.0  524.61   33.43
2454203.76420 18.1399  0.0313 4.19  864.0  524.61   33.43
2454204.75654 18.0706  0.0362 4.97  987.0  524.61   33.43
2454205.75476 18.0564  0.0311 4.71  805.0  524.61   33.43
2454205.90615 18.0960  0.0307 3.86  968.0  524.61   33.43
2454207.74601 18.1045  0.0388 5.27  964.0  524.61   33.43
2454208.69995 18.0362  0.0350 4.58  974.0  524.61   33.43
2454211.81126 18.0527  0.0386 5.80  826.0  524.61   33.43
2454212.84081 18.0095  0.0427 6.24  911.0  524.61   33.43
2454213.74888 18.1735  0.0370 4.90  877.0  524.61   33.43
2454215.76190 18.1386  0.0486 6.20  947.0  524.61   33.43
2454216.71975 18.1220  0.0330 4.54  924.0  524.61   33.43
2454216.83178 18.0334  0.0340 4.85  883.0  524.61   33.43
2454216.93020 18.0766  0.0446 5.70 1123.0  524.61   33.43
2454217.70172 18.0241  0.0305 4.28 1016.0  524.61   33.43
2454217.72726 18.0549  0.0298 4.12  937.0  524.61   33.43
2454217.81207 18.0965  0.0238 3.21  822.0  524.61   33.43
2454217.84819 18.1662  0.0261 3.25  844.0  524.61   33.43
2454217.88858 18.0819  0.0255 3.16  877.0  524.61   33.43
2454217.92214 18.1170  0.0277 3.15  990.0  524.61   33.43
2454218.70139 18.0812  0.0449 5.86 1036.0  524.61   33.43
2454218.77704 18.0082  0.0387 5.60  950.0  524.61   33.43
2454218.82986 18.0175  0.0405 5.78  932.0  524.61   33.43
2454218.89453 18.1315  0.0316 3.94  943.0  524.61   33.43
2454218.92940 18.0973  0.0370 4.19 1232.0  524.61   33.43
2454219.70803 18.0552  0.0530 7.21 1009.0  524.61   33.43
2454219.71445 18.0819  0.0507 6.97  992.0  524.61   33.43
2454219.71750 18.0287  0.0461 6.54  979.0  524.61   33.43
2454219.72410 18.1143  0.0460 6.12  965.0  524.61   33.43
2454219.74742 18.0522  0.0367 5.29  911.0  524.61   33.43
2454219.76079 17.9891  0.0388 5.74  929.0  524.61   33.43
2454219.77191 17.9595  0.0370 5.59  926.0  524.61   33.43
2454219.78019 18.0254  0.0374 5.34  928.0  524.61   33.43
2454219.78428 18.0199  0.0393 5.58  932.0  524.61   33.43
2454219.79551 18.0365  0.0342 4.79  916.0  524.61   33.43
2454219.80643 18.0145  0.0304 4.26  904.0  524.61   33.43
2454219.82433 18.0640  0.0348 4.68  926.0  524.61   33.43
2454219.83864 18.0240  0.0353 4.79  947.0  524.61   33.43
2454219.85574 18.0882  0.0388 4.98  952.0  524.61   33.43
2454219.86855 18.0505  0.0394 5.26  953.0  524.61   33.43
2454219.87965 18.0120  0.0369 5.19  930.0  524.61   33.43
2454219.89074 18.0045  0.0415 5.80  969.0  524.61   33.43
2454219.90200 18.0037  0.0434 6.05  992.0  524.61   33.43
2454219.91305 18.0385  0.0411 5.50 1008.0  524.61   33.43
2454219.92692 18.0460  0.0427 5.43 1140.0  524.61   33.43
2454219.93792 18.1013  0.0888 5.72 4287.0  524.61   33.43
2454220.65396 18.1256  0.0517 6.30 1275.0  524.61   33.43
2454220.66113 18.1687  0.0637 7.10 1250.0  524.61   33.43
2454220.67315 18.0591  0.0436 5.76 1135.0  524.61   33.43
2454220.68409 18.1301  0.0452 5.70 1099.0  524.61   33.43
2454220.69727 18.0675  0.0427 5.79 1054.0  524.61   33.43
2454220.70824 17.9622  0.0363 5.42 1012.0  524.61   33.43
2454220.71951 17.9904  0.0385 5.52 1027.0  524.61   33.43
2454220.73153 18.1093  0.0397 5.19 1002.0  524.61   33.43
2454220.74270 18.0780  0.0362 4.92  996.0  524.61   33.43
2454220.75698 18.0053  0.0357 5.10  975.0  524.61   33.43
2454220.76835 18.0317  0.0331 4.58  978.0  524.61   33.43
2454220.77971 18.0817  0.0328 4.24  976.0  524.61   33.43
2454220.79096 18.0137  0.0338 4.61  976.0  524.61   33.43
2454220.80275 18.0115  0.0350 4.83  994.0  524.61   33.43
2454220.81378 18.0435  0.0349 4.53 1053.0  524.61   33.43
2454220.82486 18.1296  0.0426 4.87 1098.0  524.61   33.43
2454220.83595 17.9970  0.0384 5.04 1081.0  524.61   33.43
2454220.84773 18.0346  0.0385 4.91 1089.0  524.61   33.43
2454220.85878 18.0255  0.0420 5.20 1124.0  524.61   33.43
2454220.86999 18.0370  0.0439 5.46 1149.0  524.61   33.43
2454220.88574 18.0996  0.0487 5.53 1155.0  524.61   33.43
2454220.89685 18.0628  0.0438 5.42 1088.0  524.61   33.43
2454220.90790 17.9304  0.0431 6.22 1060.0  524.61   33.43
2454220.91896 17.9676  0.0434 5.87 1071.0  524.61   33.43
2454220.92794 17.9218  0.0469 6.49 1202.0  524.61   33.43
2454220.93416 17.9888  0.0600 5.96 2024.0  524.61   33.43
2454221.64168 18.0378  0.0602 7.24 1465.0  524.61   33.43
2454221.64997 18.1468  0.0448 7.03  709.0  524.61   33.43
2454221.65351 18.1802  0.0435 6.71  699.0  524.61   33.43
2454221.65914 18.1188  0.0397 6.48  673.0  524.61   33.43
2454221.66739 18.0938  0.0331 5.66  637.0  524.61   33.43
2454221.67326 17.9422  0.0276 5.40  616.0  524.61   33.43
2454221.67885 17.9388  0.0262 5.12  609.0  524.61   33.43
2454221.68461 18.0444  0.0307 5.54  614.0  524.61   33.43
2454221.70767 18.1323  0.0300 5.07  602.0  524.61   33.43
2454221.71352 18.0409  0.0285 5.35  607.0  524.61   33.43
2454221.71843 18.0802  0.0273 5.47  467.0  524.61   33.43
2454221.72302 18.1556  0.0293 5.51  461.0  524.61   33.43
2454221.72765 18.0585  0.0282 5.85  459.0  524.61   33.43
2454221.73225 18.0980  0.0275 5.12  488.0  524.61   33.43
2454221.73750 18.0573  0.0248 5.09  457.0  524.61   33.43
2454221.74007 18.0602  0.0231 5.22  377.0  524.61   33.43
2454221.74494 18.2205  0.0222 4.78  320.0  524.61   33.43
2454221.74729 17.9447  0.0178 4.94  316.0  524.61   33.43
2454221.75134 18.0700  0.0196 4.97  295.0  524.61   33.43
2454221.75537 18.1241  0.0199 4.80  289.0  524.61   33.43
2454221.75949 18.0914  0.0210 5.28  314.0  524.61   33.43
2454221.76362 18.2954  0.0287 4.47  516.0  524.61   33.43
2454221.76772 18.0435  0.0218 4.39  509.0  524.61   33.43
2454221.77212 17.8793  0.0191 4.69  460.0  524.61   33.43
2454221.77376 18.0820  0.0218 4.97  348.0  524.61   33.43
2454221.77549 18.0659  0.0223 4.57  441.0  524.61   33.43
2454221.77959 18.1641  0.0211 4.55  333.0  524.61   33.43
2454221.78131 17.8018  0.0247 4.85  776.0  524.61   33.43
2454221.78303 18.1217  0.0181 4.49  277.0  524.61   33.43
2454221.78727 18.0323  0.0310 4.44 1035.0  524.61   33.43
2454221.78891 17.9331  0.0214 4.45  549.0  524.61   33.43
2454221.79064 17.8867  0.0267 4.68  891.0  524.61   33.43
2454221.79475 18.2453  0.0249 4.52  428.0  524.61   33.43
2454221.79647 17.9656  0.0202 4.37  477.0  524.61   33.43
2454221.79819 18.0118  0.0161 4.16  287.0  524.61   33.43
2454221.80267 18.0529  0.0150 3.89  267.0  524.61   33.43
2454221.80433 18.0057  0.0152 4.14  267.0  524.61   33.43
2454221.80606 17.9221  0.0163 4.67  272.0  524.61   33.43
2454221.81020 18.0114  0.0160 4.35  262.0  524.61   33.43
2454221.81186 18.0036  0.0153 4.14  263.0  524.61   33.43
2454221.81357 18.1574  0.0174 4.23  262.0  524.61   33.43
2454221.81827 18.0429  0.0150 4.34  218.0  524.61   33.43
2454221.82044 18.2199  0.0163 4.47  176.0  524.61   33.43
2454221.82270 18.0500  0.0129 4.20  173.0  524.61   33.43
2454221.82426 18.0814  0.0141 4.39  177.0  524.61   33.43
2454221.82586 18.1317  0.0141 4.19  178.0  524.61   33.43
2454221.82747 18.3954  0.0189 4.48  176.0  524.61   33.43
2454221.82907 18.2089  0.0151 4.37  176.0  524.61   33.43
2454221.83283 18.4131  0.0302 4.29  493.0  524.61   33.43
2454221.83444 18.1230  0.0154 3.89  256.0  524.61   33.43
2454221.83600 18.3192  0.0215 3.83  366.0  524.61   33.43
2454221.83761 18.5559  0.0395 4.23  661.0  524.61   33.43
2454221.83924 18.9650  0.0516 4.70  438.0  524.61   33.43
2454221.84322 18.2499  0.0260 4.20  487.0  524.61   33.43
2454221.84554 17.8976  0.0127 3.87  245.0  524.61   33.43
2454221.84715 18.0948  0.0170 3.83  320.0  524.61   33.43
2454221.84876 18.0190  0.0163 4.32  272.0  524.61   33.43
2454221.85037 17.9448  0.0192 4.48  427.0  524.61   33.43
2454221.85409 18.1593  0.0198 4.66  282.0  524.61   33.43
2454221.85570 18.1633  0.0167 4.09  238.0  524.61   33.43
2454221.85732 18.0989  0.0172 5.05  208.0  524.61   33.43
2454221.85884 18.1380  0.0220 4.47  394.0  524.61   33.43
2454221.86047 18.1877  0.0174 4.56  204.0  524.61   33.43
2454221.86439 18.1447  0.0188 3.84  350.0  524.61   33.43
2454221.86600 18.0198  0.0148 4.06  246.0  524.61   33.43
2454221.86761 18.1573  0.0181 4.30  266.0  524.61   33.43
2454221.86923 18.2691  0.0205 4.86  204.0  524.61   33.43
2454221.87082 17.7844  0.0131 4.96  200.0  524.61   33.43
2454221.87459 18.0651  0.0155 4.63  194.0  524.61   33.43
2454221.87622 18.2213  0.0184 4.87  191.0  524.61   33.43
2454221.87786 18.1082  0.0143 4.04  191.0  524.61   33.43
2454221.87947 17.8701  0.0133 4.73  190.0  524.61   33.43
2454221.88106 17.8761  0.0122 4.15  194.0  524.61   33.43
2454221.88524 17.8420  0.0102 4.17  145.0  524.61   33.43
2454221.88710 17.9247  0.0111 4.27  142.0  524.61   33.43
2454221.88859 17.9704  0.0115 4.10  145.0  524.61   33.43
2454221.89009 17.8006  0.0117 4.82  144.0  524.61   33.43
2454221.89164 18.1037  0.0150 4.96  145.0  524.61   33.43
2454221.89318 17.8684  0.0131 5.23  149.0  524.61   33.43
2454221.89465 18.1218  0.0147 4.67  144.0  524.61   33.43
2454221.89843 18.1403  0.0162 5.15  149.0  524.61   33.43
2454221.89997 18.3733  0.0163 4.23  144.0  524.61   33.43
2454221.90153 18.0075  0.0131 4.64  148.0  524.61   33.43
2454221.90307 18.0888  0.0130 4.31  144.0  524.61   33.43
2454221.90464 18.1563  0.0147 4.47  146.0  524.61   33.43
2454221.90611 18.0107  0.0146 5.42  150.0  524.61   33.43
2454221.90984 18.2019  0.0163 5.06  147.0  524.61   33.43
2454221.91138 18.1105  0.0141 4.76  146.0  524.61   33.43
2454221.91288 17.9577  0.0110 4.13  145.0  524.61   33.43
2454221.91443 18.0991  0.0139 4.66  145.0  524.61   33.43
2454221.91598 18.1406  0.0157 4.69  149.0  524.61   33.43
2454221.91752 17.9747  0.0127 4.51  150.0  524.61   33.43
2454221.92143 17.9829  0.0128 4.79  149.0  524.61   33.43
2454221.92290 17.8117  0.0129 5.41  152.0  524.61   33.43
2454221.92444 17.9335  0.0128 4.96  149.0  524.61   33.43
2454221.92598 18.0488  0.0137 4.59  149.0  524.61   33.43
2454221.92754 18.1821  0.0167 5.04  153.0  524.61   33.43
2454221.92908 18.0493  0.0144 4.98  157.0  524.61   33.43
2454221.93301 17.9782  0.0134 4.10  199.0  524.61   33.43
2454221.93449 17.6367  0.0132 5.38  237.0  524.61   33.43
2454221.93603 18.1289  0.0228 5.19  295.0  524.61   33.43
2454221.93779 18.1917  0.0255 4.94  396.0  524.61   33.43
2454221.93933 17.9710  0.0228 4.65  519.0  524.61   33.43
2454221.94089 18.2226  0.0370 5.06  716.0  524.61   33.43
2454221.94283 17.8728  0.0311 4.78 1114.0  524.61   33.43
2454221.94430 17.7704  0.0325 4.63 1611.0  524.61   33.43
2454221.94584 20.5961  0.5471 4.40 2521.0  524.61   33.43
2454221.94771 18.8503  0.1736 5.13 4702.0  524.61   33.43
2454222.65511 18.1364  0.0582 6.33 1560.0  524.61   33.43
2454222.65993 18.0442  0.0574 6.65 1530.0  524.61   33.43
2454222.66874 18.0568  0.0512 6.09 1462.0  524.61   33.43
2454222.67699 18.1355  0.0533 5.93 1408.0  524.61   33.43
2454222.69131 18.0173  0.0395 5.08 1332.0  524.61   33.43
2454222.70313 18.1388  0.0415 4.87 1288.0  524.61   33.43
2454222.71411 18.1214  0.0401 4.84 1283.0  524.61   33.43
2454222.73410 18.1620  0.0424 4.75 1255.0  524.61   33.43
2454222.74825 18.0764  0.0349 4.25 1215.0  524.61   33.43
2454222.76209 18.0406  0.0361 4.43 1209.0  524.61   33.43
2454222.77962 18.0005  0.0364 4.65 1209.0  524.61   33.43
2454222.79913 18.0636  0.0340 4.07 1177.0  524.61   33.43
2454222.81984 18.0931  0.0338 3.92 1164.0  524.61   33.43
2454222.83647 18.0564  0.0306 3.60 1152.0  524.61   33.43
2454222.85407 18.0344  0.0313 3.62 1202.0  524.61   33.43
2454222.87068 18.0594  0.0341 3.88 1212.0  524.61   33.43
2454222.88212 18.0943  0.0328 3.59 1198.0  524.61   33.43
2454222.89350 18.0250  0.0331 3.89 1213.0  524.61   33.43
2454222.90719 18.0259  0.0342 3.97 1248.0  524.61   33.43
2454222.91899 18.0346  0.0332 3.73 1293.0  524.61   33.43
2454222.92788 18.0855  0.0332 3.45 1356.0  524.61   33.43
2454223.65926 17.9386  0.0584 4.48 4282.0  524.61   33.43
2454223.66361 18.0468  0.0448 4.73 1768.0  524.61   33.43
2454223.73998 18.1131  0.0432 4.12 1860.0  524.61   33.43
2454224.74785 18.0073  0.0466 4.92 1877.0  524.61   33.43
2454224.80499 18.0669  0.0418 4.67 1368.0  524.61   33.43
2454224.86990 18.0631  0.0432 4.56 1501.0  524.61   33.43
2454227.84928 18.0339  0.0331 4.17 1196.0  524.61   33.43
2454227.90345 18.0259  0.0371 4.01 1485.0  524.61   33.43
2454227.91344 18.0984  0.0405 4.36 1396.0  524.61   33.43
2454227.92307 18.1021  0.0432 4.51 1450.0  524.61   33.43
2454228.64768 18.0138  0.0405 5.13 1315.0  524.61   33.43
2454228.69737 18.0441  0.0327 4.38 1091.0  524.61   33.43
2454229.69095 17.9989  0.0396 5.73 1046.0  524.61   33.43
2454229.88787 17.9995  0.0309 3.90 1088.0  524.61   33.43
2454230.63913 18.0342  0.0374 5.12  992.0  524.61   33.43
2454230.82714 18.0853  0.0334 4.41  906.0  524.61   33.43
2454230.88880 17.9273  0.0341 4.71 1086.0  524.61   33.43
2454231.66310 17.9948  0.0395 6.02  996.0  524.61   33.43
2454231.71416 17.9616  0.0320 4.97  929.0  524.61   33.43
2454231.86924 18.0190  0.0359 4.79 1013.0  524.61   33.43
2454232.64930 17.9667  0.0445 6.19 1156.0  524.61   33.43
2454232.77587 18.0500  0.0394 5.21 1048.0  524.61   33.43
2454232.91344 17.9747  0.0350 4.96 1030.0  524.61   33.43
2454233.84359 18.0531  0.0389 4.94 1092.0  524.61   33.43
2454234.77387 18.0542  0.0334 4.51  966.0  524.61   33.43
2454234.89346 17.9662  0.0357 4.87 1110.0  524.61   33.43
2454235.68751 17.9882  0.0292 3.96 1059.0  524.61   33.43
2454235.74499 18.0067  0.0289 3.83 1045.0  524.61   33.43
2454235.84854 17.9836  0.0286 3.94  921.0  524.61   33.43
2454235.91066 17.9383  0.0317 4.32 1037.0  524.61   33.43
2454237.61402 18.0726  0.0451 6.03 1074.0  524.61   33.43
2454238.68540 17.9826  0.0356 5.42  976.0  524.61   33.43
2454238.89487 18.0343  0.0381 4.54 1248.0  524.61   33.43
2454239.65725 17.9628  0.0319 4.97  950.0  524.61   33.43
2454240.69694 17.9622  0.0312 4.79  906.0  524.61   33.43
2454240.84770 17.9422  0.0336 4.72  977.0  524.61   33.43
2454243.66257 18.0268  0.0374 5.40  961.0  524.61   33.43
2454243.75599 17.9601  0.0343 4.91  971.0  524.61   33.43
2454243.84886 17.9364  0.0392 5.77  995.0  524.61   33.43
2454244.63474 17.8682  0.0378 6.01 1067.0  524.61   33.43
2454244.73115 17.9682  0.0302 4.37  950.0  524.61   33.43
2454244.82373 17.9639  0.0283 3.81 1000.0  524.61   33.43
2454245.62784 17.9431  0.0302 4.88  868.0  524.61   33.43
2454245.72214 17.9212  0.0269 4.39  792.0  524.61   33.43
2454245.81762 18.0028  0.0277 3.83  831.0  524.61   33.43
2454245.86812 17.8914  0.0356 5.59  957.0  524.61   33.43
2454246.68656 17.9654  0.0307 4.59  959.0  524.61   33.43
2454246.77964 17.9983  0.0337 4.62  960.0  524.61   33.43
2454246.87230 18.0033  0.0356 4.58 1139.0  524.61   33.43
2454247.70155 17.9246  0.0301 4.53  973.0  524.61   33.43
2454250.74961 17.9368  0.0312 4.17 1207.0  524.61   33.43
2454250.93952 17.9331  0.0319 5.03  941.0  524.61   33.43
2454251.82120 18.0585  0.0647 6.38 1838.0  524.61   33.43
2454256.63736 17.8268  0.0415 6.81 1147.0  524.61   33.43
2454256.78333 17.8886  0.0411 5.95 1131.0  524.61   33.43
2454257.66895 17.8363  0.0324 5.43  971.0  524.61   33.43
2454258.65273 17.8845  0.0355 5.70  975.0  524.61   33.43
2454258.77553 17.8880  0.0298 4.42 1014.0  524.61   33.43
2454258.86817 17.8718  0.0412 6.03 1195.0  524.61   33.43
2454267.61239 17.7975  0.0353 6.14  994.0  524.61   33.43
2454268.63366 17.7919  0.0285 5.14  937.0  524.61   33.43
2454268.85936 17.8926  0.0392 5.69 1128.0  524.61   33.43
2454269.59458 17.8379  0.0279 4.86  913.0  524.61   33.43
2454269.74487 17.7660  0.0300 5.36  900.0  524.61   33.43
2454270.52932 17.7895  0.0315 5.10 1245.0  524.61   33.43
2454272.57582 17.8443  0.0295 4.54 1179.0  524.61   33.43
2454272.72569 17.7804  0.0244 4.25  881.0  524.61   33.43
2454272.78429 17.7887  0.0276 4.39 1038.0  524.61   33.43
2454272.85568 17.7831  0.0338 5.24 1251.0  524.61   33.43
2454273.63615 17.7801  0.0315 5.40 1029.0  524.61   33.43
2454273.81431 17.8540  0.0301 4.17 1222.0  524.61   33.43
2454273.87552 17.8356  0.0440 5.98 1507.0  524.61   33.43
2454274.56722 17.7990  0.0374 5.77 1256.0  524.61   33.43
2454274.72015 17.8088  0.0326 5.33 1061.0  524.61   33.43
2454274.78106 17.8260  0.0253 3.84 1067.0  524.61   33.43
2454274.84058 17.8576  0.0352 5.89 1028.0  524.61   33.43
2454275.61878 17.8296  0.0266 4.22 1050.0  524.61   33.43
2454275.79404 17.7718  0.0324 4.98 1209.0  524.61   33.43
2454275.85516 17.7735  0.0429 6.23 1475.0  524.61   33.43
2454276.60350 17.7430  0.0319 5.61 1055.0  524.61   33.43
2454277.54723 17.7498  0.0375 5.83 1321.0  524.61   33.43
2454277.72432 17.8236  0.0302 4.83 1050.0  524.61   33.43
2454277.78293 17.7535  0.0373 6.34 1113.0  524.61   33.43
2454278.59217 17.6677  0.0351 6.08 1193.0  524.61   33.43
2454278.76850 17.7797  0.0394 6.02 1220.0  524.61   33.43
2454283.52974 17.6686  0.0292 4.34 1563.0  524.61   33.43
2454284.52155 17.7609  0.0329 4.99 1275.0  524.61   33.43
2454284.67113 17.6991  0.0309 4.62 1240.0  524.61   33.43
2454284.73127 17.7224  0.0235 3.87 1147.0  524.61   33.43
2454284.79333 17.7178  0.0310 4.71 1342.0  524.61   33.43
2454284.85828 17.7007  0.0372 4.89 1805.0  524.61   33.43
2454285.52473 17.6353  0.0298 4.94 1305.0  524.61   33.43
2454285.71828 17.6771  0.0271 4.69 1004.0  524.61   33.43
2454285.77951 17.6841  0.0259 4.38 1017.0  524.61   33.43
2454285.84474 17.6714  0.0287 4.58 1240.0  524.61   33.43
2454286.52445 17.6839  0.0305 4.93 1351.0  524.61   33.43
2454286.83266 17.9205  0.0504 5.19 2259.0  524.61   33.43
2454289.53536 17.6314  0.0314 5.74 1151.0  524.61   33.43
2454289.75427 17.6005  0.0289 5.79  983.0  524.61   33.43
2454289.81909 17.6489  0.0292 5.71  983.0  524.61   33.43
2454290.58164 17.5440  0.0285 6.41  899.0  524.61   33.43
2454291.60129 17.6456  0.0250 4.97  915.0  524.61   33.43
2454292.50687 17.6267  0.0232 4.67 1053.0  524.61   33.43
2454292.68590 17.6627  0.0221 3.81  921.0  524.61   33.43
2454292.74470 17.7295  0.0220 3.90  918.0  524.61   33.43
2454292.80771 17.6497  0.0249 4.78 1020.0  524.61   33.43
2454293.50767 17.6890  0.0234 4.22  930.0  524.61   33.43
2454293.69180 17.6361  0.0214 3.98  878.0  524.61   33.43
2454293.75057 17.6252  0.0210 4.00  884.0  524.61   33.43
2454293.79083 17.6453  0.0247 4.73  940.0  524.61   33.43
2454293.82834 17.6410  0.0252 4.89  975.0  524.61   33.43
2454294.50627 17.6311  0.0255 5.02 1111.0  524.61   33.43
2454295.51643 17.6111  0.0235 4.93  899.0  524.61   33.43
2454295.71152 17.6420  0.0205 4.23  738.0  524.61   33.43
2454295.77010 17.6120  0.0211 4.66  765.0  524.61   33.43
2454295.83193 17.6012  0.0292 6.13  967.0  524.61   33.43
2454296.51049 17.5711  0.0271 5.65  978.0  524.61   33.43
2454296.71623 17.6303  0.0214 4.48  774.0  524.61   33.43
2454297.53031 17.5774  0.0228 4.68  911.0  524.61   33.43
2454297.73488 17.5893  0.0231 4.85  804.0  524.61   33.43
2454298.56479 17.6129  0.0255 5.38  829.0  524.61   33.43
2454298.67643 17.5798  0.0227 4.93  777.0  524.61   33.43
2454298.81383 17.5419  0.0335 6.91 1098.0  524.61   33.43
2454299.55188 17.4970  0.0174 3.98  840.0  524.61   33.43
2454299.64178 17.6062  0.0206 4.31  779.0  524.61   33.43
2454299.73307 17.5762  0.0201 4.27  758.0  524.61   33.43
2454300.54853 17.5430  0.0213 4.53  888.0  524.61   33.43
2454300.66371 17.5044  0.0210 4.83  775.0  524.61   33.43
2454300.77881 17.5753  0.0222 4.02  980.0  524.61   33.43
2454301.53464 17.6403  0.0219 4.09 1044.0  524.61   33.43
2454301.63089 17.5628  0.0207 4.14  905.0  524.61   33.43
2454301.73306 17.5767  0.0202 4.00  842.0  524.61   33.43
2454302.60764 17.5687  0.0237 4.71  848.0  524.61   33.43
2454302.77273 17.5117  0.0216 4.95  772.0  524.61   33.43
2454303.69420 17.5569  0.0253 5.53  822.0  524.61   33.43
2454304.57252 17.4976  0.0284 5.67 1261.0  524.61   33.43
2454304.70195 17.5072  0.0289 6.08 1113.0  524.61   33.43
2454306.57825 17.5603  0.0278 5.80 1072.0  524.61   33.43
2454306.71476 17.5169  0.0266 5.84 1023.0  524.61   33.43
2454310.63187 17.5142  0.0298 5.22 1564.0  524.61   33.43
2454312.51947 17.3707  0.0261 5.44 1468.0  524.61   33.43
2454312.76232 17.4671  0.0216 4.34 1171.0  524.61   33.43
2454314.77690 17.4268  0.0285 6.29 1123.0  524.61   33.43
2454315.55091 17.4252  0.0221 5.05 1005.0  524.61   33.43
2454316.58046 17.4737  0.0199 4.75  828.0  524.61   33.43
2454317.50310 17.5082  0.0209 4.52  945.0  524.61   33.43
2454319.53814 17.4503  0.0215 4.86  967.0  524.61   33.43
2454319.68409 17.4441  0.0240 5.87  987.0  524.61   33.43
2454320.60548 17.3770  0.0210 5.29  879.0  524.61   33.43
2454326.52679 17.4645  0.0199 4.37  921.0  524.61   33.43
2454326.73105 17.4601  0.0245 6.13  849.0  524.61   33.43
2454327.60606 17.4159  0.0248 5.97  905.0  524.61   33.43
2454327.74448 17.4050  0.0303 7.10 1135.0  524.61   33.43
2454328.47123 17.4198  0.0259 4.24 1873.0  524.61   33.43
2454328.71085 17.3708  0.0217 4.90 1094.0  524.61   33.43
2454329.54174 17.3698  0.0216 5.04  911.0  524.61   33.43
2454329.68975 17.3506  0.0244 6.22  928.0  524.61   33.43
2454330.47155 17.4401  0.0242 4.49 1624.0  524.61   33.43
2454330.70884 17.4502  0.0218 4.92  946.0  524.61   33.43
2454331.51369 17.4609  0.0204 4.62  922.0  524.61   33.43
2454332.52367 17.4473  0.0187 4.41  955.0  524.61   33.43
2454332.72887 17.3656  0.0240 5.65 1197.0  524.61   33.43
2454333.54868 17.3958  0.0215 4.83 1069.0  524.61   33.43
2454334.52140 17.4008  0.0326 5.66 1982.0  524.61   33.43
2454338.51816 17.4299  0.0292 5.31 1472.0  524.61   33.43
2454338.69671 17.3882  0.0303 5.83 1698.0  524.61   33.43
2454339.51497 17.4577  0.0216 3.86 1360.0  524.61   33.43
2454340.63515 17.4990  0.0211 3.82 1281.0  524.61   33.43
2454341.51922 17.3599  0.0240 5.16 1181.0  524.61   33.43
2454342.55124 17.3978  0.0216 4.58 1016.0  524.61   33.43
2454343.53513 17.5059  0.0173 3.36  959.0  524.61   33.43
2454344.56467 17.4243  0.0222 4.56 1060.0  524.61   33.43
2454345.52678 17.5306  0.0186 3.72  999.0  524.61   33.43
2454346.53638 17.4478  0.0261 5.81 1054.0  524.61   33.43
2454347.55073 17.4924  0.0227 4.94  942.0  524.61   33.43
2454349.51645 17.4062  0.0207 4.78  896.0  524.61   33.43
2454350.56985 17.5067  0.0184 3.79  912.0  524.61   33.43
2454351.52157 17.5097  0.0196 4.04  908.0  524.61   33.43
2454352.57793 17.4093  0.0254 6.02  959.0  524.61   33.43
2454353.53188 17.5467  0.0206 3.90 1059.0  524.61   33.43
2454353.54355 17.5072  0.0219 4.39 1085.0  524.61   33.43
2454354.56063 17.4779  0.0218 4.78  958.0  524.61   33.43
2454355.56844 17.4612  0.0245 5.57 1024.0  524.61   33.43
2454356.52567 17.4840  0.0207 4.48  930.0  524.61   33.43
2454357.49703 17.5174  0.0284 6.23  993.0  524.61   33.43
2454358.54046 17.4747  0.0222 4.74  998.0  524.61   33.43
2454359.50938 17.5262  0.0229 4.64  985.0  524.61   33.43
2454360.58130 17.4967  0.0251 5.37  974.0  524.61   33.43
2454361.52276 17.4173  0.0319 6.70 1210.0  524.61   33.43
2454362.53977 17.5315  0.0262 4.50 1564.0  524.61   33.43
2454365.57839 17.5943  0.0341 5.70 1465.0  524.61   33.43
2454367.53121 17.5208  0.0230 4.17 1281.0  524.61   33.43
2454368.49849 17.5096  0.0290 5.65 1235.0  524.61   33.43
2454369.58392 17.5095  0.0362 6.46 1484.0  524.61   33.43
2454370.51111 17.6058  0.0236 4.04 1224.0  524.61   33.43
2454371.47895 17.5884  0.0307 4.23 2080.0  524.61   33.43
2454372.53537 17.6716  0.0205 3.55  915.0  524.61   33.43
2454373.52638 17.5188  0.0256 4.95 1093.0  524.61   33.43
2454377.49963 17.5882  0.0221 4.20 1045.0  524.61   33.43
2454378.53395 17.6559  0.0262 4.65  964.0  524.61   33.43
2454379.55200 17.5469  0.0313 6.08 1050.0  524.61   33.43
2454380.49143 17.6219  0.0278 4.88 1108.0  524.61   33.43
2454381.53909 17.6017  0.0350 6.07 1270.0  524.61   33.43
2454382.49765 17.5261  0.0309 6.19 1220.0  524.61   33.43
2454383.52979 17.5544  0.0292 5.54 1200.0  524.61   33.43
2454384.50422 17.4876  0.0313 6.63 1046.0  524.61   33.43
2454388.56043 17.2387  0.0238 5.57 1194.0  524.61   33.43
2454393.54629 17.6534  0.0250 3.92 1326.0  524.61   33.43
2454394.51941 17.6985  0.0293 4.25 1298.0  524.61   33.43
2454395.55563 17.6624  0.0381 5.87 1421.0  524.61   33.43
2454396.52545 17.6427  0.0383 5.51 1604.0  524.61   33.43
2454397.54919 17.6419  0.0347 5.13 1634.0  524.61   33.43
2454398.55446 17.6482  0.0325 5.10 1642.0  524.61   33.43
2454399.50444 17.5701  0.0302 5.17 1421.0  524.61   33.43
2454400.54888 17.7613  0.0445 6.21 1874.0  524.61   33.43
2454403.50277 17.6890  0.0402 6.02 1415.0  524.61   33.43
2454409.52023 17.7033  0.0392 5.57 1545.0  524.61   33.43
2454507.87900 18.0721  0.0449 5.67 1205.0  524.61   33.43
2454511.84578 18.0191  0.0342 5.03  940.0  524.61   33.43
2454511.86559 17.9536  0.0277 4.49  897.0  524.61   33.43
2454513.87693 18.0406  0.0290 3.99  969.0  524.61   33.43
2454517.87608 18.0508  0.0494 6.02 1317.0  524.61   33.43
2454519.89734 18.0132  0.0393 4.82 1380.0  524.61   33.43
2454521.81540 18.0469  0.0414 4.90 1379.0  524.61   33.43
2454523.88784 17.9068  0.0370 5.77 1040.0  524.61   33.43
2454525.83174 18.0549  0.0495 4.59 3319.0  524.61   33.43
2454530.89735 18.0048  0.0266 3.97  899.0  524.61   33.43
2454531.83492 18.0531  0.0350 4.91  993.0  524.61   33.43
2454534.84470 18.0339  0.0371 5.75  824.0  524.61   33.43
2454536.79328 18.0224  0.0469 6.71 1045.0  524.61   33.43
2454537.85341 18.1199  0.0301 4.36  774.0  524.61   33.43
2454538.88583 18.1311  0.0360 4.88  907.0  524.61   33.43
2454539.87191 18.0999  0.0411 5.84  824.0  524.61   33.43
2454540.81582 18.0444  0.0305 4.32  911.0  524.61   33.43
2454541.80836 18.0551  0.0312 4.62  828.0  524.61   33.43
2454542.80315 18.0627  0.0368 5.33  892.0  524.61   33.43
2454543.79867 18.1767  0.0361 4.65  922.0  524.61   33.43
2454544.79561 18.0266  0.0354 4.82 1050.0  524.61   33.43
2454545.75977 18.0674  0.0462 5.64 1212.0  524.61   33.43
2454546.76636 18.0180  0.0382 4.83 1201.0  524.61   33.43
2454547.74108 18.0859  0.0407 4.61 1400.0  524.61   33.43
2454548.83344 18.0663  0.0378 4.95 1060.0  524.61   33.43
2454548.88432 18.0653  0.0560 7.03 1073.0  524.61   33.43
2454550.76350 18.1534  0.0514 6.32 1114.0  524.61   33.43
2454550.78317 18.1288  0.0425 5.37 1052.0  524.61   33.43
2454550.86799 18.1145  0.0336 4.35  997.0  524.61   33.43
2454551.72650 18.0334  0.0389 4.73 1340.0  524.61   33.43
2454551.78007 18.0792  0.0358 4.42 1076.0  524.61   33.43
2454552.72984 17.8992  0.0664 6.61 2651.0  524.61   33.43
2454556.77316 18.1309  0.0351 4.94  795.0  524.61   33.43
2454557.79434 18.1057  0.0343 5.04  828.0  524.61   33.43
2454558.72397 18.1337  0.0406 6.40  848.0  524.61   33.43
2454559.76482 18.1355  0.0334 5.02  737.0  524.61   33.43
2454560.76522 18.1534  0.0356 5.30  734.0  524.61   33.43
2454561.75453 18.1541  0.0314 4.22  816.0  524.61   33.43
2454564.74480 18.1309  0.0356 5.33  739.0  524.61   33.43
2454565.74282 18.1477  0.0290 4.29  778.0  524.61   33.43
2454566.74230 18.1656  0.0330 4.40  810.0  524.61   33.43
2454567.74225 18.1336  0.0337 4.69  813.0  524.61   33.43
2454568.74486 18.0522  0.0278 4.01  845.0  524.61   33.43
2454569.75940 18.1604  0.0322 4.53  775.0  524.61   33.43
2454570.74741 18.1327  0.0424 6.13  815.0  524.61   33.43
2454571.73903 18.1017  0.0447 6.11  947.0  524.61   33.43
2454572.76592 18.1497  0.0324 4.35  910.0  524.61   33.43
2454573.75407 18.1345  0.0392 5.45  964.0  524.61   33.43
2454574.75665 18.0304  0.0338 4.67 1014.0  524.61   33.43
2454575.76547 18.0559  0.0350 4.68 1050.0  524.61   33.43
2454576.77846 18.1425  0.0329 3.96 1178.0  524.61   33.43
2454576.90175 18.0924  0.0383 4.81 1237.0  524.61   33.43
2454577.85365 18.2174  0.0397 4.45 1092.0  524.61   33.43
2454577.90965 18.0567  0.0372 4.72 1173.0  524.61   33.43
2454578.80801 18.1052  0.0466 5.90 1102.0  524.61   33.43
2454579.88181 18.1449  0.0446 4.57 1687.0  524.61   33.43
2454583.74862 18.2189  0.0421 4.88 1024.0  524.61   33.43
2454585.77575 18.0643  0.0429 5.49 1094.0  524.61   33.43
2454586.75507 18.1511  0.0394 5.22  874.0  524.61   33.43
2454587.78866 18.1790  0.0404 5.38  852.0  524.61   33.43
2454588.66379 18.2377  0.0495 6.32  960.0  524.61   33.43
2454588.89633 18.1448  0.0308 4.34  886.0  524.61   33.43
2454589.71021 18.0581  0.0351 4.91  868.0  524.61   33.43
2454589.86557 18.0745  0.0389 5.34  897.0  524.61   33.43
2454589.92745 18.2830  0.0440 4.79 1017.0  524.61   33.43
2454590.71903 18.2042  0.0388 4.65  922.0  524.61   33.43
2454590.92101 18.2804  0.0378 3.98 1089.0  524.61   33.43
2454591.66021 18.2552  0.0422 4.72 1115.0  524.61   33.43
2454591.87151 18.1867  0.0383 4.87 1001.0  524.61   33.43
2454591.93350 18.1210  0.0442 4.55 1598.0  524.61   33.43
2454592.68040 18.1215  0.0359 4.29 1160.0  524.61   33.43
2454592.86967 18.0235  0.0356 4.77 1209.0  524.61   33.43
2454593.66958 18.0816  0.0348 4.70  912.0  524.61   33.43
2454593.87937 18.1763  0.0365 4.57 1025.0  524.61   33.43
2454593.91924 18.2403  0.0377 4.24 1053.0  524.61   33.43
2454594.69076 18.2216  0.0404 5.15  865.0  524.61   33.43
2454594.88564 18.2039  0.0405 5.16  991.0  524.61   33.43
2454595.68337 18.1814  0.0360 4.74  860.0  524.61   33.43
2454595.87462 18.1526  0.0354 4.87  868.0  524.61   33.43
2454595.93915 18.0554  0.0551 5.46 2027.0  524.61   33.43
2454596.67523 18.1001  0.0426 5.95  870.0  524.61   33.43
2454596.93307 18.1512  0.0407 4.98 1062.0  524.61   33.43
2454597.69982 18.1269  0.0330 4.76  820.0  524.61   33.43
2454597.89142 18.2176  0.0362 4.64  928.0  524.61   33.43
2454598.67603 18.2129  0.0302 4.35  717.0  524.61   33.43
2454599.64857 18.1043  0.0387 4.97  921.0  524.61   33.43
2454599.93373 18.1337  0.0410 4.80 1138.0  524.61   33.43
2454600.66092 18.1692  0.0324 4.70  779.0  524.61   33.43
2454600.86959 18.1722  0.0304 3.80  993.0  524.61   33.43
2454601.66345 18.1812  0.0356 4.35  931.0  524.61   33.43
2454601.87967 18.2281  0.0307 3.78  791.0  524.61   33.43
2454602.65603 18.1473  0.0298 3.98  883.0  524.61   33.43
2454602.87193 18.2075  0.0303 3.77  877.0  524.61   33.43
2454603.86736 18.2415  0.0463 5.39 1020.0  524.61   33.43
2454606.66379 18.2982  0.0426 4.44 1315.0  524.61   33.43
2454606.91557 18.2201  0.0421 3.88 1541.0  524.61   33.43
2454610.75709 18.1600  0.0357 4.23 1095.0  524.61   33.43
2454611.64266 18.2055  0.0425 4.75 1040.0  524.61   33.43
2454611.79144 18.1400  0.0368 4.51 1109.0  524.61   33.43
2454612.66417 18.1250  0.0395 4.68 1134.0  524.61   33.43
2454615.80649 18.1855  0.0408 5.29  921.0  524.61   33.43
2454616.61815 18.2515  0.0389 4.62  949.0  524.61   33.43
2454616.83443 18.2677  0.0433 5.31  880.0  524.61   33.43
2454617.69205 18.1663  0.0299 3.94  841.0  524.61   33.43
2454618.62675 18.2455  0.0404 5.18  883.0  524.61   33.43
2454622.64030 18.1564  0.0370 4.53  891.0  524.61   33.43
2454622.82516 18.1940  0.0439 5.73  932.0  524.61   33.43
2454623.68691 18.0986  0.0373 5.33  815.0  524.61   33.43
2454623.88451 18.1834  0.0606 6.76 1203.0  524.61   33.43
2454624.60543 18.0923  0.0449 5.95 1045.0  524.61   33.43
2454624.82837 18.1178  0.0378 5.07  894.0  524.61   33.43
2454624.89744 18.1265  0.0422 5.30  976.0  524.61   33.43
2454625.61874 18.0974  0.0431 6.02  866.0  524.61   33.43
2454625.83815 18.1972  0.0454 5.51  982.0  524.61   33.43
2454625.92672 18.0740  0.0475 5.91 1101.0  524.61   33.43
2454626.63943 18.1372  0.0439 6.21  831.0  524.61   33.43
2454626.90759 18.2846  0.0508 5.58 1023.0  524.61   33.43
2454627.57741 18.2519  0.0394 4.80  948.0  524.61   33.43
2454627.86682 18.1793  0.0303 4.00  770.0  524.61   33.43
2454628.58432 18.1644  0.0392 5.11  919.0  524.61   33.43
2454628.77410 18.2471  0.0444 5.61  835.0  524.61   33.43
2454628.83641 18.1573  0.0434 5.92  834.0  524.61   33.43
2454628.91062 18.1598  0.0420 5.11  999.0  524.61   33.43
2454629.64717 18.2392  0.0351 4.35  763.0  524.61   33.43
2454629.85485 18.2477  0.0388 4.44  990.0  524.61   33.43
2454630.58224 18.2187  0.0384 4.42  939.0  524.61   33.43
2454630.79801 18.2806  0.0361 4.55  926.0  524.61   33.43
2454630.86752 18.1532  0.0395 4.97  980.0  524.61   33.43
2454631.60774 18.1755  0.0334 4.54  883.0  524.61   33.43
2454631.80643 18.2783  0.0343 4.07  933.0  524.61   33.43
2454631.88179 18.1336  0.0361 4.22 1142.0  524.61   33.43
2454632.58688 18.2848  0.0380 4.15 1024.0  524.61   33.43
2454633.58392 18.2068  0.0387 4.36 1136.0  524.61   33.43
2454633.69488 18.1989  0.0329 3.99  994.0  524.61   33.43
2454633.81989 18.2144  0.0381 3.95 1120.0  524.61   33.43
2454638.76835 18.2797  0.0459 4.93 1189.0  524.61   33.43
2454638.87909 18.2861  0.0635 5.51 1733.0  524.61   33.43
2454639.59194 18.3244  0.0448 4.45 1189.0  524.61   33.43
2454639.68953 18.2012  0.0390 4.48 1151.0  524.61   33.43
2454640.61014 18.3085  0.0442 5.15  906.0  524.61   33.43
2454640.74199 18.2458  0.0382 5.20  836.0  524.61   33.43
2454641.68567 18.2290  0.0462 5.60  936.0  524.61   33.43
2454641.79775 18.2629  0.0451 5.23  986.0  524.61   33.43
2454642.60816 18.1775  0.0351 4.54  890.0  524.61   33.43
2454642.77030 18.2601  0.0415 5.10  885.0  524.61   33.43
2454642.84947 18.2425  0.0477 4.94 1222.0  524.61   33.43
2454643.56739 18.3169  0.0490 5.54  859.0  524.61   33.43
2454644.61588 18.1925  0.0415 5.38  866.0  524.61   33.43
2454644.88546 18.2121  0.0432 5.29  934.0  524.61   33.43
2454645.54626 18.0895  0.0456 5.53 1196.0  524.61   33.43
2454645.79397 18.2544  0.0473 5.30  978.0  524.61   33.43
2454645.85945 18.0991  0.0469 5.57 1233.0  524.61   33.43
2454646.54127 18.1891  0.0346 4.26 1016.0  524.61   33.43
2454646.86701 18.3325  0.0497 4.63 1210.0  524.61   33.43
2454647.53758 18.2755  0.0461 4.47 1284.0  524.61   33.43
2454647.75380 18.1852  0.0440 4.95 1000.0  524.61   33.43
2454647.77799 18.1555  0.0402 4.60  993.0  524.61   33.43
2454648.53465 18.2699  0.0498 5.17 1064.0  524.61   33.43
2454648.78854 18.1912  0.0438 5.26  907.0  524.61   33.43
2454648.86317 18.3767  0.0640 5.81 1214.0  524.61   33.43
2454649.54489 18.1472  0.0394 5.03  977.0  524.61   33.43
2454649.77122 18.2655  0.0352 3.93  882.0  524.61   33.43
2454650.54604 18.3244  0.0459 4.56 1195.0  524.61   33.43
2454650.80915 18.2383  0.0428 4.95  905.0  524.61   33.43
2454651.52947 18.1823  0.0436 4.88 1096.0  524.61   33.43
2454652.52092 18.2476  0.0448 4.79 1152.0  524.61   33.43
2454652.73514 18.2225  0.0383 4.73  878.0  524.61   33.43
2454652.85892 18.2434  0.0560 6.02 1168.0  524.61   33.43
2454653.51660 18.3033  0.0535 5.59 1138.0  524.61   33.43
2454653.73581 18.3065  0.0424 4.70 1008.0  524.61   33.43
2454654.55569 18.2436  0.0468 5.86  900.0  524.61   33.43
2454654.77025 18.2065  0.0446 5.36  998.0  524.61   33.43
2454655.51643 18.3803  0.0570 5.30 1273.0  524.61   33.43
2454655.74101 18.2421  0.0367 4.52  850.0  524.61   33.43
2454656.51836 18.1066  0.0331 4.49  910.0  524.61   33.43
2454656.70825 18.2845  0.0422 4.13 1034.0  524.61   33.43
2454656.82751 18.3290  0.0604 5.21 1483.0  524.61   33.43
2454657.74677 18.2154  0.0555 6.62  951.0  524.61   33.43
2454658.67697 18.2706  0.0480 5.49  985.0  524.61   33.43
2454660.62926 18.3025  0.0471 5.12 1021.0  524.61   33.43
2454661.50644 18.3132  0.0464 4.66 1382.0  524.61   33.43
2454661.70714 18.2502  0.0562 5.90 1171.0  524.61   33.43
2454661.77414 18.2695  0.0517 4.81 1326.0  524.61   33.43
2454665.67404 18.2280  0.0501 4.70 1772.0  524.61   33.43
2454666.57939 18.2995  0.0412 4.19 1251.0  524.61   33.43
2454666.68033 18.2674  0.0431 4.71 1172.0  524.61   33.43
2454666.72258 18.3166  0.0516 5.16 1219.0  524.61   33.43
2454666.79491 18.3311  0.0619 5.59 1380.0  524.61   33.43
2454667.51324 18.1664  0.0591 6.70 1228.0  524.61   33.43
2454670.54967 18.1753  0.0505 6.65  874.0  524.61   33.43
2454671.59953 18.2892  0.0325 4.23  728.0  524.61   33.43
2454671.77166 18.2869  0.0488 5.76  931.0  524.61   33.43
2454672.52540 18.2694  0.0340 4.18  880.0  524.61   33.43
2454672.67558 18.2306  0.0333 4.28  831.0  524.61   33.43
2454672.76077 18.2559  0.0486 5.29 1087.0  524.61   33.43
2454674.53121 18.3095  0.0497 5.70  875.0  524.61   33.43
2454674.72137 18.2916  0.0444 5.18  875.0  524.61   33.43
2454675.77055 18.4024  0.0526 4.77 1047.0  524.61   33.43
2454677.50477 18.2686  0.0382 4.22 1021.0  524.61   33.43
2454677.58870 18.1835  0.0394 5.18  788.0  524.61   33.43
2454677.74426 18.3421  0.0617 6.93  888.0  524.61   33.43
2454679.64358 18.1456  0.0415 5.86  779.0  524.61   33.43
2454681.54615 18.2119  0.0416 5.36  841.0  524.61   33.43
2454681.64618 18.3195  0.0429 5.62  749.0  524.61   33.43
2454681.73644 18.1788  0.0345 4.30  904.0  524.61   33.43
2454682.57075 18.1802  0.0389 4.91  899.0  524.61   33.43
2454682.67447 18.2821  0.0374 4.44  778.0  524.61   33.43
2454682.76962 18.1900  0.0428 5.16  957.0  524.61   33.43
2454683.53582 18.2160  0.0452 5.11 1032.0  524.61   33.43
2454683.72443 18.3240  0.0488 5.61  852.0  524.61   33.43
2454684.52837 18.3115  0.0378 3.76 1115.0  524.61   33.43
2454684.69979 18.2294  0.0401 4.91  861.0  524.61   33.43
2454685.47100 18.1204  0.0659 6.55 1543.0  524.61   33.43
2454685.74853 18.2134  0.0477 5.44 1047.0  524.61   33.43
2454686.51713 18.2265  0.0398 4.32  963.0  524.61   33.43
2454687.52043 18.2883  0.0445 5.10  886.0  524.61   33.43
2454687.75638 18.2074  0.0454 5.24 1030.0  524.61   33.43
2454688.51376 18.3018  0.0434 4.77  950.0  524.61   33.43
2454688.70349 18.2876  0.0430 4.73  911.0  524.61   33.43
2454693.56145 18.1151  0.0406 4.08 1738.0  524.61   33.43
2454694.62257 18.1938  0.0563 6.30 1194.0  524.61   33.43
2454697.51720 18.3169  0.0411 4.56  887.0  524.61   33.43
2454698.52262 18.2959  0.0337 3.91  836.0  524.61   33.43
2454699.52083 18.2562  0.0401 4.71  939.0  524.61   33.43
2454700.52523 18.3138  0.0382 4.10  909.0  524.61   33.43
2454701.52048 18.3008  0.0456 4.91  989.0  524.61   33.43
2454702.53671 18.2845  0.0408 5.09  843.0  524.61   33.43
2454703.60420 18.2690  0.0418 5.31  847.0  524.61   33.43
2454704.65957 18.3700  0.0481 5.28  857.0  524.61   33.43
2454705.56735 18.2792  0.0437 5.49  856.0  524.61   33.43
2454707.61603 18.2867  0.0422 5.27  805.0  524.61   33.43
2454708.56789 18.2652  0.0452 6.08  828.0  524.61   33.43
2454709.53200 18.1878  0.0522 6.26  970.0  524.61   33.43
2454710.57272 18.5096  0.0560 5.29  930.0  524.61   33.43
2454715.60703 18.2656  0.0556 6.62 1000.0  524.61   33.43
2454716.60465 18.3763  0.0639 5.06 1745.0  524.61   33.43
2454720.52242 18.3270  0.0566 5.57 1213.0  524.61   33.43
2454721.52266 18.2110  0.0556 6.01 1250.0  524.61   33.43
2454722.48816 18.2467  0.0577 6.48 1136.0  524.61   33.43
2454724.52520 18.3174  0.0588 5.63 1182.0  524.61   33.43
2454725.50386 18.1989  0.0478 5.13 1145.0  524.61   33.43
2454726.48404 18.1148  0.0554 6.74 1034.0  524.61   33.43
2454728.61773 18.3358  0.0642 6.15 1115.0  524.61   33.43
2454729.48545 18.3122  0.0577 6.28 1029.0  524.61   33.43
2454730.48684 18.2194  0.0433 5.09  995.0  524.61   33.43
2454731.59378 18.3222  0.0542 5.86  877.0  524.61   33.43
2454733.54226 18.4361  0.0527 5.16  873.0  524.61   33.43
2454734.57159 18.4130  0.0558 5.46  955.0  524.61   33.43
2454740.57312 18.2313  0.0531 6.05 1000.0  524.61   33.43
2454753.56415 18.3082  0.0634 6.28 1256.0  524.61   33.43
2454758.52988 18.3002  0.0517 4.58 1215.0  524.61   33.43
2454869.86582 18.4554  0.0524 4.81 1079.0  524.61   33.43
2454872.85819 18.4609  0.0825 6.50 1510.0  524.61   33.43
2454873.87995 18.3339  0.0460 4.37 1246.0  524.61   33.43
2454875.87980 18.3826  0.0501 5.08 1080.0  524.61   33.43
2454878.85390 18.4404  0.0611 4.98 1375.0  524.61   33.43
2454884.87057 18.3519  0.0447 5.21 1067.0  524.61   33.43
2454887.84298 18.3514  0.0401 4.65  960.0  524.61   33.43
2454890.89847 18.2153  0.0405 5.04 1002.0  524.61   33.43
2454896.89016 18.3317  0.0442 5.11  850.0  524.61   33.43
2454899.85794 18.3448  0.0417 4.55  984.0  524.61   33.43
2454901.78752 18.4489  0.0556 4.43 1311.0  524.61   33.43
2454903.78321 18.3613  0.0510 4.93 1190.0  524.61   33.43
2454905.83153 18.3518  0.0512 5.12 1059.0  524.61   33.43
2454910.82950 18.3959  0.0520 4.11 1662.0  524.61   33.43
2454911.86644 18.3662  0.0380 4.80  760.0  524.61   33.43
2454913.88003 18.4305  0.0403 5.06  791.0  524.61   33.43
2454916.92097 18.3332  0.0508 4.20 1731.0  524.61   33.43
2454921.72882 18.4055  0.0538 5.66  945.0  524.61   33.43
2454924.92455 18.1672  0.0631 6.59 2045.0  524.61   33.43
2454925.83193 18.4426  0.0409 4.44  850.0  524.61   33.43
2454926.70878 18.3195  0.0462 4.65 1175.0  524.61   33.43
2454927.73179 18.4999  0.0596 4.97 1107.0  524.61   33.43
2454927.88646 18.3342  0.0502 5.71  917.0  524.61   33.43
2454928.78022 18.4197  0.0470 4.98  945.0  524.61   33.43
2454929.72687 18.2861  0.0506 5.31 1159.0  524.61   33.43
2454930.71886 18.3991  0.0464 4.26 1302.0  524.61   33.43
2454930.86671 18.4394  0.0567 5.61 1153.0  524.61   33.43
2454931.76301 18.3508  0.0498 4.75 1169.0  524.61   33.43
2454932.69714 18.4850  0.0491 3.74 1363.0  524.61   33.43
2454932.89595 18.3954  0.0488 5.41 1154.0  524.61   33.43
2454933.71300 18.1902  0.0478 5.10 1343.0  524.61   33.43
2454933.89071 18.3795  0.0514 5.03 1159.0  524.61   33.43
2454934.81166 18.1639  0.0480 4.57 1611.0  524.61   33.43
2454938.71258 18.3712  0.0463 4.97 1029.0  524.61   33.43
2454939.67341 18.2602  0.0486 5.64  963.0  524.61   33.43
2454940.67339 18.2553  0.0449 5.02  994.0  524.61   33.43
2454940.85107 18.2926  0.0525 6.37  933.0  524.61   33.43
2454941.86749 18.4804  0.0550 7.01  838.0  524.61   33.43
2454942.68989 18.4996  0.0498 4.94  916.0  524.61   33.43
2454942.76186 18.3265  0.0368 4.33  782.0  524.61   33.43
2454943.70220 18.4715  0.0420 4.54  777.0  524.61   33.43
2454943.85907 18.2712  0.0360 5.04  811.0  524.61   33.43
2454944.71364 18.3261  0.0382 4.37  838.0  524.61   33.43
2454944.86825 18.3968  0.0364 4.99  764.0  524.61   33.43
2454945.65882 18.3296  0.0482 4.85 1017.0  524.61   33.43
2454946.68144 18.3954  0.0403 4.03  862.0  524.61   33.43
2454947.67227 18.3090  0.0365 4.29  803.0  524.61   33.43
2454948.65189 18.4257  0.0583 5.29 1037.0  524.61   33.43
2454949.83215 18.3302  0.0355 5.07  837.0  524.61   33.43
2454950.64266 18.3803  0.0453 4.61  913.0  524.61   33.43
2454951.80633 18.2862  0.0412 5.74  911.0  524.61   33.43
2454952.66233 18.4011  0.0414 4.82  787.0  524.61   33.43
2454953.67574 18.3501  0.0408 4.32  919.0  524.61   33.43
2454954.65441 18.2885  0.0426 4.60  898.0  524.61   33.43
2454954.72054 18.3269  0.0396 4.50  769.0  524.61   33.43
2454955.65517 18.4320  0.0522 4.95 1016.0  524.61   33.43
2454955.82356 18.2193  0.0386 5.01  864.0  524.61   33.43
