2452127.52769 14.7938  0.0036 6.43  925.0  323.81  292.14
2452130.56029 14.7838  0.0029 4.22  726.0  323.81  292.14
2452133.56998 14.7753  0.0029 4.28  712.0  323.81  292.14
2452136.69122 14.7779  0.0030 5.34  630.0  323.81  292.14
2452141.68121 14.7784  0.0033 5.82  892.0  323.81  292.14
2452172.57154 14.7811  0.0033 5.34  874.0  323.81  292.14
2452189.55612 14.7983  0.0035 6.37  921.0  323.81  292.14
2452214.53877 14.7871  0.0038 5.94 1582.0  323.81  292.14
2452337.86806 14.7891  0.0029 3.27 1068.0  323.81  292.14
2452352.89025 14.7838  0.0034 5.49  836.0  323.81  292.14
2452361.88404 14.7772  0.0031 4.05  910.0  323.81  292.14
2452373.83487 14.7826  0.0032 5.21  710.0  323.81  292.14
2452384.85026 14.7771  0.0031 4.15  834.0  323.81  292.14
2452388.86918 14.7777  0.0030 3.87  754.0  323.81  292.14
2452390.88808 14.7898  0.0032 4.04 1184.0  323.81  292.14
2452397.68166 14.7773  0.0031 4.59 1066.0  323.81  292.14
2452401.86941 14.7762  0.0031 3.86  896.0  323.81  292.14
2452404.68475 14.7792  0.0030 4.12  697.0  323.81  292.14
2452406.83289 14.7756  0.0032 4.60  757.0  323.81  292.14
2452416.81009 14.7775  0.0032 4.64  785.0  323.81  292.14
2452424.90155 14.7711  0.0042 6.73 1208.0  323.81  292.14
2452428.89288 14.7661  0.0035 5.96  839.0  323.81  292.14
2452433.61849 14.7786  0.0033 5.55  967.0  323.81  292.14
2452434.90716 14.7723  0.0036 5.95 1047.0  323.81  292.14
2452436.89437 14.7660  0.0033 4.55  987.0  323.81  292.14
2452438.84346 14.7715  0.0032 4.80  763.0  323.81  292.14
2452440.85605 14.7789  0.0034 5.02  877.0  323.81  292.14
2452441.79514 14.7774  0.0027 4.22  727.0  323.81  292.14
2452444.85811 14.7713  0.0035 5.54  939.0  323.81  292.14
2452445.71609 14.7719  0.0031 4.01  739.0  323.81  292.14
2452448.75931 14.7733  0.0042 4.29 4030.0  323.81  292.14
2452454.66498 14.7740  0.0028 3.93 1085.0  323.81  292.14
2452460.68524 14.7811  0.0032 4.77  665.0  323.81  292.14
2452463.62517 14.7797  0.0030 4.10  673.0  323.81  292.14
2452466.53715 14.7813  0.0029 3.79  716.0  323.81  292.14
2452468.78668 14.7810  0.0031 4.40  842.0  323.81  292.14
2452470.77009 14.7712  0.0031 5.08  559.0  323.81  292.14
2452472.80573 14.7492  0.0016 4.47  597.0  323.81  292.14
2452481.63951 14.7815  0.0048 6.37 3195.0  323.81  292.14
2452484.70155 14.7862  0.0036 6.12  669.0  323.81  292.14
2452487.65186 14.7844  0.0037 6.67  632.0  323.81  292.14
2452491.53112 14.7781  0.0035 6.36  682.0  323.81  292.14
2452493.72736 14.7776  0.0024 5.54  749.0  323.81  292.14
2452496.56800 14.7769  0.0028 3.41  588.0  323.81  292.14
2452498.60880 14.7793  0.0028 3.21  651.0  323.81  292.14
2452500.63223 14.7816  0.0029 3.53  680.0  323.81  292.14
2452502.65031 14.7790  0.0033 4.95 1071.0  323.81  292.14
2452510.54985 14.7734  0.0029 3.92 1174.0  323.81  292.14
2452516.70359 14.7839  0.0037 6.28 1108.0  323.81  292.14
2452518.68819 14.7971  0.0034 6.17  685.0  323.81  292.14
2452521.67973 14.7759  0.0032 5.14  785.0  323.81  292.14
2452529.53438 14.7808  0.0031 4.63  836.0  323.81  292.14
2452538.58421 14.7829  0.0032 4.24 1073.0  323.81  292.14
2452543.48307 14.7783  0.0030 4.02 1042.0  323.81  292.14
2452548.53819 14.7851  0.0033 5.34  852.0  323.81  292.14
2452552.57422 14.7798  0.0032 5.15  892.0  323.81  292.14
2452557.53790 14.7787  0.0030 3.95  812.0  323.81  292.14
2452564.53834 14.7837  0.0032 4.23 1288.0  323.81  292.14
2452584.50520 14.7808  0.0036 4.98 1767.0  323.81  292.14
2452709.85941 14.7628  0.0027 3.45  738.0  323.81  292.14
2452719.89252 14.7561  0.0031 3.82 1047.0  323.81  292.14
2452729.91781 14.7480  0.0033 4.44 1091.0  323.81  292.14
2452734.89111 14.7429  0.0030 4.03  769.0  323.81  292.14
2452747.77502 14.7412  0.0037 5.89 1171.0  323.81  292.14
2452754.78550 14.7344  0.0030 4.29  711.0  323.81  292.14
2452757.86854 14.7317  0.0034 5.38 1038.0  323.81  292.14
2452763.81798 14.7167  0.0029 3.84  892.0  323.81  292.14
2452767.89772 14.7179  0.0033 4.59 1060.0  323.81  292.14
2452775.84297 14.7097  0.0058 5.22 8967.0  323.81  292.14
2452783.89362 14.6966  0.0029 3.66  829.0  323.81  292.14
2452785.71716 14.6959  0.0030 4.23  790.0  323.81  292.14
2452787.81569 14.6868  0.0030 4.19  872.0  323.81  292.14
2452790.64736 14.6828  0.0024 3.37  693.0  323.81  292.14
2452793.71005 14.6881  0.0024 6.41  636.0  323.81  292.14
2452795.67507 14.6686  0.0024 4.61  646.0  323.81  292.14
2452797.68034 14.6719  0.0028 3.39  647.0  323.81  292.14
2452809.80613 14.6413  0.0030 3.82  991.0  323.81  292.14
2452811.72304 14.6352  0.0032 5.01  882.0  323.81  292.14
2452812.85044 14.6284  0.0029 4.47  849.0  323.81  292.14
2452814.78825 14.6259  0.0030 4.15  763.0  323.81  292.14
2452816.67799 14.6157  0.0028 3.84  575.0  323.81  292.14
2452818.68668 14.6103  0.0028 4.06  709.0  323.81  292.14
2452819.82518 14.6081  0.0029 3.96 1006.0  323.81  292.14
2452821.73996 14.5943  0.0028 3.67  728.0  323.81  292.14
2452829.81513 14.5584  0.0030 5.28  913.0  323.81  292.14
2452835.71596 14.5306  0.0028 3.78 1043.0  323.81  292.14
2452837.72960 14.5118  0.0030 5.36 1038.0  323.81  292.14
2452839.78995 14.5123  0.0028 4.43  875.0  323.81  292.14
2452841.81281 14.4953  0.0027 4.40  986.0  323.81  292.14
2452843.73711 14.4801  0.0022 4.51  828.0  323.81  292.14
2452845.72282 14.4727  0.0028 5.20  622.0  323.81  292.14
2452850.66919 14.4344  0.0026 4.35  774.0  323.81  292.14
2452852.63010 14.4279  0.0030 5.84  880.0  323.81  292.14
2452854.62715 14.3946  0.0026 5.11  767.0  323.81  292.14
2452857.53434 14.3785  0.0026 4.57  969.0  323.81  292.14
2452862.72782 14.3364  0.0026 4.31 1397.0  323.81  292.14
2452865.59822 14.2974  0.0024 4.28  874.0  323.81  292.14
2452868.63377 14.2637  0.0023 3.84  737.0  323.81  292.14
2452871.71776 14.2384  0.0022 4.01  775.0  323.81  292.14
2452877.48299 14.1776  0.0024 5.00  816.0  323.81  292.14
2452879.68396 14.1546  0.0025 6.45  645.0  323.81  292.14
2452885.53880 14.1067  0.0024 5.61  883.0  323.81  292.14
2452894.55424 14.0392  0.0021 4.17 1041.0  323.81  292.14
2452898.56254 14.0288  0.0023 5.32  931.0  323.81  292.14
2452904.61951 14.0286  0.0020 5.85  788.0  323.81  292.14
2452910.55193 14.0450  0.0022 5.30  814.0  323.81  292.14
2452929.56345 14.2271  0.0025 5.26 1081.0  323.81  292.14
2453052.89439 14.7475  0.0030 3.54 1712.0  323.81  292.14
2453059.88825 14.7575  0.0028 3.95  712.0  323.81  292.14
2453064.89948 14.7610  0.0029 4.02  965.0  323.81  292.14
2453068.85257 14.7667  0.0029 4.31  730.0  323.81  292.14
2453071.90506 14.7595  0.0029 3.64 1006.0  323.81  292.14
2453074.79708 14.7626  0.0030 4.54  994.0  323.81  292.14
2453077.80585 14.7613  0.0043 5.60 4036.0  323.81  292.14
2453080.85350 14.7754  0.0029 3.72  945.0  323.81  292.14
2453083.80048 14.7696  0.0027 3.45  674.0  323.81  292.14
2453085.91161 14.7779  0.0028 3.81  878.0  323.81  292.14
2453087.84722 14.7642  0.0028 4.22  610.0  323.81  292.14
2453089.86794 14.7638  0.0028 4.27  681.0  323.81  292.14
2453091.86790 14.7674  0.0028 4.19  670.0  323.81  292.14
2453097.84666 14.7646  0.0029 4.40  650.0  323.81  292.14
2453099.87263 14.7733  0.0031 5.00  778.0  323.81  292.14
2453101.84572 14.7717  0.0032 5.05  861.0  323.81  292.14
2453102.87427 14.7713  0.0030 3.96  905.0  323.81  292.14
2453104.78986 14.7589  0.0039 3.76 4041.0  323.81  292.14
2453107.79693 14.7647  0.0029 3.63  862.0  323.81  292.14
2453108.82660 14.7739  0.0028 3.72  697.0  323.81  292.14
2453110.91642 14.7663  0.0030 4.62  790.0  323.81  292.14
2453112.87352 14.7630  0.0028 4.85  585.0  323.81  292.14
2453114.86835 14.7711  0.0029 4.48  742.0  323.81  292.14
2453116.85606 14.7763  0.0029 4.23  729.0  323.81  292.14
2453122.87187 14.7733  0.0035 6.48  726.0  323.81  292.14
2453125.93265 14.7743  0.0035 5.87 1042.0  323.81  292.14
2453126.82546 14.7719  0.0028 4.04  767.0  323.81  292.14
2453127.91150 14.7686  0.0029 4.10  729.0  323.81  292.14
2453128.90088 14.7645  0.0030 4.33  966.0  323.81  292.14
2453130.77838 14.7648  0.0031 4.76 1211.0  323.81  292.14
2453131.64376 14.7752  0.0037 5.68 1573.0  323.81  292.14
2453134.91385 14.7889  0.0055 6.28 4149.0  323.81  292.14
2453135.79875 14.7731  0.0027 3.67  970.0  323.81  292.14
2453137.85110 14.7735  0.0027 5.30  997.0  323.81  292.14
2453138.73589 14.7738  0.0030 4.43  680.0  323.81  292.14
2453140.70763 14.7677  0.0028 3.73  653.0  323.81  292.14
2453140.94145 14.7660  0.0039 4.86 2210.0  323.81  292.14
2453141.77265 14.7709  0.0029 4.52  525.0  323.81  292.14
2453142.84699 14.7730  0.0030 4.72  772.0  323.81  292.14
2453144.86495 14.7701  0.0029 4.23  734.0  323.81  292.14
2453146.93469 14.7733  0.0031 5.51  681.0  323.81  292.14
2453151.84025 14.7701  0.0030 5.78  580.0  323.81  292.14
2453152.83864 14.7759  0.0030 4.55  704.0  323.81  292.14
2453153.83717 14.7733  0.0031 5.12  830.0  323.81  292.14
2453154.92992 14.7790  0.0034 5.96  934.0  323.81  292.14
2453157.94292 14.7887  0.0036 6.51 1155.0  323.81  292.14
2453158.73130 14.7778  0.0030 4.51  981.0  323.81  292.14
2453162.87500 14.7652  0.0030 4.24 1085.0  323.81  292.14
2453163.83732 14.7710  0.0028 3.51  955.0  323.81  292.14
2453164.82307 14.7750  0.0030 4.56  743.0  323.81  292.14
2453165.67926 14.7731  0.0024 3.48  595.0  323.81  292.14
2453167.68587 14.7669  0.0029 5.04  597.0  323.81  292.14
2453168.83615 14.7641  0.0028 4.03  749.0  323.81  292.14
2453169.86622 14.7714  0.0029 4.55  812.0  323.81  292.14
2453170.89337 14.7724  0.0028 3.98  818.0  323.81  292.14
2453171.73622 14.7738  0.0026 3.65  642.0  323.81  292.14
2453173.82336 14.7726  0.0029 4.48  740.0  323.81  292.14
2453174.79063 14.7813  0.0028 3.49  924.0  323.81  292.14
2453175.87155 14.7689  0.0031 4.85  888.0  323.81  292.14
2453177.84724 14.7862  0.0038 7.07  942.0  323.81  292.14
2453179.59011 14.7783  0.0027 3.96  651.0  323.81  292.14
2453179.89196 14.7624  0.0030 4.74  794.0  323.81  292.14
2453180.80850 14.7725  0.0027 3.72  515.0  323.81  292.14
2453182.86872 14.7812  0.0029 4.36  790.0  323.81  292.14
2453183.83908 14.7801  0.0031 5.27  742.0  323.81  292.14
2453184.78320 14.7787  0.0029 4.33  727.0  323.81  292.14
2453185.63800 14.7813  0.0027 3.32  758.0  323.81  292.14
2453193.63331 14.7715  0.0028 4.02  654.0  323.81  292.14
2453194.53300 14.7859  0.0030 4.34 1134.0  323.81  292.14
2453194.82371 14.7873  0.0028 3.75  820.0  323.81  292.14
2453195.75692 14.7760  0.0027 3.69  718.0  323.81  292.14
2453196.60979 14.7889  0.0033 5.58  853.0  323.81  292.14
2453196.85257 14.7720  0.0029 4.58  788.0  323.81  292.14
2453197.79831 14.7758  0.0030 4.65  836.0  323.81  292.14
2453199.79855 14.7807  0.0035 7.00  680.0  323.81  292.14
2453201.84558 14.7694  0.0032 6.45  820.0  323.81  292.14
2453202.78938 14.7742  0.0029 4.71  669.0  323.81  292.14
2453203.61846 14.7837  0.0025 3.29  564.0  323.81  292.14
2453204.76656 14.7796  0.0028 4.03  675.0  323.81  292.14
2453205.69689 14.7735  0.0026 3.88  490.0  323.81  292.14
2453210.59408 14.7849  0.0027 4.35  774.0  323.81  292.14
2453211.76036 14.7785  0.0030 5.96  581.0  323.81  292.14
2453217.73626 14.7735  0.0031 4.52 1247.0  323.81  292.14
2453218.74723 14.7962  0.0034 5.48 1232.0  323.81  292.14
2453223.76596 14.7817  0.0036 7.04  736.0  323.81  292.14
2453226.73194 14.7913  0.0027 6.21  587.0  323.81  292.14
2453228.70178 14.7796  0.0031 5.85  593.0  323.81  292.14
2453229.73255 14.7975  0.0033 6.48  575.0  323.81  292.14
2453230.74843 14.7856  0.0032 6.59  550.0  323.81  292.14
2453231.67568 14.7759  0.0029 5.22  769.0  323.81  292.14
2453238.70025 14.7930  0.0033 6.44  639.0  323.81  292.14
2453240.55018 14.7943  0.0031 5.28  683.0  323.81  292.14
2453245.66210 14.7743  0.0030 5.25  883.0  323.81  292.14
2453247.52418 14.7847  0.0027 3.70  809.0  323.81  292.14
2453249.64346 14.7883  0.0031 4.89  831.0  323.81  292.14
2453251.53891 14.7896  0.0030 5.28  637.0  323.81  292.14
2453254.62047 14.7961  0.0032 6.13  552.0  323.81  292.14
2453257.55835 14.7732  0.0026 4.09  569.0  323.81  292.14
2453265.58743 14.7832  0.0029 4.61  668.0  323.81  292.14
2453267.61505 14.7881  0.0022 4.28  748.0  323.81  292.14
2453273.51902 14.7966  0.0036 6.01 1065.0  323.81  292.14
2453277.53342 14.7761  0.0030 4.34 1014.0  323.81  292.14
2453280.53528 14.7995  0.0032 6.62  571.0  323.81  292.14
2453289.53910 14.8021  0.0028 6.15  568.0  323.81  292.14
2453294.53440 14.7719  0.0021 5.02  420.0  323.81  292.14
2453296.53356 14.7970  0.0024 5.63  468.0  323.81  292.14
2453302.53068 14.7847  0.0037 6.87 1009.0  323.81  292.14
2453305.52869 14.7872  0.0031 4.95 1096.0  323.81  292.14
2453307.50066 14.8069  0.0042 7.14 1346.0  323.81  292.14
2453308.51122 14.7851  0.0036 6.59 1005.0  323.81  292.14
2453418.87328 14.7847  0.0027 4.38  711.0  323.81  292.14
2453424.85694 14.7781  0.0026 4.05  998.0  323.81  292.14
2453430.84045 14.7848  0.0026 4.28  781.0  323.81  292.14
2453436.88707 14.7866  0.0027 5.44  571.0  323.81  292.14
2453443.85819 14.7875  0.0024 3.23  688.0  323.81  292.14
2453445.88664 14.7842  0.0024 3.15  549.0  323.81  292.14
2453448.79321 14.7803  0.0026 4.52  681.0  323.81  292.14
2453450.81058 14.7731  0.0023 3.73  513.0  323.81  292.14
2453453.85397 14.7837  0.0026 3.90  816.0  323.81  292.14
2453458.88928 14.7880  0.0027 4.21  873.0  323.81  292.14
2453459.90448 14.7879  0.0026 3.52  824.0  323.81  292.14
2453468.88795 14.7781  0.0025 3.57  629.0  323.81  292.14
2453469.89067 14.7856  0.0024 3.15  582.0  323.81  292.14
2453472.87552 14.7837  0.0025 3.67  543.0  323.81  292.14
2453474.80918 14.7845  0.0026 4.47  528.0  323.81  292.14
2453476.78581 14.7900  0.0023 3.52  570.0  323.81  292.14
2453478.88115 14.7747  0.0025 3.84  573.0  323.81  292.14
2453480.89704 14.7796  0.0023 5.42  581.0  323.81  292.14
2453483.83159 14.7870  0.0026 3.71  727.0  323.81  292.14
2453496.93874 14.7786  0.0031 4.98 1218.0  323.81  292.14
2453497.91199 14.7752  0.0024 4.07  812.0  323.81  292.14
2453500.92103 14.7729  0.0025 4.15  693.0  323.81  292.14
2453502.90524 14.7690  0.0025 3.65  805.0  323.81  292.14
2453503.88677 14.7600  0.0016 3.57  648.0  323.81  292.14
2453508.92287 14.7865  0.0035 6.90  808.0  323.81  292.14
2453509.90563 14.7891  0.0024 3.23  676.0  323.81  292.14
2453511.92920 14.7723  0.0025 3.42  748.0  323.81  292.14
2453512.92238 14.7793  0.0031 6.15  876.0  323.81  292.14
2453520.68138 14.7857  0.0027 4.50  761.0  323.81  292.14
2453521.81213 14.7866  0.0027 4.07  764.0  323.81  292.14
2453522.87980 14.7792  0.0028 4.34  753.0  323.81  292.14
2453524.87101 14.7746  0.0026 3.82  811.0  323.81  292.14
2453527.73975 14.7846  0.0023 3.37  550.0  323.81  292.14
2453528.89860 14.7835  0.0028 4.59  816.0  323.81  292.14
2453530.87695 14.7880  0.0023 3.08  567.0  323.81  292.14
2453530.90832 14.7652  0.0021 3.37  662.0  323.81  292.14
2453538.86649 14.7825  0.0026 4.13  740.0  323.81  292.14
2453541.90064 14.7799  0.0028 4.55 1108.0  323.81  292.14
2453544.89810 14.7839  0.0033 4.66 2067.0  323.81  292.14
2453547.86545 14.7821  0.0030 5.80  857.0  323.81  292.14
2453550.84227 14.7780  0.0024 4.30  850.0  323.81  292.14
2453551.85434 14.7659  0.0027 4.96  688.0  323.81  292.14
2453554.85618 14.7825  0.0028 5.41  756.0  323.81  292.14
2453558.63762 14.7881  0.0025 3.99  534.0  323.81  292.14
2453559.64608 14.7887  0.0026 4.39  527.0  323.81  292.14
2453560.72240 14.7763  0.0026 4.28  519.0  323.81  292.14
2453561.64393 14.7867  0.0025 3.64  526.0  323.81  292.14
2453562.67728 14.7791  0.0025 3.78  538.0  323.81  292.14
2453563.74179 14.7813  0.0026 4.60  610.0  323.81  292.14
2453569.66968 14.8018  0.0036 6.07 1306.0  323.81  292.14
2453573.80011 14.7761  0.0029 4.99 1140.0  323.81  292.14
2453574.77231 14.7836  0.0029 4.95  861.0  323.81  292.14
2453575.71427 14.7852  0.0025 3.89  654.0  323.81  292.14
2453576.78089 14.7893  0.0029 5.44  659.0  323.81  292.14
2453578.75540 14.7840  0.0026 5.28  543.0  323.81  292.14
2453579.70394 14.7858  0.0025 4.43  441.0  323.81  292.14
2453581.75341 14.7851  0.0029 5.85  595.0  323.81  292.14
2453582.70235 14.7836  0.0025 4.26  538.0  323.81  292.14
2453583.72057 14.7974  0.0026 5.30  621.0  323.81  292.14
2453584.72452 14.7944  0.0026 5.06  525.0  323.81  292.14
2453585.72307 14.7920  0.0024 4.26  411.0  323.81  292.14
2453586.77710 14.7838  0.0024 4.16  630.0  323.81  292.14
2453590.76286 14.7825  0.0027 4.59  788.0  323.81  292.14
2453591.74796 14.7844  0.0024 3.80  580.0  323.81  292.14
2453592.72223 14.7892  0.0025 4.25  557.0  323.81  292.14
2453608.71091 14.7967  0.0028 5.76  519.0  323.81  292.14
2453615.66868 14.7902  0.0025 5.68  565.0  323.81  292.14
2453617.63694 14.7986  0.0030 6.31  563.0  323.81  292.14
2453619.62743 14.7835  0.0029 6.07  622.0  323.81  292.14
2453621.66908 14.7926  0.0027 5.26  618.0  323.81  292.14
2453629.55337 14.7861  0.0026 4.25  834.0  323.81  292.14
2453631.58220 14.7794  0.0028 3.96 1059.0  323.81  292.14
2453634.53798 14.7887  0.0025 4.12  585.0  323.81  292.14
2453640.54112 14.7844  0.0028 5.47  551.0  323.81  292.14
2453644.61644 14.7890  0.0027 5.09  752.0  323.81  292.14
2453649.59234 14.8028  0.0022 5.47  538.0  323.81  292.14
2453652.56635 14.7889  0.0031 4.98 1240.0  323.81  292.14
2453656.55910 14.7933  0.0030 4.71 1049.0  323.81  292.14
2453660.56327 14.7892  0.0029 4.59 1287.0  323.81  292.14
2453665.54956 14.7974  0.0029 4.86  978.0  323.81  292.14
2453671.50243 14.7970  0.0035 6.52 1027.0  323.81  292.14
2453778.85584 14.7845  0.0029 4.31 1282.0  323.81  292.14
2453783.89475 14.7853  0.0027 3.19 1603.0  323.81  292.14
