2452127.48669 16.4446  0.0134 6.62 1049.0  157.84  303.22
2452130.51956 16.4027  0.0088 3.97  786.0  157.84  303.22
2452133.53366 16.4292  0.0099 4.46  799.0  157.84  303.22
2452136.65488 16.4265  0.0104 5.27  752.0  157.84  303.22
2452141.64562 16.4433  0.0119 5.62 1031.0  157.84  303.22
2452165.56812 16.4134  0.0100 5.20  837.0  157.84  303.22
2452171.63511 16.4371  0.0114 6.11  920.0  157.84  303.22
2452179.52546 16.4064  0.0101 4.62 1129.0  157.84  303.22
2452189.52047 16.4221  0.0122 6.01 1076.0  157.84  303.22
2452212.54610 16.4340  0.0117 4.75 1552.0  157.84  303.22
2452214.50340 16.4042  0.0141 5.60 1691.0  157.84  303.22
2452337.83284 16.4036  0.0097 3.69 1241.0  157.84  303.22
2452352.85032 16.4138  0.0096 4.06  890.0  157.84  303.22
2452361.84479 16.4144  0.0103 4.29 1028.0  157.84  303.22
2452373.79956 16.4127  0.0104 5.02  813.0  157.84  303.22
2452464.78183 16.4138  0.0094 3.98  819.0  157.84  303.22
2452708.91333 16.4082  0.0124 4.47 2050.0  157.84  303.22
2452850.64544 16.3948  0.0100 4.22  870.0  157.84  303.22
2452858.77275 16.4192  0.0118 4.62 1513.0  157.84  303.22
2453059.86145 16.4190  0.0094 4.25  839.0  157.84  303.22
2453064.87656 16.4004  0.0097 4.36  957.0  157.84  303.22
2453068.82996 16.4062  0.0100 4.27 1009.0  157.84  303.22
2453071.88239 16.4166  0.0101 3.96 1051.0  157.84  303.22
2453073.88767 16.4142  0.0094 3.72 1041.0  157.84  303.22
2453075.90374 16.4071  0.0106 4.65 1085.0  157.84  303.22
2453080.81694 16.4184  0.0099 4.43 1130.0  157.84  303.22
2453083.76908 16.4054  0.0085 3.48  782.0  157.84  303.22
2453085.89141 16.4169  0.0085 3.70  724.0  157.84  303.22
2453087.79518 16.4238  0.0104 5.21  776.0  157.84  303.22
2453089.84273 16.4067  0.0080 3.26  743.0  157.84  303.22
2453091.89493 16.4083  0.0088 3.87  790.0  157.84  303.22
2453097.82326 16.4047  0.0092 4.19  838.0  157.84  303.22
2453099.90604 16.4098  0.0098 4.64  851.0  157.84  303.22
2453101.81120 16.3874  0.0096 4.09 1035.0  157.84  303.22
2453102.90592 16.4084  0.0099 3.95  966.0  157.84  303.22
2453104.76620 16.4359  0.0203 3.91 8435.0  157.84  303.22
2453107.89426 16.4221  0.0089 3.77  795.0  157.84  303.22
2453109.83519 16.4087  0.0089 3.61  814.0  157.84  303.22
2453110.92485 16.4281  0.0103 4.48 1024.0  157.84  303.22
2453112.90021 16.4032  0.0086 4.07  696.0  157.84  303.22
2453113.90791 16.3987  0.0088 4.55  718.0  157.84  303.22
2453114.83828 16.3983  0.0085 3.68  793.0  157.84  303.22
2453115.89871 16.4072  0.0087 3.58  810.0  157.84  303.22
2453116.87994 16.4107  0.0096 4.31  821.0  157.84  303.22
2453124.77568 16.4204  0.0124 6.53  908.0  157.84  303.22
2453126.71035 16.4053  0.0085 3.54  822.0  157.84  303.22
2453127.88885 16.4196  0.0097 3.94  880.0  157.84  303.22
2453128.87658 16.4314  0.0113 4.77 1189.0  157.84  303.22
2453130.75561 16.4082  0.0108 4.06 1366.0  157.84  303.22
2453131.72196 16.4314  0.0116 4.45 1383.0  157.84  303.22
2453134.89099 16.3948  0.0155 5.38 2685.0  157.84  303.22
2453137.77611 16.4054  0.0101 5.44  901.0  157.84  303.22
2453138.66169 16.4243  0.0106 5.01  881.0  157.84  303.22
2453139.94282 16.4092  0.0128 4.16 2395.0  157.84  303.22
2453142.82352 16.3968  0.0089 3.90  885.0  157.84  303.22
2453144.84060 16.3915  0.0090 4.02  810.0  157.84  303.22
2453146.90533 16.4226  0.0094 4.42  764.0  157.84  303.22
2453151.81468 16.4161  0.0108 5.75  729.0  157.84  303.22
2453152.81569 16.4285  0.0101 4.40  854.0  157.84  303.22
2453153.81433 16.4161  0.0113 5.50  926.0  157.84  303.22
2453154.90191 16.4242  0.0130 6.06 1058.0  157.84  303.22
2453156.87054 16.3996  0.0094 4.03  961.0  157.84  303.22
2453157.92799 16.4267  0.0110 5.02 1063.0  157.84  303.22
2453158.89336 16.4125  0.0130 5.67 1366.0  157.84  303.22
2453162.85200 16.4158  0.0101 3.94 1255.0  157.84  303.22
2453163.81111 16.4119  0.0090 3.52  996.0  157.84  303.22
2453164.79985 16.3983  0.0090 3.98  831.0  157.84  303.22
2453165.71680 16.4045  0.0077 3.32  686.0  157.84  303.22
2453167.66223 16.4299  0.0113 5.99  757.0  157.84  303.22
2453168.86433 16.4178  0.0097 4.27  928.0  157.84  303.22
2453169.83524 16.4068  0.0109 5.49  879.0  157.84  303.22
2453170.64857 16.4070  0.0083 4.05  662.0  157.84  303.22
2453171.78664 16.4246  0.0075 3.66  788.0  157.84  303.22
2453171.91222 16.4048  0.0100 4.74 1089.0  157.84  303.22
2453172.81096 16.3858  0.0077 4.13  801.0  157.84  303.22
2453173.85498 16.4247  0.0112 5.60  853.0  157.84  303.22
2453174.76743 16.4056  0.0087 3.54  924.0  157.84  303.22
2453175.81644 16.4067  0.0097 4.28  918.0  157.84  303.22
2453175.87776 16.4241  0.0103 4.64 1033.0  157.84  303.22
2453177.82448 16.4167  0.0115 5.83  969.0  157.84  303.22
2453179.56277 16.3981  0.0085 3.91  841.0  157.84  303.22
2453180.78256 16.3933  0.0086 4.02  621.0  157.84  303.22
2453182.84266 16.4063  0.0097 4.39  883.0  157.84  303.22
2453183.80171 16.4299  0.0112 5.46  814.0  157.84  303.22
2453184.50128 16.4242  0.0107 5.17 1040.0  157.84  303.22
2453184.62653 16.3992  0.0081 3.67  633.0  157.84  303.22
2453184.75666 16.4168  0.0092 4.08  808.0  157.84  303.22
2453184.85984 16.4023  0.0108 5.13  991.0  157.84  303.22
2453184.88424 16.4099  0.0138 6.55 1199.0  157.84  303.22
2453185.49608 16.4027  0.0120 5.25 1401.0  157.84  303.22
2453185.61220 16.4054  0.0089 3.63  945.0  157.84  303.22
2453185.68769 16.4115  0.0092 3.59  944.0  157.84  303.22
2453185.85172 16.4056  0.0099 4.16 1040.0  157.84  303.22
2453191.80740 16.3979  0.0094 4.16  938.0  157.84  303.22
2453193.60649 16.4117  0.0082 3.45  695.0  157.84  303.22
2453194.55699 16.4031  0.0114 4.93 1256.0  157.84  303.22
2453194.79945 16.3991  0.0094 4.27  848.0  157.84  303.22
2453195.55657 16.4078  0.0085 3.41  780.0  157.84  303.22
2453195.78272 16.4031  0.0082 3.36  814.0  157.84  303.22
2453196.75011 16.4003  0.0098 4.55  896.0  157.84  303.22
2453197.58073 16.4044  0.0093 4.24  765.0  157.84  303.22
2453199.68861 16.4167  0.0091 4.63  584.0  157.84  303.22
2453201.55110 16.4107  0.0077 4.67  786.0  157.84  303.22
2453202.67980 16.4011  0.0091 4.67  724.0  157.84  303.22
2453203.59563 16.4074  0.0077 3.11  649.0  157.84  303.22
2453204.63776 16.4092  0.0084 3.74  633.0  157.84  303.22
2453205.71879 16.4106  0.0082 3.97  603.0  157.84  303.22
2453206.78032 16.4316  0.0123 7.01  832.0  157.84  303.22
2453210.51086 16.4112  0.0096 4.90  941.0  157.84  303.22
2453211.66600 16.4247  0.0110 6.23  643.0  157.84  303.22
2453217.70686 16.4052  0.0099 4.00 1244.0  157.84  303.22
2453218.70591 16.4112  0.0126 5.85 1203.0  157.84  303.22
2453223.70988 16.4232  0.0118 6.02  838.0  157.84  303.22
2453224.75443 16.4114  0.0109 5.29 1036.0  157.84  303.22
2453226.68533 16.4430  0.0125 6.96  708.0  157.84  303.22
2453228.65579 16.4073  0.0103 5.44  685.0  157.84  303.22
2453230.72560 16.4234  0.0096 5.37  672.0  157.84  303.22
2453232.66255 16.4214  0.0108 5.95  690.0  157.84  303.22
2453238.67724 16.4037  0.0106 6.05  724.0  157.84  303.22
2453240.52642 16.4166  0.0094 4.37  845.0  157.84  303.22
2453241.70999 16.4277  0.0193 6.60 2605.0  157.84  303.22
2453245.61505 16.4138  0.0115 5.76 1017.0  157.84  303.22
2453247.50032 16.4110  0.0104 4.54 1064.0  157.84  303.22
2453249.60666 16.4182  0.0107 5.10  880.0  157.84  303.22
2453254.59881 16.4308  0.0119 6.35  741.0  157.84  303.22
2453257.51188 16.4032  0.0083 4.13  678.0  157.84  303.22
2453260.54807 16.4461  0.0131 6.77  847.0  157.84  303.22
2453265.53354 16.4167  0.0114 5.86  805.0  157.84  303.22
2453267.58422 16.3905  0.0093 4.20  990.0  157.84  303.22
2453274.54105 16.4222  0.0118 5.85  994.0  157.84  303.22
2453277.55616 16.4189  0.0099 4.69  953.0  157.84  303.22
2453280.55858 16.4623  0.0104 6.35  512.0  157.84  303.22
2453282.54205 16.4035  0.0080 3.93  594.0  157.84  303.22
2453289.51599 16.4698  0.0126 6.52  808.0  157.84  303.22
2453294.50702 16.4648  0.0116 6.35  658.0  157.84  303.22
2453296.54668 16.4197  0.0066 4.75  409.0  157.84  303.22
2453302.50639 16.4227  0.0128 6.59 1132.0  157.84  303.22
2453423.87809 16.4026  0.0077 4.20  632.0  157.84  303.22
2453427.87631 16.4209  0.0086 3.89  851.0  157.84  303.22
2453429.90453 16.4142  0.0108 5.16 1103.0  157.84  303.22
2453436.86407 16.4433  0.0113 6.36  729.0  157.84  303.22
2453443.81686 16.4105  0.0081 4.23  717.0  157.84  303.22
2453445.85990 16.4154  0.0079 3.76  672.0  157.84  303.22
2453447.90836 16.4285  0.0090 4.19  794.0  157.84  303.22
2453450.78795 16.4021  0.0078 4.17  642.0  157.84  303.22
2453453.82774 16.3999  0.0089 4.10  960.0  157.84  303.22
2453455.89334 16.4086  0.0095 4.28 1017.0  157.84  303.22
2453456.91761 16.3905  0.0088 3.79 1108.0  157.84  303.22
2453457.89067 16.4127  0.0084 3.97  787.0  157.84  303.22
2453459.88157 16.3990  0.0083 3.62  933.0  157.84  303.22
2453468.93195 16.4183  0.0138 4.16 3198.0  157.84  303.22
2453470.92305 16.4022  0.0090 4.05  901.0  157.84  303.22
2453472.85240 16.4048  0.0080 3.83  663.0  157.84  303.22
2453473.91448 16.4145  0.0096 4.94  733.0  157.84  303.22
2453474.92087 16.4057  0.0092 4.67  750.0  157.84  303.22
2453475.91200 16.4008  0.0078 3.44  686.0  157.84  303.22
2453477.93186 16.4252  0.0122 4.70 1735.0  157.84  303.22
2453479.79834 16.4126  0.0071 3.73  573.0  157.84  303.22
2453482.93450 16.4066  0.0100 4.06 1430.0  157.84  303.22
2453496.78608 16.3827  0.0090 4.56  887.0  157.84  303.22
2453497.88736 16.4100  0.0094 4.81  879.0  157.84  303.22
2453499.85005 16.3889  0.0072 3.53  664.0  157.84  303.22
2453500.86746 16.4111  0.0083 3.86  768.0  157.84  303.22
2453502.68487 16.4199  0.0083 4.17  765.0  157.84  303.22
2453503.83591 16.4087  0.0082 3.86  698.0  157.84  303.22
2453506.79805 16.3963  0.0089 4.80  689.0  157.84  303.22
2453508.89951 16.4166  0.0111 5.87  938.0  157.84  303.22
2453509.69766 16.4115  0.0088 4.63  694.0  157.84  303.22
2453511.87680 16.4012  0.0084 3.54  977.0  157.84  303.22
2453512.89183 16.4124  0.0094 3.95 1151.0  157.84  303.22
2453517.77417 16.4118  0.0098 4.34 1245.0  157.84  303.22
2453520.88581 16.4177  0.0098 4.59  927.0  157.84  303.22
2453521.70154 16.4080  0.0080 4.13  792.0  157.84  303.22
2453522.80714 16.4269  0.0092 4.38  749.0  157.84  303.22
2453523.84134 16.4151  0.0087 4.41  762.0  157.84  303.22
2453524.84629 16.4272  0.0084 4.02  866.0  157.84  303.22
2453525.91682 16.4023  0.0091 4.19  956.0  157.84  303.22
2453528.62014 16.4117  0.0087 4.50  676.0  157.84  303.22
2453530.83982 16.4019  0.0066 3.14  653.0  157.84  303.22
2453538.73332 16.4092  0.0081 3.94  761.0  157.84  303.22
2453540.78964 16.3986  0.0083 3.73  917.0  157.84  303.22
2453544.80452 16.4200  0.0103 4.24 1331.0  157.84  303.22
2453547.79965 16.4487  0.0112 5.68  845.0  157.84  303.22
2453550.81638 16.4151  0.0079 4.11  841.0  157.84  303.22
2453551.80774 16.3841  0.0085 4.85  667.0  157.84  303.22
2453552.82683 16.4185  0.0098 5.09  805.0  157.84  303.22
2453553.81336 16.4363  0.0126 6.40 1001.0  157.84  303.22
2453554.83209 16.4263  0.0114 6.16  833.0  157.84  303.22
2453555.82220 16.3923  0.0107 5.97  849.0  157.84  303.22
2453556.73058 16.4223  0.0101 5.75  612.0  157.84  303.22
2453558.61460 16.4129  0.0092 4.80  639.0  157.84  303.22
2453559.62299 16.4013  0.0081 4.19  600.0  157.84  303.22
2453560.66490 16.4151  0.0074 3.08  570.0  157.84  303.22
2453561.60080 16.4068  0.0084 3.74  720.0  157.84  303.22
2453562.65397 16.4059  0.0077 3.75  641.0  157.84  303.22
2453563.70552 16.4195  0.0087 4.51  616.0  157.84  303.22
2453564.53993 16.4077  0.0115 6.21  876.0  157.84  303.22
2453569.64598 16.4152  0.0147 5.16 2469.0  157.84  303.22
2453573.75657 16.3865  0.0100 4.68 1099.0  157.84  303.22
2453574.74952 16.3946  0.0096 4.49  963.0  157.84  303.22
2453575.69134 16.4023  0.0079 3.61  707.0  157.84  303.22
2453576.75777 16.4133  0.0089 4.64  740.0  157.84  303.22
2453577.79571 16.4076  0.0090 5.15  693.0  157.84  303.22
2453578.73239 16.4070  0.0084 4.76  576.0  157.84  303.22
2453579.67774 16.4128  0.0082 4.50  576.0  157.84  303.22
2453580.71735 16.4208  0.0106 5.79  739.0  157.84  303.22
2453581.73053 16.3975  0.0086 4.86  618.0  157.84  303.22
2453582.67951 16.3895  0.0075 3.61  615.0  157.84  303.22
2453583.69762 16.4132  0.0094 5.25  658.0  157.84  303.22
2453584.70159 16.4387  0.0096 5.69  599.0  157.84  303.22
2453585.69982 16.4125  0.0078 4.38  489.0  157.84  303.22
2453586.75427 16.3918  0.0079 4.31  670.0  157.84  303.22
2453588.77625 16.4131  0.0097 5.67  748.0  157.84  303.22
2453589.74356 16.4155  0.0097 5.57  715.0  157.84  303.22
2453590.73982 16.4222  0.0090 4.30  796.0  157.84  303.22
2453591.71496 16.4081  0.0075 3.92  627.0  157.84  303.22
2453592.74818 16.4036  0.0088 4.71  754.0  157.84  303.22
2453601.71603 16.3964  0.0100 5.01 1189.0  157.84  303.22
2453602.71647 16.4019  0.0105 5.02 1268.0  157.84  303.22
2453603.71145 16.4165  0.0099 5.48  828.0  157.84  303.22
2453607.69525 16.3968  0.0098 5.92  689.0  157.84  303.22
2453609.52305 16.4237  0.0093 5.33  605.0  157.84  303.22
2453615.64176 16.3971  0.0087 4.93  641.0  157.84  303.22
2453617.67091 16.4070  0.0082 5.91  472.0  157.84  303.22
2453619.60398 16.4070  0.0081 4.10  710.0  157.84  303.22
2453621.63284 16.4048  0.0088 5.03  629.0  157.84  303.22
2453628.67082 16.3996  0.0128 6.18 1486.0  157.84  303.22
2453629.52907 16.4003  0.0082 3.63  917.0  157.84  303.22
2453631.62983 16.4186  0.0108 4.86 1399.0  157.84  303.22
2453633.55637 16.4180  0.0114 6.27  904.0  157.84  303.22
2453634.63544 16.4076  0.0126 7.41  828.0  157.84  303.22
2453639.50612 16.4117  0.0074 3.02  741.0  157.84  303.22
2453641.61062 16.4412  0.0128 6.78  909.0  157.84  303.22
2453644.59278 16.4006  0.0088 4.64  822.0  157.84  303.22
2453649.56619 16.3923  0.0086 4.90  724.0  157.84  303.22
2453652.54339 16.3984  0.0125 4.44 2106.0  157.84  303.22
2453655.57925 16.4115  0.0109 5.45 1169.0  157.84  303.22
2453664.55655 16.4041  0.0097 4.48 1102.0  157.84  303.22
2453668.54181 16.3988  0.0115 6.27  997.0  157.84  303.22
2453676.52077 16.4012  0.0113 5.54 1225.0  157.84  303.22
2453777.88116 16.4272  0.0089 4.13  940.0  157.84  303.22
2453783.86746 16.4053  0.0079 3.38  925.0  157.84  303.22
2453785.88300 16.4043  0.0088 4.00  926.0  157.84  303.22
2453788.88733 16.4049  0.0097 3.51 1396.0  157.84  303.22
2453791.89910 16.4031  0.0107 4.55 1412.0  157.84  303.22
2453794.87666 16.3846  0.0084 4.27  729.0  157.84  303.22
2453796.86842 16.4126  0.0087 4.36  766.0  157.84  303.22
2453797.86807 16.3924  0.0080 3.58  858.0  157.84  303.22
2453800.84915 16.4185  0.0097 4.96  785.0  157.84  303.22
2453802.79608 16.4075  0.0086 4.12  816.0  157.84  303.22
2453803.82864 16.4063  0.0088 3.74  970.0  157.84  303.22
2453804.87584 16.4155  0.0093 5.15  644.0  157.84  303.22
2453806.88831 16.4026  0.0081 4.00  705.0  157.84  303.22
2453808.87333 16.3987  0.0084 3.91  914.0  157.84  303.22
2453810.78934 16.4035  0.0090 3.95 1117.0  157.84  303.22
2453812.77547 16.4405  0.0112 5.71 1054.0  157.84  303.22
2453814.76638 16.4040  0.0096 4.11 1232.0  157.84  303.22
2453818.83131 16.4009  0.0081 3.45  907.0  157.84  303.22
2453819.89072 16.4056  0.0077 3.51  693.0  157.84  303.22
2453820.88296 16.4010  0.0079 3.76  723.0  157.84  303.22
2453821.89433 16.4036  0.0081 3.54  701.0  157.84  303.22
2453822.90622 16.4075  0.0077 3.22  719.0  157.84  303.22
2453824.90122 16.4054  0.0098 5.17  776.0  157.84  303.22
2453825.89331 16.4054  0.0082 4.01  752.0  157.84  303.22
2453827.89244 16.3852  0.0074 3.34  666.0  157.84  303.22
2453828.90455 16.4245  0.0098 4.97  733.0  157.84  303.22
2453829.89127 16.3964  0.0079 3.70  694.0  157.84  303.22
2453830.86408 16.4098  0.0085 3.73  785.0  157.84  303.22
2453832.89468 16.4094  0.0093 4.95  708.0  157.84  303.22
2453833.88018 16.4030  0.0081 3.53  765.0  157.84  303.22
2453834.80826 16.3934  0.0079 3.73  701.0  157.84  303.22
2453835.86068 16.3974  0.0074 3.26  656.0  157.84  303.22
2453836.87015 16.3968  0.0084 3.88  820.0  157.84  303.22
2453837.84890 16.3907  0.0087 4.09  858.0  157.84  303.22
2453838.85305 16.4062  0.0093 4.35  897.0  157.84  303.22
2453839.87212 16.4193  0.0114 5.61 1032.0  157.84  303.22
2453840.85614 16.3898  0.0081 3.45  962.0  157.84  303.22
2453841.83939 16.4161  0.0086 3.57 1073.0  157.84  303.22
2453842.75332 16.3974  0.0115 3.67 2720.0  157.84  303.22
2453842.90216 16.4124  0.0143 3.31 4576.0  157.84  303.22
2453845.84260 16.4113  0.0097 4.46  854.0  157.84  303.22
2453846.84776 16.4040  0.0082 3.71  766.0  157.84  303.22
2453847.88967 16.4198  0.0095 4.12  868.0  157.84  303.22
2453848.86332 16.4153  0.0083 3.57  780.0  157.84  303.22
2453849.89170 16.4124  0.0090 4.14  751.0  157.84  303.22
2453850.81262 16.4259  0.0094 4.27  882.0  157.84  303.22
2453851.81891 16.4126  0.0095 4.79  725.0  157.84  303.22
2453852.81100 16.4099  0.0081 3.60  704.0  157.84  303.22
2453853.80027 16.3897  0.0072 3.27  636.0  157.84  303.22
2453856.78894 16.4257  0.0092 4.34  816.0  157.84  303.22
2453858.85292 16.3235  0.0085 5.45  625.0  157.84  303.22
2453859.88270 16.4809  0.0134 6.26  800.0  157.84  303.22
2453860.84434 16.4120  0.0101 5.10  830.0  157.84  303.22
2453861.85961 16.4075  0.0085 4.13  766.0  157.84  303.22
2453862.80558 16.4041  0.0076 3.06  808.0  157.84  303.22
2453863.78103 16.4117  0.0080 3.78  765.0  157.84  303.22
2453864.80395 16.4013  0.0074 3.01  691.0  157.84  303.22
2453865.76725 16.4013  0.0089 4.24  797.0  157.84  303.22
2453866.73238 16.4129  0.0085 3.72  767.0  157.84  303.22
2453867.73974 16.4187  0.0093 3.91 1013.0  157.84  303.22
2453868.73514 16.4129  0.0100 3.98 1171.0  157.84  303.22
2453869.71683 16.4249  0.0106 4.41 1347.0  157.84  303.22
2453873.72034 16.4106  0.0083 3.63  811.0  157.84  303.22
2453874.76707 16.4160  0.0091 4.29  738.0  157.84  303.22
2453875.74890 16.4033  0.0075 3.23  684.0  157.84  303.22
2453877.70868 16.3984  0.0074 3.34  626.0  157.84  303.22
2453880.77545 16.4231  0.0081 3.80  694.0  157.84  303.22
2453881.78405 16.4054  0.0081 3.51  757.0  157.84  303.22
2453882.71895 16.4236  0.0085 3.99  677.0  157.84  303.22
2453883.77075 16.4085  0.0082 3.87  681.0  157.84  303.22
2453886.73144 16.4185  0.0086 4.44  673.0  157.84  303.22
2453887.71408 16.4113  0.0074 3.83  638.0  157.84  303.22
2453889.87582 16.4076  0.0081 3.46  911.0  157.84  303.22
2453891.60744 16.4109  0.0095 5.20  754.0  157.84  303.22
2453892.74270 16.3960  0.0086 4.42  702.0  157.84  303.22
2453893.77374 16.4398  0.0107 5.52  778.0  157.84  303.22
2453894.81094 16.4301  0.0106 5.72  777.0  157.84  303.22
2453896.75824 16.4049  0.0097 4.53 1117.0  157.84  303.22
2453900.65809 16.3936  0.0109 4.06 2011.0  157.84  303.22
2453901.66363 16.4020  0.0092 4.60  807.0  157.84  303.22
2453902.68116 16.3986  0.0086 4.25  781.0  157.84  303.22
2453903.81844 16.4000  0.0090 4.52  775.0  157.84  303.22
2453904.66100 16.3888  0.0074 3.21  709.0  157.84  303.22
2453905.67169 16.4087  0.0079 3.46  666.0  157.84  303.22
2453906.64951 16.4008  0.0087 4.04  771.0  157.84  303.22
2453907.71559 16.4261  0.0111 5.86  773.0  157.84  303.22
2453908.65548 16.3989  0.0074 2.93  748.0  157.84  303.22
2453908.68702 16.3974  0.0077 3.19  748.0  157.84  303.22
2453909.65358 16.4094  0.0078 3.76  594.0  157.84  303.22
2453912.65763 16.4041  0.0070 2.99  629.0  157.84  303.22
2453913.65782 16.4007  0.0074 3.41  607.0  157.84  303.22
2453914.69588 16.4086  0.0070 3.77  619.0  157.84  303.22
2453915.65471 16.4056  0.0081 4.21  608.0  157.84  303.22
2453916.73646 16.4090  0.0097 5.68  721.0  157.84  303.22
2453917.50975 16.4126  0.0102 5.92  842.0  157.84  303.22
2453917.75363 16.4081  0.0094 5.07  760.0  157.84  303.22
2453918.75393 16.4077  0.0084 4.17  659.0  157.84  303.22
2453919.68388 16.4040  0.0070 3.57  663.0  157.84  303.22
2453920.63778 16.4499  0.0098 4.90  644.0  157.84  303.22
2453920.67369 16.4396  0.0099 4.99  691.0  157.84  303.22
2453920.78570 16.3892  0.0079 3.46  733.0  157.84  303.22
2453921.64622 16.4312  0.0102 4.79  782.0  157.84  303.22
2453930.70789 16.4250  0.0089 4.58  757.0  157.84  303.22
2453931.62407 16.4153  0.0093 4.40  850.0  157.84  303.22
2453932.58252 16.4132  0.0079 3.76  831.0  157.84  303.22
2453933.47216 16.4181  0.0095 4.72  987.0  157.84  303.22
2453933.50127 16.4133  0.0091 4.35  929.0  157.84  303.22
2453933.53314 16.4315  0.0076 3.65  833.0  157.84  303.22
2453933.55914 16.3864  0.0077 3.59  776.0  157.84  303.22
2453933.59394 16.3987  0.0075 3.41  691.0  157.84  303.22
2453933.63478 16.3944  0.0070 3.02  638.0  157.84  303.22
2453933.69128 16.3988  0.0079 4.09  668.0  157.84  303.22
2453933.74058 16.4115  0.0079 3.46  822.0  157.84  303.22
2453933.78990 16.4118  0.0087 4.24  848.0  157.84  303.22
2453933.81608 16.4294  0.0118 6.13 1049.0  157.84  303.22
2453934.45796 16.3515  0.0201 5.43 5556.0  157.84  303.22
2453934.53009 16.4092  0.0093 4.56  848.0  157.84  303.22
2453934.60182 16.3980  0.0080 3.56  723.0  157.84  303.22
2453934.80321 16.3941  0.0086 4.33  760.0  157.84  303.22
2453935.46172 16.4272  0.0187 6.45 2712.0  157.84  303.22
2453935.51084 16.4340  0.0104 5.55  777.0  157.84  303.22
2453935.58284 16.4043  0.0082 3.82  654.0  157.84  303.22
2453935.77689 16.4050  0.0088 4.62  724.0  157.84  303.22
2453936.46133 16.4263  0.0173 5.18 3144.0  157.84  303.22
2453936.56791 16.4081  0.0083 3.76  737.0  157.84  303.22
2453936.70323 16.4319  0.0087 3.90  734.0  157.84  303.22
2453936.78128 16.4289  0.0105 4.98  901.0  157.84  303.22
2453936.81895 16.4048  0.0110 5.66 1005.0  157.84  303.22
2453937.46749 16.4676  0.0140 5.65 1415.0  157.84  303.22
2453937.64661 16.4156  0.0087 4.07  723.0  157.84  303.22
2453938.46295 16.4512  0.0166 6.19 1929.0  157.84  303.22
2453938.61214 16.3929  0.0079 3.87  650.0  157.84  303.22
2453938.71329 16.4237  0.0085 4.48  666.0  157.84  303.22
2453939.53356 16.3955  0.0080 3.88  783.0  157.84  303.22
2453940.56735 16.4088  0.0079 3.77  766.0  157.84  303.22
2453940.60620 16.3901  0.0066 3.60  650.0  157.84  303.22
2453940.75291 16.4176  0.0076 3.73  613.0  157.84  303.22
2453941.64262 16.4500  0.0112 6.59  652.0  157.84  303.22
2453942.50666 16.4202  0.0111 6.39  752.0  157.84  303.22
2453944.48814 16.4312  0.0075 4.67  741.0  157.84  303.22
2453944.53970 16.4274  0.0067 4.12  717.0  157.84  303.22
2453944.70793 16.3961  0.0070 4.52  569.0  157.84  303.22
2453944.78188 16.4112  0.0106 6.15  852.0  157.84  303.22
2453945.47343 16.4130  0.0094 4.59  953.0  157.84  303.22
2453945.59558 16.4156  0.0088 4.27  766.0  157.84  303.22
2453945.67846 16.4019  0.0083 4.04  697.0  157.84  303.22
2453945.76742 16.4280  0.0097 5.42  762.0  157.84  303.22
2453946.47999 16.4162  0.0096 4.92  833.0  157.84  303.22
2453946.64001 16.4101  0.0088 4.79  643.0  157.84  303.22
2453946.78497 16.4006  0.0096 5.87  683.0  157.84  303.22
2453950.47870 16.4273  0.0093 4.71  804.0  157.84  303.22
2453950.49331 16.4071  0.0088 4.49  804.0  157.84  303.22
2453950.53847 16.4167  0.0085 4.19  648.0  157.84  303.22
2453950.58944 16.4096  0.0080 4.08  657.0  157.84  303.22
2453950.62580 16.4156  0.0079 3.89  632.0  157.84  303.22
2453950.65664 16.4162  0.0078 3.70  687.0  157.84  303.22
2453950.69132 16.4132  0.0079 3.88  641.0  157.84  303.22
2453950.71185 16.4096  0.0088 4.74  651.0  157.84  303.22
2453950.72623 16.4010  0.0088 4.74  651.0  157.84  303.22
2453950.74846 16.3927  0.0090 4.94  721.0  157.84  303.22
2453950.77531 16.4102  0.0095 5.32  759.0  157.84  303.22
2453950.79092 16.4361  0.0105 6.24  776.0  157.84  303.22
2453950.79379 16.4088  0.0102 6.20  779.0  157.84  303.22
2453951.47423 16.4221  0.0099 4.71  954.0  157.84  303.22
2453951.56645 16.4220  0.0095 4.61  758.0  157.84  303.22
2453951.71388 16.4171  0.0095 4.78  870.0  157.84  303.22
2453957.66048 16.4073  0.0105 5.34  985.0  157.84  303.22
2453959.62723 16.3935  0.0085 4.21  762.0  157.84  303.22
2453960.61836 16.3807  0.0073 3.26  676.0  157.84  303.22
2453963.62378 16.4055  0.0081 3.86  674.0  157.84  303.22
2453964.65602 16.4207  0.0084 4.27  643.0  157.84  303.22
2453965.47352 16.4043  0.0096 4.53  922.0  157.84  303.22
2453965.50199 16.3880  0.0078 3.50  703.0  157.84  303.22
2453965.53069 16.4049  0.0077 3.39  665.0  157.84  303.22
2453965.56336 16.4064  0.0082 3.96  604.0  157.84  303.22
2453965.63474 16.4099  0.0076 3.35  665.0  157.84  303.22
2453965.66603 16.4038  0.0075 3.47  631.0  157.84  303.22
2453965.69331 16.4002  0.0083 4.45  661.0  157.84  303.22
2453965.71147 16.4031  0.0083 4.58  686.0  157.84  303.22
2453966.62927 16.4010  0.0085 4.10  701.0  157.84  303.22
2453967.65268 16.4346  0.0105 6.04  627.0  157.84  303.22
2453968.61214 16.4156  0.0090 4.38  689.0  157.84  303.22
2453969.62262 16.4049  0.0085 4.18  660.0  157.84  303.22
2453970.62942 16.4090  0.0096 5.31  628.0  157.84  303.22
2453971.66071 16.4063  0.0087 4.57  670.0  157.84  303.22
2453973.68896 16.4004  0.0090 5.50  682.0  157.84  303.22
2453974.62653 16.4079  0.0089 4.82  655.0  157.84  303.22
2453975.61903 16.4184  0.0084 4.34  701.0  157.84  303.22
2453976.61299 16.4099  0.0087 4.45  770.0  157.84  303.22
2453979.64821 16.4305  0.0128 6.39 1114.0  157.84  303.22
2453982.67023 16.4007  0.0129 5.14 2037.0  157.84  303.22
2453986.66150 16.4059  0.0112 6.04 1081.0  157.84  303.22
2453987.61027 16.4276  0.0087 4.40  903.0  157.84  303.22
2453988.64244 16.3967  0.0094 5.19  830.0  157.84  303.22
2453989.56059 16.4279  0.0096 4.75  783.0  157.84  303.22
2453991.56196 16.4182  0.0096 5.23  760.0  157.84  303.22
2453995.50978 16.4031  0.0084 4.26  754.0  157.84  303.22
2454001.58014 16.3984  0.0085 3.81  855.0  157.84  303.22
2454002.61577 16.3894  0.0078 4.29  748.0  157.84  303.22
2454003.57019 16.4029  0.0076 3.43  797.0  157.84  303.22
2454011.55356 16.4176  0.0101 5.01  933.0  157.84  303.22
2454015.58250 16.3904  0.0114 5.60 1251.0  157.84  303.22
2454017.55621 16.4292  0.0097 4.49 1099.0  157.84  303.22
2454019.55757 16.4031  0.0102 4.87  979.0  157.84  303.22
2454021.58049 16.4157  0.0109 5.51 1151.0  157.84  303.22
2454025.49874 16.4089  0.0090 4.31  990.0  157.84  303.22
2454027.50648 16.4257  0.0109 5.59  925.0  157.84  303.22
2454029.54802 16.3957  0.0102 5.11  962.0  157.84  303.22
2454151.87195 16.3870  0.0100 4.56  857.0  157.84  303.22
2454153.89388 16.3993  0.0101 4.13 1059.0  157.84  303.22
2454156.87227 16.4082  0.0108 4.88  867.0  157.84  303.22
2454158.89764 16.3982  0.0102 4.19 1036.0  157.84  303.22
2454161.85985 16.4185  0.0117 5.03 1160.0  157.84  303.22
2454163.84269 16.3909  0.0099 3.57 1386.0  157.84  303.22
2454165.82273 16.3875  0.0124 5.15 1618.0  157.84  303.22
2454165.88640 16.3880  0.0117 5.04 1474.0  157.84  303.22
2454166.82743 16.4225  0.0145 6.16 1493.0  157.84  303.22
2454166.86214 16.4123  0.0123 5.28 1298.0  157.84  303.22
2454167.84093 16.4055  0.0129 5.82 1197.0  157.84  303.22
2454168.82130 16.4061  0.0112 3.94 1282.0  157.84  303.22
2454170.81492 16.4017  0.0109 4.29 1239.0  157.84  303.22
2454175.80381 16.4186  0.0097 4.74  835.0  157.84  303.22
2454177.78947 16.4095  0.0096 4.24  778.0  157.84  303.22
2454178.82327 16.4117  0.0098 4.28  821.0  157.84  303.22
2454179.86319 16.4116  0.0101 4.06  862.0  157.84  303.22
2454181.79963 16.4196  0.0107 4.95  802.0  157.84  303.22
2454182.84816 16.3986  0.0090 3.58  748.0  157.84  303.22
2454183.88072 16.4121  0.0100 4.58  856.0  157.84  303.22
2454185.75695 16.3950  0.0108 5.24  842.0  157.84  303.22
2454189.87590 16.3978  0.0111 5.23  811.0  157.84  303.22
2454191.84365 16.4316  0.0133 6.47  993.0  157.84  303.22
2454193.77227 16.4195  0.0127 5.45 1239.0  157.84  303.22
2454194.80159 16.3605  0.0097 4.22  946.0  157.84  303.22
2454196.79163 16.4010  0.0100 4.15 1027.0  157.84  303.22
2454202.77320 16.4102  0.0093 3.84  896.0  157.84  303.22
2454203.76122 16.3990  0.0090 3.76  752.0  157.84  303.22
2454204.75352 16.4004  0.0107 5.07  900.0  157.84  303.22
2454205.75004 16.4149  0.0095 4.40  687.0  157.84  303.22
2454205.92900 16.3890  0.0116 4.12 1778.0  157.84  303.22
2454207.73951 16.4085  0.0104 4.71  879.0  157.84  303.22
2454208.76159 16.4088  0.0096 3.91  769.0  157.84  303.22
2454211.80819 16.4095  0.0106 5.15  764.0  157.84  303.22
2454212.88736 16.4530  0.0132 6.42  769.0  157.84  303.22
2454213.72615 16.4098  0.0104 5.06  767.0  157.84  303.22
2454213.92971 16.4125  0.0101 3.79 1172.0  157.84  303.22
2454215.75879 16.4201  0.0108 5.02  814.0  157.84  303.22
2454216.71658 16.3972  0.0098 4.35  854.0  157.84  303.22
2454217.72407 16.4008  0.0097 4.18  854.0  157.84  303.22
2454217.93352 16.4032  0.0112 3.41 2094.0  157.84  303.22
2454218.77369 16.4120  0.0114 5.60  833.0  157.84  303.22
2454219.77732 16.4030  0.0109 5.27  813.0  157.84  303.22
2454220.72215 16.4100  0.0103 4.63  905.0  157.84  303.22
2454222.68805 16.4120  0.0118 5.21 1238.0  157.84  303.22
2454224.79875 16.4067  0.0097 3.41 1174.0  157.84  303.22
2454228.69421 16.4104  0.0102 3.72 1263.0  157.84  303.22
2454228.92778 16.3989  0.0117 4.95 1223.0  157.84  303.22
2454229.68790 16.4244  0.0124 6.02  957.0  157.84  303.22
2454229.88486 16.4056  0.0100 3.99 1002.0  157.84  303.22
2454230.69761 16.4038  0.0098 4.02  771.0  157.84  303.22
2454230.88568 16.4015  0.0106 4.41  982.0  157.84  303.22
2454231.63997 16.4143  0.0094 4.99  954.0  157.84  303.22
2454231.78415 16.4080  0.0091 4.02  941.0  157.84  303.22
2454231.90834 16.4071  0.0108 4.52  996.0  157.84  303.22
2454232.69203 16.4123  0.0115 5.67 1040.0  157.84  303.22
2454232.85304 16.4365  0.0123 5.53 1006.0  157.84  303.22
2454233.83292 16.4432  0.0136 6.72 1035.0  157.84  303.22
2454234.72819 16.4108  0.0102 4.55  899.0  157.84  303.22
2454235.65350 16.3852  0.0101 4.44  994.0  157.84  303.22
2454235.81476 16.3988  0.0089 3.27  799.0  157.84  303.22
2454235.90713 16.4068  0.0103 4.38  907.0  157.84  303.22
2454238.67759 16.4044  0.0119 5.80  938.0  157.84  303.22
2454238.89183 16.4005  0.0105 4.10 1157.0  157.84  303.22
2454239.65420 16.4206  0.0104 4.85  816.0  157.84  303.22
2454240.69356 16.3960  0.0091 3.92  789.0  157.84  303.22
2454240.83645 16.4045  0.0107 4.60  919.0  157.84  303.22
2454243.65941 16.4028  0.0107 5.02  870.0  157.84  303.22
2454243.75208 16.4003  0.0110 5.08  861.0  157.84  303.22
2454243.84581 16.4268  0.0117 5.39  871.0  157.84  303.22
2454244.63169 16.4345  0.0125 5.84  978.0  157.84  303.22
2454244.72810 16.3947  0.0100 4.36  848.0  157.84  303.22
2454244.82077 16.4151  0.0100 4.11  902.0  157.84  303.22
2454245.62480 16.4025  0.0098 4.75  735.0  157.84  303.22
2454245.71875 16.3888  0.0094 4.25  695.0  157.84  303.22
2454245.81457 16.4019  0.0093 3.77  724.0  157.84  303.22
2454246.68313 16.4006  0.0100 4.44  861.0  157.84  303.22
2454246.77599 16.3932  0.0097 4.12  830.0  157.84  303.22
2454246.86933 16.3817  0.0094 3.62 1034.0  157.84  303.22
2454247.69838 16.4078  0.0098 4.15  847.0  157.84  303.22
2454250.74655 16.4043  0.0101 3.94 1097.0  157.84  303.22
2454251.81810 16.4056  0.0151 6.01 1659.0  157.84  303.22
2454256.63424 16.4048  0.0124 6.02 1008.0  157.84  303.22
2454256.78029 16.4182  0.0123 5.58 1029.0  157.84  303.22
2454257.66588 16.4312  0.0129 6.34  881.0  157.84  303.22
2454258.64858 16.4026  0.0109 5.19  882.0  157.84  303.22
2454258.77109 16.4027  0.0105 4.59  930.0  157.84  303.22
2454258.86520 16.3999  0.0120 5.55 1062.0  157.84  303.22
2454267.60923 16.4073  0.0100 4.71  883.0  157.84  303.22
2454268.57242 16.4340  0.0119 6.05  911.0  157.84  303.22
2454268.85536 16.3940  0.0101 4.10 1033.0  157.84  303.22
2454269.59165 16.3963  0.0092 3.82  831.0  157.84  303.22
2454269.71219 16.4158  0.0100 4.63  725.0  157.84  303.22
2454270.58520 16.4035  0.0097 4.55  938.0  157.84  303.22
2454272.61354 16.3931  0.0095 4.03  931.0  157.84  303.22
2454272.76270 16.4054  0.0096 4.08  878.0  157.84  303.22
2454272.83437 16.3967  0.0096 3.91 1024.0  157.84  303.22
2454273.63065 16.4058  0.0111 5.22  939.0  157.84  303.22
2454273.81132 16.4003  0.0104 3.95 1168.0  157.84  303.22
2454273.87247 16.4215  0.0135 5.63 1432.0  157.84  303.22
2454274.56335 16.4195  0.0137 6.19 1183.0  157.84  303.22
2454274.71724 16.4150  0.0113 5.02  970.0  157.84  303.22
2454274.77820 16.4058  0.0102 4.05 1006.0  157.84  303.22
2454274.83662 16.4065  0.0101 4.91 1107.0  157.84  303.22
2454275.61576 16.3958  0.0097 4.25  984.0  157.84  303.22
2454275.79112 16.4043  0.0114 4.87 1171.0  157.84  303.22
2454275.85222 16.4314  0.0140 5.96 1392.0  157.84  303.22
2454276.60060 16.4339  0.0119 5.27  969.0  157.84  303.22
2454277.54436 16.4189  0.0126 5.41 1224.0  157.84  303.22
2454277.72134 16.3949  0.0104 4.62  929.0  157.84  303.22
2454277.77998 16.4307  0.0134 6.23 1006.0  157.84  303.22
2454278.58923 16.4089  0.0119 5.41 1080.0  157.84  303.22
2454278.76539 16.4090  0.0130 6.19 1084.0  157.84  303.22
2454283.52384 16.4137  0.0117 4.48 1519.0  157.84  303.22
2454284.51874 16.4214  0.0126 5.24 1179.0  157.84  303.22
2454284.70932 16.4049  0.0103 3.83 1088.0  157.84  303.22
2454284.77165 16.4258  0.0109 3.76 1171.0  157.84  303.22
2454284.83650 16.3977  0.0125 4.45 1531.0  157.84  303.22
2454285.52188 16.4266  0.0120 4.72 1199.0  157.84  303.22
2454285.71531 16.4171  0.0110 4.62  918.0  157.84  303.22
2454285.77641 16.4328  0.0107 4.52  914.0  157.84  303.22
2454285.84171 16.4233  0.0116 4.65 1169.0  157.84  303.22
2454286.52154 16.4137  0.0119 4.98 1340.0  157.84  303.22
2454286.82650 16.3923  0.0115 4.52 2218.0  157.84  303.22
2454289.52936 16.3935  0.0111 4.92 1050.0  157.84  303.22
2454289.74788 16.3984  0.0105 4.92  865.0  157.84  303.22
2454289.81301 16.3994  0.0116 5.35 1024.0  157.84  303.22
2454290.57563 16.4172  0.0120 6.16  790.0  157.84  303.22
2454291.63828 16.3994  0.0097 4.45  777.0  157.84  303.22
2454292.50390 16.4079  0.0095 3.78  983.0  157.84  303.22
2454292.68311 16.4016  0.0095 3.83  843.0  157.84  303.22
2454292.74174 16.4072  0.0090 3.54  817.0  157.84  303.22
2454292.80024 16.4071  0.0098 4.38  911.0  157.84  303.22
2454293.50428 16.4103  0.0104 4.45  880.0  157.84  303.22
2454293.72888 16.4008  0.0094 3.82  746.0  157.84  303.22
2454293.78765 16.4071  0.0107 5.07  868.0  157.84  303.22
2454294.50346 16.4058  0.0103 4.24 1051.0  157.84  303.22
2454295.51055 16.3973  0.0100 4.66  821.0  157.84  303.22
2454295.70860 16.4040  0.0094 4.51  642.0  157.84  303.22
2454295.76721 16.3882  0.0093 4.51  679.0  157.84  303.22
2454296.50756 16.3978  0.0110 5.06  885.0  157.84  303.22
2454296.70873 16.3919  0.0094 4.54  666.0  157.84  303.22
2454297.52718 16.4119  0.0103 4.57  805.0  157.84  303.22
2454297.72876 16.4062  0.0088 4.38  712.0  157.84  303.22
2454298.56203 16.4102  0.0104 4.70  725.0  157.84  303.22
2454298.66774 16.4062  0.0103 4.98  663.0  157.84  303.22
2454298.77363 16.4353  0.0129 6.48  842.0  157.84  303.22
2454299.54505 16.4001  0.0088 3.66  748.0  157.84  303.22
2454299.63853 16.3906  0.0094 4.06  673.0  157.84  303.22
2454299.73026 16.3989  0.0092 4.15  660.0  157.84  303.22
2454300.54074 16.4041  0.0098 4.21  776.0  157.84  303.22
2454300.66081 16.4035  0.0098 4.76  691.0  157.84  303.22
2454300.75631 16.4104  0.0099 4.20  821.0  157.84  303.22
2454301.53161 16.4004  0.0093 3.88  937.0  157.84  303.22
2454301.62734 16.3986  0.0093 3.73  790.0  157.84  303.22
2454301.73000 16.4083  0.0101 4.57  757.0  157.84  303.22
2454302.60461 16.4236  0.0117 5.39  774.0  157.84  303.22
2454302.70474 16.4130  0.0101 4.42  733.0  157.84  303.22
2454303.69060 16.4131  0.0114 5.61  739.0  157.84  303.22
2454304.56471 16.4093  0.0126 5.44 1195.0  157.84  303.22
2454304.68283 16.4360  0.0140 6.36 1120.0  157.84  303.22
2454306.64866 16.4092  0.0107 4.84  936.0  157.84  303.22
2454306.70931 16.4156  0.0114 5.39  944.0  157.84  303.22
2454307.55725 16.3813  0.0094 3.27 1133.0  157.84  303.22
2454310.62802 16.4274  0.0133 4.85 1638.0  157.84  303.22
2454312.56022 16.4065  0.0116 4.55 1368.0  157.84  303.22
2454312.75864 16.3990  0.0106 4.71 1050.0  157.84  303.22
2454315.65122 16.4079  0.0120 5.66  989.0  157.84  303.22
2454316.72438 16.4030  0.0108 4.88  941.0  157.84  303.22
2454317.57245 16.3937  0.0097 4.16  746.0  157.84  303.22
2454319.52973 16.4065  0.0104 4.65  855.0  157.84  303.22
2454319.78454 16.4327  0.0126 6.25  978.0  157.84  303.22
2454320.55651 16.3806  0.0099 4.38  758.0  157.84  303.22
2454326.52377 16.3977  0.0096 4.15  808.0  157.84  303.22
2454326.72097 16.4236  0.0120 5.92  810.0  157.84  303.22
2454327.60311 16.4026  0.0109 5.05  801.0  157.84  303.22
2454328.52990 16.4451  0.0125 5.80  905.0  157.84  303.22
2454328.70793 16.3914  0.0106 4.42  989.0  157.84  303.22
2454329.53893 16.4211  0.0114 5.39  797.0  157.84  303.22
2454329.68686 16.4441  0.0113 4.96  832.0  157.84  303.22
2454330.51078 16.3951  0.0096 4.12  790.0  157.84  303.22
2454330.70588 16.3944  0.0104 4.71  851.0  157.84  303.22
2454331.49092 16.3999  0.0109 4.90  918.0  157.84  303.22
2454331.69979 16.4061  0.0123 6.34  788.0  157.84  303.22
2454332.52072 16.3744  0.0094 4.09  835.0  157.84  303.22
2454333.54221 16.4111  0.0110 4.52  984.0  157.84  303.22
2454334.51522 16.4202  0.0126 5.59 1098.0  157.84  303.22
2454334.64341 16.4162  0.0157 4.80 2949.0  157.84  303.22
2454338.51506 16.4078  0.0114 4.17 1390.0  157.84  303.22
2454339.49237 16.4126  0.0112 4.27 1338.0  157.84  303.22
2454339.70882 16.3831  0.0116 5.06 1419.0  157.84  303.22
2454340.61267 16.4235  0.0117 4.92 1169.0  157.84  303.22
2454341.51568 16.4116  0.0124 5.25 1087.0  157.84  303.22
2454342.54489 16.4119  0.0106 4.30  926.0  157.84  303.22
2454343.52371 16.3903  0.0090 3.44  883.0  157.84  303.22
2454344.55201 16.4332  0.0121 5.16  963.0  157.84  303.22
2454345.51714 16.3939  0.0093 3.71  919.0  157.84  303.22
2454346.52981 16.4317  0.0126 6.04  961.0  157.84  303.22
2454347.54453 16.4170  0.0103 4.28  821.0  157.84  303.22
2454349.50618 16.4079  0.0107 4.84  817.0  157.84  303.22
2454350.55280 16.3934  0.0098 4.16  849.0  157.84  303.22
2454351.51870 16.3956  0.0100 4.23  819.0  157.84  303.22
2454352.56924 16.4297  0.0130 6.35  876.0  157.84  303.22
2454353.52261 16.3855  0.0096 3.79  940.0  157.84  303.22
2454354.55132 16.3920  0.0102 4.64  879.0  157.84  303.22
2454355.55544 16.4127  0.0105 4.79  918.0  157.84  303.22
2454356.51932 16.4125  0.0116 5.10  866.0  157.84  303.22
2454357.54843 16.4109  0.0115 5.52  908.0  157.84  303.22
2454358.51140 16.4204  0.0126 5.91  933.0  157.84  303.22
2454359.54895 16.4103  0.0115 5.68  887.0  157.84  303.22
2454360.57832 16.4115  0.0112 5.04  871.0  157.84  303.22
2454361.58178 16.4194  0.0131 5.96 1018.0  157.84  303.22
2454365.57438 16.4185  0.0119 4.91 1322.0  157.84  303.22
2454367.50766 16.4139  0.0110 4.26 1229.0  157.84  303.22
2454368.54403 16.3927  0.0116 4.94 1140.0  157.84  303.22
2454370.50809 16.4006  0.0113 4.66 1145.0  157.84  303.22
2454371.54653 16.3981  0.0095 3.51 1092.0  157.84  303.22
2454372.53225 16.4030  0.0095 3.99  825.0  157.84  303.22
2454373.51842 16.4054  0.0112 4.61 1009.0  157.84  303.22
2454377.49661 16.3941  0.0102 4.44  957.0  157.84  303.22
2454377.62035 16.4216  0.0139 6.85 1052.0  157.84  303.22
2454378.53093 16.4117  0.0106 4.55  864.0  157.84  303.22
2454379.54598 16.4120  0.0131 6.01  941.0  157.84  303.22
2454380.55745 16.4035  0.0104 4.63  918.0  157.84  303.22
2454381.53614 16.4074  0.0130 5.72 1170.0  157.84  303.22
2454382.57870 16.3924  0.0122 5.61 1072.0  157.84  303.22
2454383.56924 16.3756  0.0111 5.05 1164.0  157.84  303.22
2454384.54341 16.4067  0.0112 4.84  920.0  157.84  303.22
2454388.51331 16.4393  0.0136 6.46  978.0  157.84  303.22
2454393.54322 16.3921  0.0109 4.50 1216.0  157.84  303.22
2454394.55856 16.4125  0.0123 4.83 1300.0  157.84  303.22
2454395.52999 16.4298  0.0121 4.64 1191.0  157.84  303.22
2454396.52204 16.4101  0.0132 5.09 1482.0  157.84  303.22
2454397.54629 16.4197  0.0117 4.25 1526.0  157.84  303.22
2454398.55121 16.3975  0.0113 4.26 1518.0  157.84  303.22
2454399.54389 16.4090  0.0124 4.78 1410.0  157.84  303.22
2454400.54596 16.3864  0.0143 5.93 1732.0  157.84  303.22
2454402.56239 16.3849  0.0131 5.80 1218.0  157.84  303.22
2454403.56148 16.4203  0.0155 6.75 1258.0  157.84  303.22
2454507.87589 16.3982  0.0113 5.23 1083.0  157.84  303.22
2454510.87270 16.3990  0.0095 4.49 1002.0  157.84  303.22
2454513.87385 16.4057  0.0086 3.76  933.0  157.84  303.22
2454517.87296 16.4041  0.0123 5.37 1302.0  157.84  303.22
2454519.89395 16.3884  0.0097 4.14 1077.0  157.84  303.22
2454522.88786 16.4091  0.0109 5.20  987.0  157.84  303.22
2454524.82368 16.3925  0.0105 4.66 1253.0  157.84  303.22
2454530.83129 16.3930  0.0083 3.36  864.0  157.84  303.22
2454533.86715 16.4023  0.0104 5.36  817.0  157.84  303.22
2454535.84993 16.3939  0.0103 5.07  853.0  157.84  303.22
2454536.90759 16.3806  0.0097 4.22 1099.0  157.84  303.22
2454537.89322 16.3821  0.0082 3.76  685.0  157.84  303.22
2454538.82831 16.3887  0.0097 4.36  891.0  157.84  303.22
2454539.86640 16.3949  0.0091 4.42  744.0  157.84  303.22
2454540.81258 16.3860  0.0086 3.53  853.0  157.84  303.22
2454541.80529 16.3885  0.0081 3.57  762.0  157.84  303.22
2454542.79999 16.3907  0.0101 5.12  830.0  157.84  303.22
2454543.79554 16.3964  0.0093 4.26  881.0  157.84  303.22
2454544.79236 16.3937  0.0100 4.58 1026.0  157.84  303.22
2454545.79877 16.3899  0.0095 4.01 1039.0  157.84  303.22
2454546.80583 16.4034  0.0095 3.95 1029.0  157.84  303.22
2454547.79983 16.3977  0.0093 3.75 1105.0  157.84  303.22
2454548.81077 16.3913  0.0097 4.34 1053.0  157.84  303.22
2454550.75383 16.4243  0.0118 5.49 1077.0  157.84  303.22
2454551.77700 16.3911  0.0096 4.06 1036.0  157.84  303.22
2454552.77296 16.4176  0.0142 5.97 1439.0  157.84  303.22
2454556.76909 16.4007  0.0094 4.80  749.0  157.84  303.22
2454557.78626 16.3821  0.0089 4.23  749.0  157.84  303.22
2454558.76323 16.3844  0.0084 3.81  744.0  157.84  303.22
2454559.76118 16.3991  0.0090 4.56  677.0  157.84  303.22
2454560.76134 16.3900  0.0095 5.24  675.0  157.84  303.22
2454561.75137 16.3963  0.0086 4.07  769.0  157.84  303.22
2454564.74151 16.3974  0.0096 5.14  690.0  157.84  303.22
2454565.73955 16.3731  0.0079 3.54  726.0  157.84  303.22
2454566.73912 16.3797  0.0085 3.84  749.0  157.84  303.22
2454567.73212 16.3941  0.0089 4.23  774.0  157.84  303.22
2454568.74064 16.3921  0.0093 4.21  818.0  157.84  303.22
2454569.74977 16.3905  0.0091 4.52  729.0  157.84  303.22
2454570.74043 16.3811  0.0109 5.86  792.0  157.84  303.22
2454571.73506 16.4359  0.0112 5.55  888.0  157.84  303.22
2454571.92358 16.3796  0.0095 4.27 1009.0  157.84  303.22
2454572.76256 16.3925  0.0087 3.93  863.0  157.84  303.22
2454573.75095 16.3819  0.0092 4.35  917.0  157.84  303.22
2454573.91725 16.3765  0.0085 4.06  757.0  157.84  303.22
2454574.75330 16.4106  0.0108 5.14  967.0  157.84  303.22
2454575.76241 16.3934  0.0095 4.01  986.0  157.84  303.22
2454575.91928 16.3725  0.0095 4.03 1247.0  157.84  303.22
2454576.76889 16.3843  0.0088 3.47 1128.0  157.84  303.22
2454577.85060 16.3888  0.0098 4.18 1020.0  157.84  303.22
2454578.80165 16.3779  0.0109 5.29 1013.0  157.84  303.22
2454579.83322 16.3863  0.0098 4.30 1088.0  157.84  303.22
2454579.87875 16.3928  0.0110 4.68 1315.0  157.84  303.22
2454583.74539 16.3870  0.0109 4.50 1380.0  157.84  303.22
2454583.75713 16.3899  0.0105 4.13 1403.0  157.84  303.22
2454583.77178 16.3909  0.0105 4.13 1390.0  157.84  303.22
2454583.82889 16.3935  0.0095 4.21  952.0  157.84  303.22
2454583.86435 16.3781  0.0090 4.04  849.0  157.84  303.22
2454583.89597 16.3769  0.0093 4.61  835.0  157.84  303.22
2454583.92383 16.3788  0.0094 4.29  991.0  157.84  303.22
2454585.69006 16.4151  0.0110 5.75  812.0  157.84  303.22
2454585.77254 16.3780  0.0102 5.30  950.0  157.84  303.22
2454585.93271 16.4040  0.0136 6.40 1226.0  157.84  303.22
2454586.73147 16.3993  0.0117 6.39  809.0  157.84  303.22
2454586.79876 16.4161  0.0113 5.95  809.0  157.84  303.22
2454587.78204 16.3339  0.0099 5.41  808.0  157.84  303.22
2454588.70517 16.4006  0.0113 6.07  835.0  157.84  303.22
2454589.68743 16.3933  0.0099 4.86  839.0  157.84  303.22
2454589.84283 16.4085  0.0106 5.18  791.0  157.84  303.22
2454589.90481 16.4171  0.0111 5.19  876.0  157.84  303.22
2454590.71318 16.3873  0.0091 4.07  863.0  157.84  303.22
2454590.91481 16.3955  0.0098 4.28 1060.0  157.84  303.22
2454591.71867 16.3745  0.0091 4.00  955.0  157.84  303.22
2454591.84417 16.4011  0.0091 3.99  896.0  157.84  303.22
2454591.91071 16.3896  0.0099 4.21 1062.0  157.84  303.22
2454592.67736 16.3740  0.0096 4.16 1152.0  157.84  303.22
2454592.86662 16.3876  0.0102 4.40 1175.0  157.84  303.22
2454593.66644 16.3851  0.0104 5.37  870.0  157.84  303.22
2454593.87618 16.3821  0.0096 4.44  956.0  157.84  303.22
2454594.68748 16.3912  0.0094 4.48  806.0  157.84  303.22
2454594.88252 16.3760  0.0094 4.42  918.0  157.84  303.22
2454595.67705 16.3839  0.0093 4.38  806.0  157.84  303.22
2454595.87143 16.3639  0.0091 4.49  794.0  157.84  303.22
2454595.93331 16.4095  0.0112 5.44  957.0  157.84  303.22
2454596.67221 16.3989  0.0099 4.87  799.0  157.84  303.22
2454597.69665 16.3810  0.0092 4.57  760.0  157.84  303.22
2454597.88820 16.3843  0.0095 4.59  879.0  157.84  303.22
2454598.67293 16.3657  0.0080 3.84  650.0  157.84  303.22
2454599.64545 16.3882  0.0101 4.89  866.0  157.84  303.22
2454600.65468 16.3754  0.0085 4.01  739.0  157.84  303.22
2454600.86344 16.3810  0.0087 3.75  896.0  157.84  303.22
2454601.66027 16.3842  0.0086 3.75  883.0  157.84  303.22
2454601.87653 16.3808  0.0084 3.68  725.0  157.84  303.22
2454602.65291 16.3856  0.0086 3.87  931.0  157.84  303.22
2454602.86231 16.3835  0.0084 3.87  814.0  157.84  303.22
2454603.89545 16.3873  0.0096 4.88  789.0  157.84  303.22
2454606.65420 16.3785  0.0093 4.17 1306.0  157.84  303.22
2454606.91252 16.3690  0.0098 3.73 1483.0  157.84  303.22
2454610.75036 16.3528  0.0126 3.67 3550.0  157.84  303.22
2454611.63968 16.3904  0.0102 4.60  955.0  157.84  303.22
2454611.83052 16.3748  0.0088 3.49  983.0  157.84  303.22
2454612.66107 16.3933  0.0101 4.55 1004.0  157.84  303.22
2454615.80282 16.3781  0.0098 5.02  842.0  157.84  303.22
2454616.61497 16.3945  0.0099 4.70  877.0  157.84  303.22
2454616.82836 16.3761  0.0092 4.66  753.0  157.84  303.22
2454616.91128 16.3952  0.0107 5.04 1053.0  157.84  303.22
2454617.68632 16.3689  0.0083 3.68  748.0  157.84  303.22
2454618.62362 16.3807  0.0093 5.17  796.0  157.84  303.22
2454621.93718 16.3667  0.0083 4.04 1066.0  157.84  303.22
2454622.82201 16.4065  0.0103 5.42  829.0  157.84  303.22
2454622.93943 16.3854  0.0116 5.38 1176.0  157.84  303.22
2454623.67939 16.4045  0.0110 5.71  723.0  157.84  303.22
2454623.88116 16.4041  0.0127 6.17 1081.0  157.84  303.22
2454624.60113 16.3825  0.0104 4.87  966.0  157.84  303.22
2454624.82528 16.3845  0.0101 5.05  782.0  157.84  303.22
2454624.89160 16.3858  0.0104 5.24  845.0  157.84  303.22
2454625.61525 16.3795  0.0106 5.59  794.0  157.84  303.22
2454625.83464 16.3998  0.0115 6.18  899.0  157.84  303.22
2454625.92351 16.3965  0.0120 5.88  983.0  157.84  303.22
2454626.61377 16.3939  0.0111 6.14  732.0  157.84  303.22
2454626.89350 16.3836  0.0122 6.51  836.0  157.84  303.22
2454627.57419 16.3692  0.0092 4.35  879.0  157.84  303.22
2454627.86349 16.3614  0.0084 4.04  667.0  157.84  303.22
2454627.93075 16.3830  0.0096 4.93  770.0  157.84  303.22
2454628.56151 16.3866  0.0101 4.97  941.0  157.84  303.22
2454628.76775 16.3868  0.0098 5.13  732.0  157.84  303.22
2454628.83322 16.4006  0.0098 4.82  712.0  157.84  303.22
2454628.90307 16.3686  0.0099 5.08  865.0  157.84  303.22
2454629.63889 16.3798  0.0087 3.79  657.0  157.84  303.22
2454629.84149 16.3761  0.0093 4.18  895.0  157.84  303.22
2454629.91951 16.3836  0.0099 4.81  877.0  157.84  303.22
2454630.57484 16.3737  0.0095 4.31  895.0  157.84  303.22
2454630.78066 16.3808  0.0086 3.65  848.0  157.84  303.22
2454630.86404 16.3882  0.0098 4.64  858.0  157.84  303.22
2454630.92678 16.3656  0.0107 5.17 1019.0  157.84  303.22
2454631.57619 16.3746  0.0081 3.26  875.0  157.84  303.22
2454631.79194 16.3744  0.0085 3.82  803.0  157.84  303.22
2454631.87863 16.3904  0.0099 4.34 1071.0  157.84  303.22
2454632.58001 16.3826  0.0092 3.90  979.0  157.84  303.22
2454632.86676 16.3737  0.0107 4.85 1219.0  157.84  303.22
2454633.57997 16.3783  0.0093 3.89 1054.0  157.84  303.22
2454633.69148 16.3882  0.0083 3.33  860.0  157.84  303.22
2454633.80724 16.3654  0.0094 4.01  972.0  157.84  303.22
2454638.76509 16.3964  0.0102 4.62 1081.0  157.84  303.22
2454638.87530 16.3885  0.0135 4.83 2366.0  157.84  303.22
2454639.58762 16.3623  0.0099 4.26 1147.0  157.84  303.22
2454639.68542 16.3826  0.0096 4.06 1069.0  157.84  303.22
2454640.60711 16.3880  0.0094 4.35  804.0  157.84  303.22
2454640.73925 16.3714  0.0090 4.61  742.0  157.84  303.22
2454640.84430 16.3857  0.0116 5.60 1233.0  157.84  303.22
2454641.68113 16.3949  0.0102 4.94  842.0  157.84  303.22
2454641.79106 16.3775  0.0103 5.30  881.0  157.84  303.22
2454642.60507 16.3809  0.0090 4.10  823.0  157.84  303.22
2454642.76758 16.3886  0.0094 4.64  756.0  157.84  303.22
2454642.84266 16.3635  0.0100 4.96 1032.0  157.84  303.22
2454643.56282 16.3748  0.0097 4.97  772.0  157.84  303.22
2454644.61019 16.4195  0.0115 6.07  812.0  157.84  303.22
2454644.87190 16.3878  0.0107 5.61  849.0  157.84  303.22
2454645.53327 16.3939  0.0114 5.07 1194.0  157.84  303.22
2454645.78173 16.4177  0.0108 5.29  843.0  157.84  303.22
2454645.85645 16.3959  0.0114 5.28 1126.0  157.84  303.22
2454646.53133 16.3899  0.0089 3.68  984.0  157.84  303.22
2454646.86369 16.3786  0.0105 4.78 1086.0  157.84  303.22
2454647.52766 16.3832  0.0109 4.44 1237.0  157.84  303.22
2454647.75072 16.3916  0.0099 4.51  885.0  157.84  303.22
2454647.77443 16.3764  0.0098 4.56  888.0  157.84  303.22
2454647.81940 16.3373  0.0104 5.16  973.0  157.84  303.22
2454647.86772 16.3922  0.0123 5.95 1118.0  157.84  303.22
2454648.51084 16.3978  0.0101 4.20 1022.0  157.84  303.22
2454648.73292 16.3776  0.0093 4.30  734.0  157.84  303.22
2454648.82836 16.4061  0.0111 5.33  916.0  157.84  303.22
2454649.53690 16.3863  0.0101 4.78  981.0  157.84  303.22
2454649.81579 16.3948  0.0103 4.82  842.0  157.84  303.22
2454649.87206 16.4244  0.0124 5.87 1093.0  157.84  303.22
2454650.52291 16.3885  0.0123 6.14 1134.0  157.84  303.22
2454650.78682 16.4047  0.0104 5.34  743.0  157.84  303.22
2454651.52632 16.3805  0.0110 5.17 1050.0  157.84  303.22
2454651.82139 16.3982  0.0113 5.57  946.0  157.84  303.22
2454652.51728 16.3795  0.0098 4.01 1192.0  157.84  303.22
2454652.73181 16.3781  0.0091 4.14  774.0  157.84  303.22
2454652.80530 16.3839  0.0094 4.39  841.0  157.84  303.22
2454652.85502 16.3803  0.0123 6.27 1044.0  157.84  303.22
2454653.51365 16.3859  0.0116 5.56 1120.0  157.84  303.22
2454653.73280 16.3680  0.0093 4.18  937.0  157.84  303.22
2454654.55247 16.4055  0.0109 5.78  811.0  157.84  303.22
2454654.76395 16.3809  0.0099 5.00  857.0  157.84  303.22
2454655.51354 16.3477  0.0107 5.07 1218.0  157.84  303.22
2454655.73800 16.3748  0.0089 4.27  746.0  157.84  303.22
2454655.79981 16.3843  0.0104 5.48  835.0  157.84  303.22
2454656.51543 16.3961  0.0088 3.60  790.0  157.84  303.22
2454656.70523 16.3995  0.0098 4.24  907.0  157.84  303.22
2454656.82449 16.3793  0.0115 5.19 1328.0  157.84  303.22
2454657.74279 16.3954  0.0118 6.18  853.0  157.84  303.22
2454658.67397 16.3819  0.0100 4.82  887.0  157.84  303.22
2454660.62629 16.4052  0.0121 6.12  932.0  157.84  303.22
2454661.50351 16.3792  0.0103 4.40 1314.0  157.84  303.22
2454661.70419 16.3865  0.0104 4.72  983.0  157.84  303.22
2454661.76569 16.3898  0.0113 5.74 1036.0  157.84  303.22
2454661.83289 16.3967  0.0120 5.05 1356.0  157.84  303.22
2454665.67104 16.3753  0.0115 4.31 2050.0  157.84  303.22
2454666.57646 16.3824  0.0093 3.71 1190.0  157.84  303.22
2454666.71956 16.3834  0.0114 5.29 1147.0  157.84  303.22
2454666.76170 16.3879  0.0121 5.39 1221.0  157.84  303.22
2454670.66110 16.3824  0.0110 5.97  806.0  157.84  303.22
2454671.59672 16.3760  0.0083 4.04  632.0  157.84  303.22
2454672.52217 16.3741  0.0081 3.50  792.0  157.84  303.22
2454672.71464 16.3525  0.0087 3.97  836.0  157.84  303.22
2454672.73690 16.3737  0.0099 4.82  904.0  157.84  303.22
2454674.52527 16.3989  0.0105 5.23  786.0  157.84  303.22
2454674.71841 16.3697  0.0094 4.66  744.0  157.84  303.22
2454675.76740 16.3703  0.0100 4.59  976.0  157.84  303.22
2454677.50196 16.3648  0.0089 3.92  933.0  157.84  303.22
2454677.65569 16.3904  0.0119 6.47  788.0  157.84  303.22
2454679.55260 16.4012  0.0114 5.96  743.0  157.84  303.22
2454681.54333 16.3788  0.0088 4.16  719.0  157.84  303.22
2454681.64332 16.3912  0.0102 5.78  679.0  157.84  303.22
2454682.51433 16.3702  0.0089 3.64  823.0  157.84  303.22
2454682.67165 16.3857  0.0089 4.00  695.0  157.84  303.22
2454682.76684 16.3675  0.0106 4.47  850.0  157.84  303.22
2454683.53281 16.3883  0.0117 5.87  986.0  157.84  303.22
2454683.71978 16.3732  0.0103 5.36  737.0  157.84  303.22
2454684.52534 16.3843  0.0094 3.85 1035.0  157.84  303.22
2454684.73906 16.3690  0.0090 4.25  747.0  157.84  303.22
2454685.51034 16.4313  0.0123 5.49  971.0  157.84  303.22
2454685.74535 16.3741  0.0099 4.78  920.0  157.84  303.22
2454686.51409 16.3822  0.0094 3.97  836.0  157.84  303.22
2454687.49785 16.3817  0.0099 4.44  897.0  157.84  303.22
2454687.75335 16.3572  0.0093 5.46  952.0  157.84  303.22
2454688.51073 16.3806  0.0101 4.67  885.0  157.84  303.22
2454688.70060 16.3704  0.0092 4.17  786.0  157.84  303.22
2454688.76237 16.2198  0.0098 5.20  998.0  157.84  303.22
2454693.55853 16.3727  0.0106 3.60 2246.0  157.84  303.22
2454694.61969 16.4072  0.0127 6.01 1107.0  157.84  303.22
2454697.51426 16.3568  0.0089 4.20  785.0  157.84  303.22
2454698.51980 16.3821  0.0084 3.55  747.0  157.84  303.22
2454699.51596 16.3705  0.0092 4.14  857.0  157.84  303.22
2454700.52220 16.3709  0.0087 3.81  818.0  157.84  303.22
2454701.51751 16.3650  0.0096 4.46  882.0  157.84  303.22
2454702.51604 16.3854  0.0108 5.78  784.0  157.84  303.22
2454703.58653 16.3696  0.0096 4.94  788.0  157.84  303.22
2454704.65625 16.3679  0.0101 5.42  760.0  157.84  303.22
2454705.51966 16.3643  0.0085 3.45  832.0  157.84  303.22
2454707.65000 16.3717  0.0095 5.19  747.0  157.84  303.22
2454708.55291 16.3834  0.0110 6.35  784.0  157.84  303.22
2454709.52902 16.4030  0.0116 5.71  879.0  157.84  303.22
2454710.55861 16.3883  0.0095 4.97  907.0  157.84  303.22
2454715.59799 16.4100  0.0130 6.77  965.0  157.84  303.22
2454716.60038 16.3700  0.0101 4.61 1217.0  157.84  303.22
2454720.56756 16.3887  0.0108 4.78 1147.0  157.84  303.22
2454721.49995 16.3992  0.0129 6.06 1168.0  157.84  303.22
2454722.61239 16.3655  0.0105 4.93 1099.0  157.84  303.22
2454724.52144 16.4026  0.0115 5.24 1085.0  157.84  303.22
2454725.50024 16.3888  0.0111 5.01 1063.0  157.84  303.22
2454726.56117 16.4164  0.0136 6.37 1001.0  157.84  303.22
2454728.60631 16.3791  0.0116 5.49  965.0  157.84  303.22
2454730.58045 16.3532  0.0094 4.51  805.0  157.84  303.22
2454731.58508 16.3930  0.0112 5.72  756.0  157.84  303.22
2454733.53672 16.3836  0.0098 4.62  785.0  157.84  303.22
2454734.56605 16.3860  0.0106 5.16  865.0  157.84  303.22
2454737.55699 16.3698  0.0112 6.14  756.0  157.84  303.22
2454740.56751 16.3797  0.0116 6.03  880.0  157.84  303.22
2454741.59885 16.3572  0.0099 5.21  863.0  157.84  303.22
2454743.58081 16.3725  0.0108 5.32  862.0  157.84  303.22
2454753.56101 16.3721  0.0123 6.15 1156.0  157.84  303.22
2454756.53985 16.3793  0.0110 5.03 1039.0  157.84  303.22
2454758.52269 16.3639  0.0111 5.08 1153.0  157.84  303.22
2454869.88835 16.1934  0.0110 3.88 3247.0  157.84  303.22
2454873.86552 16.1837  0.0085 4.24 1200.0  157.84  303.22
2454874.85998 16.1980  0.0094 5.28 1167.0  157.84  303.22
2454877.85978 16.1835  0.0077 3.99  923.0  157.84  303.22
2454884.86731 16.2012  0.0076 3.95  976.0  157.84  303.22
2454887.83943 16.1817  0.0076 4.07  896.0  157.84  303.22
2454890.89539 16.1825  0.0073 4.05  807.0  157.84  303.22
2454896.88360 16.1986  0.0078 4.19  772.0  157.84  303.22
2454899.85454 16.2070  0.0081 4.06  926.0  157.84  303.22
2454900.89595 16.1975  0.0075 3.63  887.0  157.84  303.22
2454901.89431 16.1900  0.0069 3.15  881.0  157.84  303.22
2454902.89304 16.1893  0.0073 3.57  876.0  157.84  303.22
2454904.81718 16.2114  0.0081 4.22  969.0  157.84  303.22
2454910.82316 16.1957  0.0082 3.23 1767.0  157.84  303.22
2454911.79366 16.1901  0.0066 3.20  665.0  157.84  303.22
2454912.79065 16.2032  0.0068 3.44  674.0  157.84  303.22
2454914.80769 16.2093  0.0077 4.51  635.0  157.84  303.22
2454917.76872 16.2299  0.0075 3.68  722.0  157.84  303.22
2454920.75300 16.2026  0.0074 4.16  662.0  157.84  303.22
2454924.88737 16.2324  0.0085 5.65  740.0  157.84  303.22
2454925.82903 16.2221  0.0073 3.63  789.0  157.84  303.22
2454925.91660 16.2255  0.0075 4.12  859.0  157.84  303.22
2454927.72879 16.2387  0.0092 4.78 1046.0  157.84  303.22
2454927.88325 16.2394  0.0091 5.47  830.0  157.84  303.22
2454928.74525 16.2651  0.0084 4.35  875.0  157.84  303.22
2454929.80152 16.2215  0.0073 3.53  879.0  157.84  303.22
2454930.71600 16.2328  0.0089 4.09 1288.0  157.84  303.22
2454930.83494 16.2270  0.0088 4.41 1018.0  157.84  303.22
2454931.73086 16.2478  0.0106 5.32 1234.0  157.84  303.22
2454931.87651 16.2511  0.0087 4.64  982.0  157.84  303.22
2454932.73388 16.2482  0.0081 3.60 1129.0  157.84  303.22
2454932.83456 16.2220  0.0073 3.64  947.0  157.84  303.22
2454933.78223 16.2415  0.0091 4.63 1087.0  157.84  303.22
2454934.78068 16.2359  0.0080 3.59 1133.0  157.84  303.22
2454934.88543 16.2764  0.0104 5.74 1026.0  157.84  303.22
2454938.69122 16.2458  0.0089 4.11 1136.0  157.84  303.22
2454938.89600 16.2665  0.0087 4.81  906.0  157.84  303.22
2454939.71016 16.2769  0.0091 4.98  871.0  157.84  303.22
2454940.71015 16.2423  0.0079 3.88  790.0  157.84  303.22
2454941.68888 16.2650  0.0084 4.58  871.0  157.84  303.22
2454941.78688 16.2691  0.0087 5.41  773.0  157.84  303.22
2454942.72668 16.2479  0.0078 4.00  751.0  157.84  303.22
2454943.68073 16.2503  0.0076 4.08  751.0  157.84  303.22
2454943.82022 16.2635  0.0080 4.97  727.0  157.84  303.22
2454944.67754 16.2624  0.0078 3.62  830.0  157.84  303.22
2454944.68619 16.2479  0.0080 4.02  822.0  157.84  303.22
2454944.71071 16.2728  0.0078 3.56  777.0  157.84  303.22
2454944.74033 16.2675  0.0078 3.57  794.0  157.84  303.22
2454944.78276 16.2674  0.0082 4.73  749.0  157.84  303.22
2454944.83299 16.2599  0.0076 4.04  709.0  157.84  303.22
2454945.67990 16.2664  0.0081 3.70  912.0  157.84  303.22
2454945.69906 16.2488  0.0081 3.99  842.0  157.84  303.22
2454945.72602 16.2625  0.0077 3.86  766.0  157.84  303.22
2454945.75084 16.2642  0.0072 3.57  720.0  157.84  303.22
2454945.78245 16.2570  0.0073 3.79  730.0  157.84  303.22
2454945.84800 16.2729  0.0070 3.72  708.0  157.84  303.22
2454946.67563 16.2728  0.0083 4.15  808.0  157.84  303.22
2454946.69224 16.2842  0.0078 3.75  790.0  157.84  303.22
2454946.73092 16.2709  0.0080 4.30  712.0  157.84  303.22
2454946.80531 16.2600  0.0069 3.19  688.0  157.84  303.22
2454947.66936 16.2556  0.0075 3.96  725.0  157.84  303.22
2454947.69080 16.2712  0.0075 3.85  718.0  157.84  303.22
2454947.72878 16.2637  0.0071 3.23  734.0  157.84  303.22
2454947.81497 16.2490  0.0072 3.71  750.0  157.84  303.22
2454947.86756 16.2671  0.0081 4.84  845.0  157.84  303.22
2454948.67055 16.2675  0.0076 3.59  891.0  157.84  303.22
2454948.82882 16.2733  0.0072 4.00  676.0  157.84  303.22
2454948.84991 16.2614  0.0073 4.11  654.0  157.84  303.22
2454949.66701 16.2907  0.0081 3.85  899.0  157.84  303.22
2454949.82916 16.2717  0.0074 4.18  751.0  157.84  303.22
2454950.66115 16.2907  0.0085 4.50  781.0  157.84  303.22
2454951.65803 16.2818  0.0090 4.75  926.0  157.84  303.22
2454952.65629 16.2607  0.0083 4.98  740.0  157.84  303.22
2454953.64992 16.2618  0.0083 3.98  917.0  157.84  303.22
2454953.82450 16.2861  0.0085 5.12  820.0  157.84  303.22
2454954.65150 16.2843  0.0095 5.36  838.0  157.84  303.22
2454954.84432 16.3070  0.0082 4.79  693.0  157.84  303.22
2454955.65218 16.2800  0.0090 4.69  983.0  157.84  303.22
