2106.77737 17.2415 0.0187
2112.76568 17.2342 0.0161
2128.58275 17.2512 0.0166
2131.57614 17.2437 0.0168
2134.67978 17.2771 0.0207
2138.55990 17.2120 0.0197
2158.52784 17.2715 0.0155
2162.51316 17.2477 0.0209
2168.54798 17.2311 0.0238
2173.50600 17.2465 0.0258
2180.50461 17.2493 0.0173
2184.50932 17.2300 0.0261
2194.56439 17.2475 0.0199
2321.88195 17.2572 0.0243
2326.81506 17.2860 0.0253
2345.82461 17.2559 0.0165
2350.82868 17.2746 0.0165
2358.89339 17.2438 0.0195
2370.82158 17.2598 0.0196
2381.82885 17.2660 0.0177
2384.80172 17.2549 0.0182
2388.85949 17.2709 0.0181
2391.74551 17.2710 0.0233
2396.77699 17.2414 0.0287
2400.70495 17.2434 0.0202
2402.81921 17.2632 0.0172
2404.85184 17.2634 0.0177
2406.93579 17.2351 0.0242
2415.73265 17.2505 0.0204
2417.70947 17.2574 0.0202
2426.68762 17.2503 0.0181
2431.81831 17.2602 0.0175
2433.74547 17.2707 0.0197
2434.81856 17.2587 0.0177
2436.59308 17.2471 0.0201
2438.62346 17.2698 0.0200
2440.60492 17.2415 0.0191
2442.62219 17.2683 0.0182
2444.71852 17.2757 0.0196
2446.68701 17.2678 0.0197
2453.74996 17.2372 0.0197
2458.74301 17.2598 0.0200
2462.73174 17.2534 0.0162
2463.83239 17.2466 0.0178
2466.76229 17.2640 0.0196
2468.47465 17.2672 0.0225
2470.47758 17.2603 0.0236
2472.48145 17.2110 0.0227
2474.47980 17.2393 0.0272
2482.63139 17.2705 0.0207
2485.64138 17.2652 0.0225
2489.71204 17.2695 0.0167
2492.65740 17.2742 0.0174
2494.71107 17.2184 0.0166
2497.51364 17.2521 0.0190
2499.54962 17.2591 0.0170
2501.57721 17.2596 0.0174
2503.50243 17.2774 0.0492
2511.55755 17.2501 0.0234
2517.49443 17.2562 0.0230
2520.68356 17.2573 0.0184
2526.53779 17.2365 0.0172
2537.48785 17.2317 0.0226
2540.50385 17.2399 0.0222
2546.51435 17.2429 0.0197
2550.49572 17.2504 0.0261
2554.56758 17.2518 0.0208
2558.50410 17.2367 0.0247
2565.50480 17.2625 0.0251
2698.89907 17.2521 0.0210
2711.88210 17.2769 0.0176
2721.90379 17.2505 0.0295
2730.90269 17.2439 0.0168
2743.77918 17.2594 0.0177
2748.79785 17.2521 0.0197
2755.78789 17.2692 0.0172
2759.78293 17.2555 0.0188
2765.79604 17.2425 0.0173
2769.78069 17.3012 0.0137
2782.71894 17.2503 0.0209
2784.71177 17.2479 0.0161
2786.59830 17.2535 0.0256
2788.69597 17.2472 0.0164
2788.73165 17.2569 0.0164
2788.81973 17.2559 0.0183
2788.93236 17.2425 0.0165
2789.61901 17.2642 0.0174
2789.73310 17.2714 0.0166
2790.82455 17.2578 0.0178
2791.71572 17.2342 0.0172
2791.93904 17.2408 0.0172
2792.58554 17.2610 0.0248
2792.62317 17.2485 0.0197
2794.61897 17.2615 0.0211
2796.57352 17.2499 0.0185
2802.58994 17.2758 0.0264
2808.63984 17.2566 0.0190
2810.57817 17.2710 0.0187
2812.57976 17.2432 0.0181
2813.82358 17.2840 0.0181
2815.60210 17.2691 0.0190
2816.66782 17.2516 0.0176
2817.78225 17.2504 0.0204
2818.67744 17.2492 0.0167
2819.77137 17.2571 0.0192
2821.66942 17.2528 0.0211
2826.66026 17.3392 0.0156
2826.68916 17.2335 0.0142
2830.79053 17.2373 0.0299
2835.48752 17.2597 0.0248
2837.50646 17.2485 0.0256
2838.73686 17.2622 0.0188
2840.50761 17.2478 0.0206
2842.56549 17.2585 0.0193
2844.62030 17.2433 0.0172
2848.55979 17.2780 0.0241
2851.54619 17.2636 0.0180
2853.54994 17.2671 0.0186
2854.74554 17.2621 0.0213
2857.73259 17.2382 0.0200
2862.51378 17.2468 0.0238
2864.51149 17.2432 0.0216
2867.66502 17.2400 0.0192
2868.52698 17.2458 0.0178
2871.49287 17.2493 0.0181
2875.64264 17.2369 0.0201
2877.66295 17.2569 0.0196
2882.55284 17.2759 0.0183
2889.53966 17.2268 0.0253
2894.58707 17.2260 0.0194
2898.64282 17.2693 0.0215
2903.54552 17.2515 0.0157
2908.60365 17.2691 0.0236
2912.54945 17.2302 0.0186
2926.57301 17.2486 0.0198
3043.87242 17.2401 0.0196
3044.86716 17.2533 0.0214
3055.88322 17.2544 0.0180
3064.82722 17.2742 0.0212
3067.90064 17.2417 0.0167
3070.86220 17.2349 0.0204
3073.81760 17.2325 0.0190
3075.85629 17.2792 0.0192
3079.90081 17.2424 0.0217
3082.87177 17.2430 0.0169
3084.91420 17.2595 0.0168
3086.84576 17.2495 0.0147
3088.80322 17.2431 0.0149
3089.91249 17.2475 0.0168
3091.84071 17.2749 0.0177
3096.87367 17.2511 0.0190
3098.86270 17.2607 0.0146
3100.81180 17.2543 0.0163
3102.87776 17.2354 0.0173
3103.78306 17.2662 0.0181
3104.90377 17.2867 0.0462
3106.85378 17.2382 0.0182
3108.77565 17.2377 0.0150
3109.80783 17.2531 0.0153
3110.84222 17.2449 0.0168
3112.80054 17.2664 0.0162
3113.88156 17.2456 0.0168
3114.79239 17.2531 0.0156
3115.87585 17.2570 0.0169
3122.91837 17.2589 0.0199
3125.87874 17.2526 0.0216
3126.90430 17.2494 0.0173
3127.81854 17.2470 0.0188
3128.82822 17.2703 0.0167
3130.70614 17.2502 0.0199
3131.89528 17.2435 0.0261
3135.90747 17.2729 0.0189
3138.70919 17.2409 0.0185
3139.88648 17.2308 0.0167
3140.88627 17.2517 0.0171
3142.77455 17.2687 0.0161
3144.79551 17.2512 0.0170
3146.81814 17.2443 0.0183
3151.75814 17.2641 0.0194
3151.91079 17.2503 0.0203
3152.76222 17.2608 0.0186
3153.76614 17.2547 0.0191
3154.82767 17.2705 0.0221
3156.84743 17.2635 0.0207
3158.92154 17.2441 0.0275
3162.82241 17.2341 0.0185
3163.63530 17.2428 0.0158
3163.65706 17.2638 0.0155
3164.74466 17.2781 0.0167
3165.76477 17.2605 0.0143
3166.90996 17.2283 0.0262
3167.77020 17.2765 0.0209
3168.75800 17.2522 0.0165
3169.73435 17.2398 0.0175
3170.81140 17.2546 0.0151
3171.83417 17.2565 0.0135
3172.76115 17.2551 0.0164
3174.71806 17.2450 0.0145
3175.72741 17.2749 0.0159
3177.76458 17.2716 0.0224
3178.79110 17.2547 0.0133
3179.80083 17.2635 0.0188
3180.72975 17.2589 0.0143
3182.78073 17.2849 0.0178
3183.74930 17.2376 0.0188
3184.70710 17.2553 0.0152
3185.75974 17.2624 0.0168
3193.54537 17.2626 0.0170
3194.60394 17.2601 0.0178
3195.65594 17.2589 0.0149
3195.80897 17.2663 0.0159
3196.55442 17.2490 0.0189
3197.52191 17.2550 0.0155
3199.63174 17.2724 0.0186
3201.52356 17.2323 0.0151
3202.57797 17.2550 0.0164
3203.66754 17.2605 0.0162
3204.66185 17.2529 0.0154
3205.77549 17.2736 0.0152
3206.72632 17.2375 0.0164
3210.55169 17.2753 0.0213
3211.59214 17.2432 0.0183
3217.48224 17.2848 0.0191
3218.65921 17.2654 0.0212
3219.61505 17.2562 0.0226
3223.66038 17.2392 0.0200
3224.70587 17.2645 0.0176
3226.62991 17.2750 0.0196
3228.60968 17.2504 0.0177
3229.64216 17.2804 0.0182
3230.67574 17.2799 0.0163
3231.57942 17.2769 0.0167
3238.62808 17.2367 0.0209
3239.70680 17.2797 0.0202
3240.68794 17.2506 0.0205
3241.66284 17.2774 0.0203
3245.56271 17.2683 0.0204
3246.66642 17.2632 0.0223
3247.63262 17.2578 0.0182
3249.53463 17.2617 0.0181
3250.66728 17.2486 0.0213
3253.53507 17.2728 0.0177
3256.64434 17.2416 0.0205
3267.54041 17.2419 0.0176
3272.59581 17.2421 0.0201
3275.57879 17.2432 0.0227
3278.60768 17.2602 0.0189
3282.58171 17.2254 0.0122
3288.55423 17.2337 0.0164
3293.52485 17.2554 0.0137
3295.53504 17.2294 0.0105
3299.55932 17.3280 0.0105
3314.51954 17.2149 0.0258
3409.88570 17.2535 0.0207
3414.87418 17.2640 0.0175
3422.88009 17.2536 0.0178
3426.87121 17.2551 0.0167
3429.85323 17.2683 0.0185
3432.89666 17.2394 0.0172
3442.89913 17.2790 0.0163
3445.81188 17.2477 0.0138
3447.86253 17.2782 0.0174
3449.87517 17.2549 0.0135
3452.89572 17.2693 0.0142
3455.82999 17.2699 0.0198
3457.86351 17.2559 0.0154
3459.85872 17.2584 0.0155
3467.88854 17.2570 0.0157
3469.79450 17.2463 0.0143
3470.80739 17.2726 0.0135
3472.76986 17.2628 0.0157
3473.78965 17.2455 0.0170
3474.78631 17.2581 0.0190
3475.81190 17.2580 0.0145
3477.77369 17.2466 0.0155
3479.77251 17.2479 0.0129
3480.73268 17.2510 0.0144
3481.75064 17.2700 0.0147
3482.72739 17.2784 0.0157
3496.73019 17.2469 0.0161
3497.80172 17.2447 0.0166
3498.92602 17.2572 0.0180
3499.87290 17.2697 0.0146
3500.73912 17.2757 0.0156
3501.82986 17.2604 0.0131
3502.72861 17.2605 0.0135
3503.69778 17.2994 0.0145
3504.71250 17.2575 0.0153
3506.75637 17.2642 0.0152
3508.76591 17.2674 0.0196
3509.73902 17.2657 0.0145
3510.80875 17.2627 0.0151
3511.84790 17.2668 0.0159
3512.71763 17.2367 0.0172
3517.69854 17.2835 0.0317
3520.77202 17.2636 0.0171
3521.72879 17.2749 0.0136
3522.75671 17.2252 0.0134
3523.76193 17.2568 0.0135
3524.90364 17.2432 0.0187
3525.76009 17.2738 0.0144
3526.76307 17.2674 0.0149
3528.68400 17.2723 0.0143
3529.70626 17.2321 0.0102
3530.62139 17.2540 0.0133
3537.74661 17.2498 0.0132
3538.61792 17.2564 0.0143
3539.82821 17.2575 0.0116
3540.66125 17.2463 0.0162
3544.73345 17.2869 0.0199
3546.72680 17.2649 0.0234
3547.81961 17.2754 0.0220
3550.64608 17.2725 0.0140
3551.64742 17.2122 0.0107
3552.68203 17.2820 0.0151
3553.73141 17.2574 0.0179
3554.66995 17.2399 0.0182
3555.68834 17.2450 0.0172
3556.68441 17.2394 0.0149
3558.54146 17.2902 0.0185
3558.84015 17.2436 0.0177
3559.71005 17.2846 0.0150
3560.61143 17.2489 0.0146
3561.55639 17.2446 0.0151
3562.59981 17.2834 0.0188
3563.65060 17.2505 0.0144
3564.58557 17.2360 0.0184
3569.57372 17.2694 0.0231
3573.66865 17.2834 0.0203
3574.70005 17.2564 0.0180
3575.54756 17.2743 0.0136
3575.78417 17.2775 0.0174
3576.70140 17.2441 0.0162
3577.60151 17.2554 0.0148
3578.68616 17.2391 0.0146
3579.63167 17.2554 0.0144
3580.66487 17.2605 0.0161
3581.68469 17.2467 0.0135
3582.65657 17.2531 0.0155
3583.64702 17.2468 0.0146
3583.76689 17.3018 0.0190
3584.65566 17.2544 0.0135
3584.77033 17.2485 0.0159
3585.64600 17.2524 0.0150
3586.73110 17.2829 0.0146
3589.68466 17.2685 0.0137
3590.69375 17.2422 0.0154
3591.69218 17.2856 0.0133
3594.72130 17.2699 0.0153
3601.66984 17.2742 0.0157
3602.63046 17.2303 0.0164
3603.65049 17.2882 0.0169
3607.64882 17.2733 0.0145
3608.66420 17.2549 0.0148
3615.59194 17.2554 0.0155
3618.59357 17.2602 0.0159
3620.55675 17.2437 0.0141
3622.53464 17.2979 0.0234
3628.61548 17.2448 0.0243
3630.55017 17.2645 0.0189
3632.60182 17.2280 0.0216
3634.50089 17.2487 0.0164
3639.55979 17.2738 0.0134
3641.55818 17.2557 0.0230
3644.51857 17.2556 0.0151
3648.55170 17.2376 0.0192
3650.59883 17.2664 0.0222
3654.55437 17.2531 0.0245
3656.53563 17.2803 0.0193
3658.56746 17.2372 0.0242
3660.54014 17.2927 0.0202
3664.54130 17.2340 0.0157
3669.54081 17.2284 0.0186
3675.52218 17.2591 0.0198
3776.88070 17.2542 0.0192
3782.86534 17.2632 0.0163
3784.89062 17.2691 0.0177
3787.85260 17.2641 0.0169
3790.88334 17.2824 0.0194
3792.87994 17.2783 0.0131
3794.83693 17.2064 0.0176
3796.82648 17.2377 0.0162
3798.79763 17.2674 0.0184
3799.87129 17.2771 0.0195
3800.89764 17.2523 0.0166
3801.87983 17.2599 0.0174
3802.84534 17.2504 0.0158
3803.88067 17.2457 0.0146
3805.79667 17.2719 0.0182
3806.81680 17.2767 0.0166
3807.83050 17.2280 0.0179
3808.79019 17.2628 0.0167
3809.79303 17.2360 0.0150
3810.83758 17.2555 0.0150
3811.83356 17.2486 0.0160
3812.82534 17.2783 0.0185
3813.80399 17.2517 0.0151
3814.81821 17.2619 0.0150
3817.84961 17.2715 0.0192
3818.88043 17.2502 0.0140
3819.79600 17.2422 0.0131
3820.76631 17.2572 0.0144
3821.76940 17.2652 0.0155
3822.80883 17.2905 0.0167
3823.76497 17.2476 0.0151
3824.78242 17.2929 0.0188
3825.79985 17.2542 0.0171
3826.78250 17.2500 0.0160
3827.79570 17.2654 0.0152
3828.76927 17.2439 0.0211
3829.80460 17.2583 0.0141
3830.72628 17.2499 0.0163
3831.88952 17.2408 0.0145
3832.74785 17.2548 0.0154
3833.75557 17.2657 0.0145
3834.73454 17.2656 0.0177
3835.73032 17.2744 0.0185
3835.78453 17.2755 0.0151
3835.91635 17.2349 0.0146
3836.75867 17.2493 0.0212
3837.72523 17.2621 0.0180
3837.89805 17.2635 0.0144
3838.73269 17.2588 0.0215
3839.73401 17.2582 0.0224
3840.76021 17.2564 0.0167
3840.90480 17.2443 0.0163
3841.71545 17.2358 0.0174
3842.84027 17.2530 0.0156
3845.71374 17.2948 0.0301
3845.90163 17.2560 0.0273
3846.72466 17.2643 0.0149
3847.79097 17.2456 0.0207
3848.74587 17.2275 0.0181
3849.74505 17.2514 0.0155
3850.68884 17.2777 0.0165
3850.86080 17.2787 0.0163
3850.93227 17.2605 0.0232
3851.70404 17.2588 0.0191
3851.86729 17.2657 0.0166
3852.69276 17.2460 0.0169
3852.92129 17.2650 0.0170
3853.68102 17.2652 0.0153
3853.84866 17.2722 0.0132
3853.92020 17.2455 0.0137
3854.69765 17.2567 0.0167
3856.67106 17.2711 0.0168
3856.83736 17.2243 0.0168
3857.90895 17.2715 0.0155
3858.72755 17.2756 0.0168
3859.79013 17.2407 0.0145
3860.80632 17.2630 0.0206
3861.65992 17.2745 0.0188
3861.76692 17.2667 0.0147
3862.66495 17.2630 0.0178
3862.85531 17.2707 0.0148
3862.92899 17.2469 0.0177
3863.68113 17.2693 0.0170
3863.90090 17.2399 0.0136
3864.67097 17.2544 0.0175
3864.86109 17.2598 0.0136
3865.72861 17.2241 0.0156
3865.87215 17.2412 0.0149
3866.68026 17.2432 0.0149
3866.81978 17.2440 0.0157
3866.89795 17.2552 0.0154
3867.69504 17.2628 0.0156
3867.88173 17.2680 0.0165
3868.70297 17.2399 0.0180
3868.84707 17.2495 0.0188
3868.93516 17.2969 0.0232
3869.68169 17.2748 0.0162
3869.86300 17.2390 0.0182
3872.88291 17.2553 0.0162
3873.68694 17.2567 0.0153
3873.82908 17.2486 0.0164
3873.90021 17.2414 0.0153
3874.73787 17.2290 0.0181
3874.91272 17.2605 0.0150
3875.70660 17.2632 0.0131
3875.85344 17.2483 0.0141
3876.62562 17.2538 0.0142
3877.70251 17.2611 0.0126
3877.85223 17.2545 0.0147
3877.92531 17.2556 0.0188
3879.65853 17.2514 0.0133
3880.82776 17.2674 0.0178
3880.90683 17.2382 0.0165
3881.65330 17.2620 0.0157
3881.86875 17.2596 0.0144
3881.91539 17.2351 0.0137
3882.63821 17.2509 0.0142
3882.79174 17.2696 0.0165
3882.86562 17.2332 0.0146
3882.93425 17.2438 0.0144
3883.62577 17.2519 0.0170
3883.82287 17.2517 0.0164
3886.58789 17.2286 0.0175
3886.78639 17.2548 0.0147
3886.86159 17.2633 0.0159
3887.63889 17.2597 0.0141
3887.76587 17.2418 0.0138
3887.86944 17.2625 0.0157
3887.94145 17.2364 0.0180
3889.65290 17.2648 0.0148
3889.92772 17.2605 0.0164
3890.71918 17.2556 0.0122
3891.66226 17.2453 0.0142
3891.78395 17.2285 0.0201
3891.86627 17.2897 0.0172
3892.72893 17.2618 0.0147
3892.92064 17.2559 0.0165
3893.60259 17.1984 0.0168
3894.65709 17.2525 0.0204
3894.66667 17.2661 0.0185
3894.87243 17.2487 0.0181
3896.59313 17.2507 0.0251
3900.52096 17.2701 0.0217
3900.71130 17.2540 0.0171
3900.79063 17.2575 0.0165
3900.85920 17.2349 0.0159
3901.53572 17.2574 0.0184
3901.71200 17.2562 0.0144
3901.78977 17.2500 0.0162
3901.86285 17.2586 0.0172
3902.55128 17.2509 0.0167
3902.73433 17.2516 0.0159
3902.85186 17.2578 0.0181
3903.64316 17.2508 0.0161
3903.89168 17.2502 0.0177
3904.54671 17.2633 0.0161
3904.70913 17.2521 0.0134
3904.77855 17.2534 0.0143
3904.85133 17.2725 0.0155
3905.54351 17.2309 0.0156
3905.71985 17.2556 0.0130
3905.79014 17.2384 0.0134
3905.85873 17.2568 0.0133
3906.55485 17.2480 0.0182
3906.74420 17.2780 0.0158
3906.81743 17.2774 0.0162
3907.58567 17.2486 0.0167
3907.77098 17.2428 0.0188
3907.85548 17.2501 0.0218
3908.52364 17.2467 0.0169
3908.71045 17.2756 0.0156
3908.78736 17.2384 0.0156
3908.87017 17.2754 0.0180
3909.52336 17.2466 0.0193
3909.70617 17.2711 0.0131
3909.79652 17.2511 0.0141
3909.87608 17.2266 0.0165
3910.54376 17.2684 0.0201
3912.51820 17.2720 0.0149
3912.70989 17.2699 0.0131
3912.80093 17.2621 0.0136
3912.88876 17.2322 0.0156
3913.51109 17.2388 0.0138
3913.71296 17.2587 0.0176
3913.80849 17.2596 0.0139
3914.53714 17.2632 0.0186
3914.76868 17.2454 0.0147
3914.78226 17.2575 0.0138
3915.51284 17.2727 0.0173
3915.71785 17.2404 0.0150
3915.80904 17.2409 0.0144
3916.55762 17.2478 0.0186
3917.53569 17.2786 0.0193
3917.80856 17.2654 0.0193
3918.56609 17.2760 0.0167
3918.80326 17.2717 0.0180
3919.53030 17.2603 0.0187
3919.74315 17.2509 0.0143
3920.50049 17.2382 0.0202
3920.69709 17.2623 0.0187
3920.77901 17.2623 0.0138
3921.50039 17.2513 0.0183
3921.69957 17.2599 0.0209
3921.80231 17.2290 0.0202
3922.69767 17.1990 0.0206
3930.51810 17.2767 0.0170
3930.77470 17.2630 0.0211
3931.48545 17.2559 0.0198
3932.51697 17.2629 0.0171
3932.79230 17.2478 0.0185
3933.49804 17.2437 0.0156
3933.68780 17.2563 0.0137
3933.76341 17.2631 0.0142
3934.48080 17.2590 0.0163
3934.69756 17.2630 0.0155
3934.76668 17.2664 0.0150
3935.53071 17.2427 0.0153
3935.70197 17.2551 0.0185
3935.77061 17.2514 0.0175
3936.48406 17.2317 0.0199
3936.64941 17.2594 0.0145
3936.72594 17.2495 0.0163
3937.49037 17.2652 0.0236
3937.77043 17.2441 0.0198
3938.48878 17.2691 0.0196
3938.68267 17.2686 0.0157
3938.76553 17.2359 0.0164
3939.55615 17.2502 0.0149
3940.67445 17.2502 0.0131
3944.52914 17.2816 0.0136
3945.50201 17.2594 0.0167
3945.70449 17.2614 0.0159
3945.76035 17.2815 0.0172
3946.50334 17.2953 0.0181
3946.69265 17.2526 0.0170
3946.77407 17.2745 0.0171
3950.50913 17.2540 0.0148
3950.72278 17.2338 0.0145
3951.50382 17.2473 0.0180
3951.73629 17.2605 0.0180
3955.67793 17.1746 0.0288
3956.55756 17.2669 0.0233
3957.49698 17.2637 0.0185
3958.56768 17.2595 0.0165
3959.49351 17.2667 0.0187
3959.67489 17.2381 0.0163
3960.48980 17.2389 0.0144
3960.66886 17.2391 0.0135
3960.74090 17.2510 0.0161
3961.56116 17.2509 0.0187
3963.52246 17.2705 0.0161
3963.69979 17.2816 0.0154
3964.51450 17.2774 0.0143
3964.71939 17.2865 0.0161
3965.49583 17.2492 0.0142
3965.69017 17.2572 0.0136
3966.52577 17.2457 0.0147
3966.67885 17.2618 0.0152
3967.50729 17.2272 0.0192
3967.70420 17.2475 0.0155
3968.48758 17.2730 0.0177
3968.65954 17.2436 0.0153
3968.72864 17.2454 0.0175
3969.51616 17.2438 0.0177
3969.67007 17.2633 0.0177
3970.49681 17.2343 0.0190
3970.67765 17.2657 0.0151
3971.53652 17.2431 0.0184
3971.71091 17.2495 0.0171
3973.56206 17.2603 0.0192
3974.49660 17.2550 0.0178
3974.67555 17.2738 0.0190
3975.49924 17.2483 0.0175
3975.67453 17.2304 0.0164
3976.49592 17.2623 0.0142
3976.67320 17.2588 0.0187
3979.49903 17.2329 0.0196
3982.55799 17.2781 0.0178
3982.61980 17.2430 0.0165
3982.67523 17.2529 0.0206
3983.47648 17.2698 0.0232
3983.51375 17.3140 0.0283
3986.56878 17.2456 0.0212
3987.49670 17.2867 0.0182
3988.49953 17.2428 0.0146
3990.63070 17.2411 0.0178
3995.55738 17.2608 0.0148
3999.57817 17.2360 0.0158
4001.50837 17.2520 0.0187
4003.52872 17.2604 0.0145
4004.51487 17.2608 0.0146
4006.51074 17.2653 0.0172
4011.60749 17.2925 0.0221
4012.55881 17.2429 0.0195
4016.50630 17.2382 0.0180
4018.53150 17.2598 0.0189
4020.52938 17.2269 0.0190
4023.52973 17.2515 0.0185
4025.54914 17.2639 0.0177
4027.55407 17.2990 0.0193
4030.54583 17.2573 0.0179
4036.52709 17.2241 0.0225
4040.50826 17.2467 0.0223
4043.49773 17.3088 0.0311
4141.86827 17.2651 0.0202
4149.88512 17.2593 0.0205
4153.87143 17.2449 0.0188
4156.84993 17.2361 0.0212
4158.86939 17.2405 0.0198
4161.83733 17.2574 0.0199
4163.82019 17.2701 0.0224
4164.82587 17.2488 0.0187
4165.90624 17.2541 0.0256
4167.91365 17.2239 0.0262
4170.78719 17.2672 0.0380
4175.78114 17.2350 0.0210
4176.88970 17.2530 0.0186
4178.78197 17.2560 0.0180
4179.84081 17.2640 0.0173
4181.77714 17.2811 0.0199
4182.82203 17.2495 0.0162
4183.85817 17.2576 0.0193
4184.89863 17.2451 0.0155
4185.87455 17.2664 0.0185
4189.90910 17.2562 0.0231
4191.86425 17.2634 0.0228
4192.77948 17.2623 0.0230
4194.77892 17.2574 0.0187
4196.76917 17.2626 0.0215
4202.75060 17.2545 0.0181
4203.73879 17.2569 0.0156
4203.92316 17.2370 0.0170
4204.72709 17.2399 0.0187
4205.72752 17.2677 0.0200
4207.71697 17.2367 0.0183
4207.89218 17.2495 0.0162
4208.73913 17.2528 0.0191
4211.78327 17.2515 0.0214
4212.91922 17.2620 0.0200
4213.74580 17.2426 0.0173
4215.73570 17.2351 0.0198
4216.69310 17.2182 0.0195
4216.88594 17.2597 0.0110
4217.69869 17.2457 0.0172
4218.72288 17.2375 0.0220
4219.74434 17.2539 0.0194
4220.68680 17.2207 0.0196
4221.72992 17.2724 0.0218
4222.90440 17.2456 0.0184
4223.73285 17.2480 0.0218
4224.77640 17.2471 0.0201
4228.67058 17.2405 0.0206
4228.90239 17.2355 0.0239
4229.66545 17.2217 0.0211
4229.86245 17.2648 0.0186
4229.92412 17.2439 0.0188
4230.67527 17.2517 0.0172
4230.86323 17.2667 0.0197
4230.92496 17.2446 0.0240
4231.65960 17.2556 0.0187
4231.83519 17.2470 0.0174
4231.92798 17.2758 0.0200
4232.74240 17.2710 0.0198
4232.90946 17.2504 0.0214
4233.79148 17.2542 0.0212
4234.70247 17.2405 0.0203
4235.88469 17.2661 0.0182
4237.68572 17.2516 0.0178
4238.72337 17.2575 0.0166
4238.86932 17.2449 0.0199
4238.93106 17.2763 0.0246
4239.61384 17.2442 0.0192
4240.67085 17.2696 0.0162
4240.80522 17.2493 0.0188
4240.93640 17.2410 0.0195
4243.63340 17.2425 0.0199
4243.72965 17.2515 0.0186
4243.82324 17.2452 0.0197
4243.94089 17.2747 0.0248
4244.60921 17.2146 0.0211
4244.70527 17.2631 0.0174
4244.79835 17.2545 0.0176
4245.60188 17.2665 0.0176
4245.69560 17.2499 0.0163
4245.79204 17.2367 0.0163
4246.66066 17.2447 0.0187
4246.75363 17.2442 0.0202
4246.84687 17.2390 0.0193
4247.67585 17.2451 0.0179
4247.81378 17.2648 0.0177
4250.72396 17.2329 0.0186
4251.79550 17.2723 0.0270
4256.61077 17.2249 0.0215
4256.75759 17.2660 0.0263
4256.85543 17.2446 0.0270
4257.64267 17.2727 0.0241
4258.62592 17.2714 0.0226
4258.74919 17.2547 0.0188
4258.84388 17.2650 0.0215
4267.58596 17.2822 0.0241
4268.77338 17.2648 0.0191
4268.89373 17.2355 0.0203
4269.56830 17.2715 0.0201
4269.68933 17.2407 0.0170
4269.78010 17.2668 0.0172
4270.56385 17.2660 0.0198
4272.63224 17.2678 0.0174
4272.78136 17.2618 0.0179
4272.85284 17.2411 0.0216
4273.60925 17.2676 0.0247
4273.79007 17.2679 0.0221
4273.84988 17.2477 0.0223
4274.60172 17.2687 0.0234
4274.75623 17.2492 0.0182
4274.81538 17.2469 0.0203
4275.59444 17.2630 0.0176
4275.76985 17.2436 0.0199
4275.82831 17.2673 0.0230
4275.88951 17.2385 0.0280
4276.57922 17.2381 0.0200
4277.52306 17.2507 0.0234
4277.69870 17.2664 0.0184
4277.75871 17.2639 0.0205
4277.81731 17.2630 0.0257
4278.56007 17.2759 0.0258
4278.74405 17.2213 0.0214
4278.81707 17.2156 0.0260
4283.50253 17.2712 0.0234
4283.72270 17.2608 0.0270
4284.49756 17.2399 0.0223
4284.72804 17.2652 0.0186
4284.79024 17.2657 0.0198
4284.85531 17.2723 0.0254
4285.49600 17.2576 0.0220
4285.68811 17.2562 0.0212
4285.75491 17.2572 0.0185
4285.82038 17.2542 0.0213
4286.50029 17.2374 0.0219
4286.79721 17.3168 0.0238
4289.50502 17.2145 0.0229
4289.72341 17.2647 0.0211
4289.78846 17.2262 0.0192
4290.55447 17.2607 0.0201
4291.65686 17.2535 0.0189
4291.77926 17.2573 0.0219
4292.48257 17.2503 0.0178
4292.66068 17.2670 0.0177
4292.72031 17.2679 0.0166
4292.77903 17.2542 0.0174
4292.84304 17.2614 0.0197
4293.48295 17.2558 0.0187
4293.68883 17.2487 0.0173
4293.74764 17.2559 0.0169
4293.82523 17.2616 0.0184
4294.48221 17.2626 0.0185
4295.48373 17.2871 0.0225
4295.68723 17.2536 0.0164
4295.74595 17.2682 0.0162
4295.82819 17.2688 0.0202
4296.48501 17.2491 0.0198
4296.67347 17.2406 0.0171
4296.78964 17.2460 0.0174
4297.50582 17.2419 0.0199
4297.70671 17.2454 0.0155
4297.81920 17.2321 0.0203
4298.54052 17.2488 0.0217
4298.64635 17.2496 0.0192
4298.73984 17.2783 0.0194
4299.52338 17.2542 0.0176
4299.61672 17.2497 0.0159
4299.70889 17.2577 0.0158
4299.79909 17.2584 0.0235
4300.51928 17.2453 0.0176
4300.63868 17.2548 0.0175
4300.73510 17.2372 0.0181
4301.50929 17.2787 0.0195
4301.60158 17.2499 0.0159
4301.70429 17.2644 0.0179
4301.79678 17.2635 0.0171
4302.58307 17.2689 0.0162
4302.67695 17.2535 0.0194
4303.66469 17.2387 0.0230
4304.54307 17.2626 0.0231
4304.65246 17.2286 0.0234
4306.53280 17.2331 0.0237
4306.66787 17.2557 0.0202
4307.76842 17.2302 0.0195
4311.74390 17.2291 0.0267
4312.51368 17.2523 0.0224
4312.70886 17.2519 0.0183
4312.80646 17.2331 0.0235
4315.54785 17.2790 0.0189
4316.57670 17.2371 0.0161
4317.49908 17.2420 0.0195
4319.50817 17.2370 0.0199
4319.76260 17.2661 0.0212
4320.53113 17.2639 0.0192
4326.48669 17.2376 0.0198
4327.58038 17.2439 0.0229
4328.50741 17.2413 0.0207
4328.68441 17.2626 0.0209
4329.51756 17.2447 0.0198
4329.66543 17.2740 0.0203
4329.72418 17.2454 0.0223
4330.53016 17.2454 0.0180
4330.68109 17.2589 0.0173
4331.51034 17.2458 0.0178
4331.67690 17.2488 0.0211
4332.48810 17.2583 0.0169
4333.51917 17.2282 0.0192
4333.68025 17.2463 0.0202
4334.49238 17.2556 0.0412
4334.59007 17.2401 0.0295
4338.49253 17.2647 0.0230
4339.51198 17.2327 0.0196
4339.68321 17.2405 0.0270
4340.58065 17.2659 0.0213
4341.49294 17.2291 0.0230
4342.52222 17.2539 0.0209
4343.49824 17.2510 0.0166
4343.69807 17.2403 0.0209
4344.52896 17.2512 0.0244
4345.49436 17.2437 0.0158
4346.50297 17.2549 0.0201
4347.52193 17.2616 0.0218
4348.63329 17.2529 0.0195
4350.51753 17.2423 0.0175
4351.49278 17.2567 0.0176
4352.54028 17.2465 0.0236
4353.50019 17.2508 0.0182
4354.52878 17.2533 0.0192
4355.53037 17.2422 0.0196
4356.49679 17.2395 0.0176
4357.58009 17.2395 0.0230
4358.53734 17.2510 0.0212
4359.50612 17.2328 0.0205
4361.55913 17.2557 0.0237
4362.49452 17.2482 0.0258
4365.55150 17.2591 0.0251
4367.52788 17.2453 0.0201
4368.56339 17.2385 0.0247
4369.57652 17.2395 0.0291
4370.55035 17.2609 0.0180
4371.52378 17.2360 0.0179
4372.50829 17.2604 0.0169
4373.57377 17.2590 0.0192
4375.56472 17.2678 0.0259
4377.59794 17.2359 0.0217
4378.50799 17.2392 0.0187
4379.52339 17.2457 0.0230
4380.53487 17.2553 0.0189
4381.51283 17.2442 0.0258
4382.60136 17.2526 0.0219
4383.52632 17.2244 0.0226
4384.58336 17.2083 0.0240
4387.56174 17.2070 0.0198
4393.52066 17.2569 0.0203
4394.57804 17.2630 0.0250
4395.54943 17.2310 0.0226
4396.56197 17.2428 0.0251
4397.52084 17.2438 0.0224
4398.52850 17.2450 0.0237
4399.56402 17.2697 0.0245
4400.52342 17.2428 0.0256
4402.53803 17.1825 0.0274
4403.53903 17.2160 0.0242
4506.88978 17.2335 0.0304
4511.84125 17.2702 0.0165
4513.85083 17.2675 0.0179
4517.84488 17.2599 0.0243
4519.83080 17.2394 0.0225
4522.86392 17.2376 0.0237
4524.84332 17.2507 0.0200
4530.80551 17.2353 0.0151
4533.83923 17.2557 0.0187
4535.88924 17.2575 0.0189
4537.78886 17.2743 0.0207
4538.88280 17.2228 0.0177
4539.84402 17.2319 0.0165
4540.85391 17.2178 0.0163
4541.78296 17.2577 0.0173
4542.77748 17.2437 0.0217
4543.77312 17.2519 0.0200
4544.76997 17.2359 0.0191
4545.75670 17.2711 0.0221
4546.76328 17.2161 0.0205
4547.77745 17.2368 0.0190
4548.83037 17.2602 0.0195
4550.80261 17.2415 0.0200
4551.74895 17.2565 0.0192
4552.79257 17.2164 0.0252
4556.74524 17.2648 0.0180
4557.76284 17.2202 0.0176
4558.78304 17.2643 0.0152
4559.73590 17.2513 0.0164
4559.92479 17.2289 0.0258
4560.73825 17.2723 0.0175
4561.72869 17.2311 0.0162
4561.91476 17.2526 0.0153
4564.71892 17.2373 0.0165
4564.91916 17.2388 0.0173
4565.71707 17.2377 0.0145
4565.90763 17.2414 0.0132
4566.71637 17.2564 0.0164
4566.91290 17.2587 0.0144
4567.70857 17.2324 0.0170
4567.91526 17.2324 0.0154
4568.71409 17.2170 0.0174
4569.72378 17.2441 0.0181
4570.71508 17.2391 0.0204
4571.90106 17.2663 0.0157
4572.74000 17.2354 0.0186
4573.72844 17.2324 0.0178
4574.73088 17.2648 0.0201
4575.73630 17.2428 0.0170
4576.74400 17.2377 0.0168
4577.82817 17.2298 0.0169
4578.77931 17.2533 0.0232
4579.85599 17.2361 0.0182
4583.72294 17.2371 0.0219
4583.90807 17.2305 0.0172
4585.74346 17.2331 0.0196
4586.75133 17.2265 0.0179
4587.75958 17.2315 0.0190
4587.91801 17.2105 0.0207
4588.72476 17.2490 0.0167
4589.70709 17.2262 0.0175
4589.86237 17.2190 0.0189
4589.92440 17.2404 0.0193
4590.68448 17.2469 0.0186
4590.69337 17.2496 0.0207
4590.70483 17.2163 0.0164
4590.71599 17.2394 0.0167
4590.73878 17.2492 0.0187
4590.77236 17.2348 0.0167
4590.80681 17.2397 0.0169
4590.85572 17.2196 0.0157
4590.89010 17.2507 0.0166
4590.93237 17.2294 0.0189
4591.64008 17.2245 0.0204
4591.69627 17.2279 0.0189
4591.78551 17.2442 0.0159
4591.86829 17.2376 0.0180
4591.93043 17.2504 0.0194
4592.65476 17.2371 0.0187
4592.84396 17.2110 0.0203
4592.90727 17.2101 0.0176
4593.64405 17.2407 0.0185
4593.85363 17.2275 0.0168
4593.91562 17.2274 0.0168
4594.66505 17.2340 0.0213
4594.85983 17.2554 0.0171
4594.92561 17.2331 0.0176
4595.65053 17.2301 0.0195
4595.84872 17.2334 0.0168
4595.91085 17.2580 0.0182
4596.64385 17.2156 0.0189
4596.92356 17.2378 0.0161
4597.67434 17.2402 0.0179
4597.86566 17.2350 0.0171
4597.93677 17.2367 0.0233
4598.64410 17.2454 0.0142
4598.88894 17.2193 0.0159
4599.62295 17.2199 0.0204
4599.82696 17.2466 0.0144
4600.63215 17.2187 0.0165
4600.93873 17.2220 0.0205
4601.63775 17.2348 0.0167
4601.85401 17.2227 0.0144
4601.91595 17.2213 0.0167
4602.62515 17.2281 0.0165
4602.83974 17.2517 0.0148
4603.75777 17.2296 0.0168
4606.62552 17.2386 0.0197
4610.72725 17.2359 0.0159
4610.93470 17.2263 0.0198
4611.61729 17.2140 0.0227
4611.85017 17.2291 0.0167
4612.63868 17.2076 0.0218
4615.78037 17.2278 0.0175
4616.58942 17.2183 0.0226
4616.80588 17.2352 0.0165
4616.87569 17.2569 0.0185
4617.65292 17.2366 0.0174
4618.60092 17.2122 0.0181
4621.70157 17.2388 0.0136
4621.82349 17.2097 0.0120
4621.84228 17.2402 0.0141
4621.89837 17.1810 0.0151
4622.56277 17.2394 0.0236
4622.63673 17.2374 0.0185
4622.69326 17.2460 0.0181
4622.79955 17.2223 0.0172
4622.90089 17.1918 0.0210
4622.94298 17.2104 0.0222
4623.61432 17.2242 0.0220
4623.85837 17.1920 0.0213
4623.92559 17.2519 0.0230
4624.57473 17.2080 0.0232
4624.79831 17.2113 0.0181
4624.86491 17.2263 0.0173
4624.93390 17.2297 0.0212
4625.59261 17.2310 0.0197
4625.78074 17.1880 0.0196
4625.87466 17.2508 0.0217
4626.59104 17.2297 0.0198
4626.84304 17.2172 0.0178
4627.54796 17.2313 0.0187
4627.81852 17.2219 0.0150
4627.90321 17.2048 0.0157
4628.58127 17.2318 0.0180
4628.74505 17.2011 0.0158
4628.81066 17.2146 0.0179
4628.87260 17.2017 0.0174
4629.61626 17.2072 0.0162
4629.81871 17.2080 0.0167
4629.89647 17.2334 0.0190
4630.54796 17.2202 0.0200
4630.75800 17.2249 0.0161
4630.84118 17.2068 0.0168
4630.90416 17.2054 0.0194
4631.55347 17.2240 0.0166
4631.76935 17.2206 0.0158
4631.84707 17.2071 0.0165
4631.92206 17.2446 0.0221
4632.55665 17.2239 0.0191
4632.82748 17.2171 0.0165
4633.55687 17.2078 0.0174
4633.65871 17.2455 0.0200
4633.78032 17.2204 0.0181
4638.74238 17.2134 0.0176
4638.84003 17.2302 0.0195
4639.56371 17.1966 0.0199
4639.66119 17.2062 0.0156
4639.84059 17.1811 0.0239
4640.58113 17.2229 0.0157
4640.71222 17.2242 0.0158
4640.81933 17.1937 0.0192
4641.60399 17.2333 0.0167
4641.75959 17.2200 0.0174
4642.57972 17.2188 0.0168
4642.74026 17.2111 0.0162
4642.81818 17.1895 0.0181
4643.53987 17.2055 0.0192
4644.65235 17.1997 0.0178
4644.83163 17.1937 0.0156
4645.50654 17.2208 0.0199
4645.75718 17.2090 0.0201
4645.83308 17.2189 0.0204
4646.50838 17.2132 0.0189
4646.84046 17.2282 0.0197
4647.50288 17.2347 0.0202
4647.72771 17.1927 0.0184
4647.83447 17.2088 0.0203
4648.53130 17.2261 0.0195
4648.62075 17.2215 0.0166
4648.69709 17.2095 0.0172
4648.84868 17.2159 0.0214
4649.51142 17.1997 0.0191
4649.72193 17.2205 0.0166
4649.83650 17.1989 0.0186
4650.54293 17.2033 0.0180
4650.76037 17.2127 0.0166
4650.84539 17.2221 0.0191
4651.50319 17.1839 0.0197
4651.79875 17.2112 0.0189
4652.49475 17.2012 0.0224
4652.69732 17.2084 0.0169
4652.77888 17.2006 0.0174
4652.83251 17.2114 0.0191
4653.49119 17.2221 0.0236
4653.71024 17.2104 0.0173
4653.77548 17.2065 0.0198
4654.52653 17.2018 0.0205
4654.73818 17.1874 0.0167
4654.80646 17.1663 0.0228
4655.49097 17.2149 0.0200
4655.71538 17.1985 0.0153
4655.77731 17.1933 0.0169
4656.49299 17.2048 0.0151
4656.68273 17.2231 0.0168
4656.79835 17.1925 0.0180
4657.56755 17.2020 0.0215
4658.65133 17.1834 0.0195
4659.58541 17.2102 0.0224
4660.60348 17.2119 0.0186
4661.48109 17.1978 0.0188
4661.67864 17.2093 0.0167
4661.74321 17.2128 0.0183
4661.81034 17.1857 0.0196
4665.64834 17.1929 0.0216
4666.49258 17.1922 0.0233
4666.67726 17.1954 0.0181
4669.60266 17.1986 0.0230
4670.63868 17.1885 0.0185
4671.56607 17.1703 0.0187
4671.76664 17.2257 0.0204
4672.49437 17.1844 0.0154
4672.75785 17.1726 0.0174
4672.79684 17.1692 0.0184
4674.52831 17.1699 0.0171
4675.66917 17.1899 0.0157
4677.47945 17.1801 0.0171
4677.62584 17.1987 0.0184
4677.70955 17.1778 0.0181
4678.67984 17.1913 0.0156
4679.57218 17.1922 0.0216
4681.52083 17.1835 0.0160
4681.62091 17.1945 0.0166
4682.49186 17.1818 0.0163
4682.56778 17.1971 0.0182
4682.74447 17.1732 0.0162
4683.51015 17.2132 0.0242
4683.69728 17.1808 0.0199
4684.50284 17.2031 0.0181
4684.75884 17.1884 0.0183
4685.53621 17.1776 0.0164
4686.49149 17.1691 0.0177
4687.51747 17.1462 0.0162
4687.73083 17.1791 0.0194
4688.48810 17.1815 0.0204
4688.67809 17.1839 0.0161
4688.73980 17.1362 0.0212
4693.53253 17.1702 0.0169
4694.53101 17.1522 0.0232
4697.49170 17.1446 0.0170
4698.49705 17.1888 0.0188
4699.49117 17.1755 0.0175
4700.49949 17.1711 0.0154
4701.49483 17.1802 0.0181
4702.49320 17.1620 0.0174
4703.60113 17.1492 0.0176
4704.60835 17.1666 0.0164
4705.49708 17.1338 0.0164
4707.59799 17.1512 0.0144
4708.52985 17.1449 0.0161
4709.50581 17.1387 0.0199
4710.53332 17.1452 0.0153
4711.51537 17.1553 0.0179
4715.57540 17.1164 0.0184
4716.56621 17.1482 0.0166
4720.51886 17.1538 0.0194
4721.51971 17.1342 0.0205
4722.63206 17.1459 0.0197
4724.49887 17.1159 0.0195
4725.57264 17.1399 0.0194
4726.53722 17.1126 0.0212
4728.58172 17.0920 0.0192
4729.52227 17.0969 0.0198
4730.60815 17.1047 0.0178
4731.54520 17.0948 0.0188
4733.49677 17.0831 0.0156
4734.54322 17.1210 0.0192
4737.53139 17.1011 0.0183
4740.54350 17.0789 0.0185
4741.59419 17.0829 0.0165
4743.52476 17.0923 0.0180
4750.59134 17.0519 0.0228
4756.54303 17.0643 0.0199
4765.50890 17.0628 0.0182
4867.88432 16.9993 0.0175
4872.85513 16.9749 0.0229
4873.86852 17.0091 0.0158
4876.85703 17.0466 0.0161
4884.84007 17.0131 0.0135
4886.89074 17.0180 0.0150
4890.87297 17.0170 0.0137
4896.86059 17.0232 0.0146
4899.83207 17.0180 0.0147
4900.81184 16.9965 0.0157
4901.87192 17.0400 0.0136
4902.87031 17.0574 0.0137
4904.79474 17.0126 0.0140
4905.89854 17.0293 0.0192
4910.80060 17.0305 0.0170
4911.77125 17.0343 0.0120
4912.76806 17.0630 0.0123
4914.77101 17.0894 0.0175
4916.75067 17.0481 0.0185
4916.77671 17.0549 0.0142
4916.81706 17.0510 0.0140
4916.86586 17.0635 0.0128
4916.89741 17.0453 0.0122
4917.77487 17.0517 0.0130
4917.90512 17.0513 0.0142
4918.76790 17.0665 0.0135
4918.77395 17.0629 0.0139
4920.72102 17.0636 0.0137
4920.92108 17.0747 0.0157
4921.72577 17.0358 0.0169
4924.72974 17.0624 0.0140
4925.77904 17.0681 0.0135
4925.89506 17.0731 0.0123
4926.74281 17.0668 0.0156
4927.83035 17.0594 0.0156
4928.72408 17.0577 0.0161
4929.72398 17.0766 0.0182
4930.78195 17.1098 0.0166
4931.70965 17.0744 0.0189
4931.82626 17.0526 0.0152
4932.78153 17.0856 0.0145
4933.70163 17.0480 0.0197
4933.82980 17.0775 0.0151
4934.80521 17.0848 0.0217
4938.70974 17.0900 0.0149
4938.80965 17.0995 0.0146
4939.75117 17.0854 0.0171
4939.89588 17.0863 0.0162
4940.73282 17.0866 0.0149
4941.70754 17.0813 0.0144
4941.83457 17.0896 0.0151
4942.68705 17.0844 0.0164
4942.85992 17.0738 0.0134
4943.69937 17.0807 0.0154
4943.76545 17.0847 0.0131
4944.70478 17.0935 0.0142
4944.77994 17.1029 0.0135
4945.70474 17.1037 0.0159
4945.85716 17.0832 0.0118
4946.76160 17.0720 0.0134
4947.84611 17.0902 0.0130
4949.66421 17.0574 0.0146
4950.70575 17.0971 0.0170
4951.79157 17.1005 0.0145
4952.80974 17.0962 0.0138
4953.66855 17.1048 0.0150
4953.77428 17.1026 0.0151
4954.68867 17.0920 0.0150
4954.79414 17.0862 0.0135
4955.69263 17.0939 0.0153
