2125.58418 18.8235 0.0901
2129.66354 18.8649 0.0459
2132.60611 18.9741 0.0558
2135.74434 18.9199 0.0712
2144.59326 19.0054 0.0694
2160.57506 18.8333 0.0614
2175.61655 18.8028 0.1158
2187.55197 19.0622 0.0935
2206.54617 19.2559 0.1713
2331.88774 18.9558 0.0656
2355.86209 18.8349 0.0468
2365.78122 18.7778 0.0721
2372.82032 18.9633 0.0534
2383.77914 18.8980 0.0474
2386.86994 18.9677 0.0715
2391.83684 19.0517 0.1072
2397.72747 18.8794 0.0538
2401.80733 18.8625 0.0563
2403.88494 18.9397 0.0555
2405.86753 18.8623 0.0582
2414.76144 18.9642 0.0528
2416.79385 18.9213 0.0886
2424.88919 18.9616 0.0978
2428.78871 18.9175 0.0641
2432.83317 18.9177 0.0769
2434.69904 18.9782 0.0624
2436.75511 18.9591 0.0552
2438.72496 19.0349 0.0645
2440.76106 18.8493 0.0451
2443.72661 19.0250 0.0692
2445.60766 18.9678 0.0542
2448.60747 18.8933 0.1214
2453.85315 19.0010 0.0785
2456.56099 19.1156 0.1029
2458.69701 18.8688 0.0534
2460.77170 19.1158 0.0970
2463.51859 18.9769 0.0686
2466.73119 18.9640 0.0725
2468.60360 18.8592 0.0530
2470.60696 19.0897 0.0705
2472.63985 18.2207 0.0437
2481.49955 19.0739 0.1267
2484.59880 19.0812 0.0925
2486.69157 18.8725 0.0808
2490.65811 19.0476 0.0972
2493.62027 18.9010 0.0636
2495.69164 18.8836 0.0519
2496.49447 18.9277 0.0555
2497.49835 18.9096 0.0623
2497.77563 18.9973 0.0834
2498.48506 18.8766 0.0502
2498.57834 18.8413 0.0384
2500.51687 18.9104 0.0688
2502.54258 18.9318 0.0564
2508.64193 19.0106 0.0863
2512.58930 18.9801 0.0740
2517.63125 18.8673 0.0557
2520.55802 18.9626 0.0572
2526.64705 18.9115 0.0567
2537.62673 18.8872 0.1077
2542.49405 18.9768 0.1016
2547.56146 18.8499 0.0778
2551.59894 19.0859 0.1086
2556.55237 18.9915 0.0845
2564.50959 19.1197 0.1070
2575.50812 18.9202 0.0868
2706.89830 18.8927 0.0523
2714.87855 18.8401 0.0488
2728.90953 18.9457 0.0734
2733.89071 19.0092 0.0797
2744.87751 18.8416 0.0496
2753.86321 19.0281 0.0685
2756.93361 18.9820 0.0751
2760.87658 19.0357 0.0815
2766.92975 18.8503 0.0658
2770.80051 18.9330 0.0674
2783.74515 18.9274 0.0487
2785.85713 18.9851 0.0798
2786.91051 18.8527 0.0756
2789.72079 18.8681 0.0513
2791.70192 19.0173 0.0586
2794.92104 18.8685 0.0681
2796.78777 18.8530 0.0456
2809.69397 18.9218 0.0495
2810.86082 18.8653 0.0626
2811.89397 19.2529 0.1266
2813.68935 18.8905 0.0618
2814.71723 18.9002 0.0613
2816.57471 18.9132 0.0553
2818.56218 18.9629 0.0679
2820.72730 19.0956 0.0784
2826.72779 18.8883 0.0579
2834.76888 19.2413 0.2583
2836.70876 18.9263 0.0717
2837.60602 18.7497 0.0676
2839.65429 19.0692 0.0863
2841.67886 19.0465 0.0701
2843.60260 18.8814 0.0632
2845.63191 18.9438 0.0728
2850.48950 18.8804 0.0589
2852.50937 18.9392 0.0777
2854.50937 18.9687 0.0822
2856.69214 18.9189 0.0798
2858.65747 18.9380 0.0586
2862.58407 18.9813 0.0952
2865.69337 18.9957 0.0730
2868.57319 18.8734 0.0464
2871.68035 18.8647 0.0526
2876.56399 19.0368 0.0701
2879.60816 19.0165 0.0630
2885.50581 19.0106 0.0954
2894.61086 18.8336 0.0667
2898.59576 18.8336 0.0745
2904.56852 19.1065 0.0942
2909.56306 19.0687 0.0814
2917.60296 19.1172 0.0971
2930.54556 19.0594 0.0809
3058.87354 18.8056 0.0506
3063.89715 18.9791 0.0732
3067.87199 18.8946 0.0510
3070.83197 19.1713 0.1162
3073.78728 18.8443 0.0616
3075.80763 19.1071 0.1021
3079.86411 18.9585 0.0992
3082.82697 18.9305 0.0491
3084.88254 18.9332 0.0475
3086.81659 18.8264 0.0419
3088.77428 18.9200 0.0472
3089.88356 18.9570 0.0488
3091.80075 18.8842 0.0460
3096.83822 18.9618 0.0780
3098.89400 18.9150 0.0419
3100.83997 18.8351 0.0448
3102.79975 18.9284 0.0579
3103.87017 18.8393 0.0543
3106.80712 19.0329 0.0870
3108.74461 18.8519 0.0696
3109.77127 18.9195 0.0456
3110.81077 18.8248 0.0510
3111.84476 18.9993 0.0624
3112.81803 18.8090 0.0524
3113.85191 18.8969 0.0491
3114.76204 18.8651 0.0512
3115.84461 18.9531 0.0470
3118.90607 19.0304 0.0687
3122.88961 18.9902 0.0797
3125.84613 19.1501 0.0967
3126.87546 19.0532 0.0676
3127.78106 19.0228 0.0676
3128.79941 18.8259 0.0508
3129.77407 18.8187 0.0891
3131.66170 19.0353 0.1078
3134.85940 19.1000 0.1536
3135.84230 18.7937 0.0494
3137.91785 18.8733 0.0653
3138.80214 18.9421 0.0543
3139.84635 18.8780 0.0474
3140.85372 18.9229 0.0584
3142.74589 18.7788 0.0420
3144.76652 18.8421 0.0549
3146.74889 18.9315 0.0621
3151.72878 18.9526 0.0657
3152.73260 18.9861 0.0592
3153.73654 18.8920 0.0702
3153.90141 18.7667 0.0606
3154.79752 19.0305 0.0963
3156.79652 18.8029 0.0702
3158.85515 18.8602 0.0780
3162.79159 18.8395 0.0618
3163.75286 18.9840 0.0634
3164.71124 19.4651 0.1230
3165.78245 18.9394 0.0449
3166.87403 19.0532 0.1140
3168.57012 18.8143 0.0503
3168.90839 18.9686 0.0703
3169.70501 18.9155 0.0609
3170.78268 18.8688 0.0499
3171.87786 18.8991 0.0525
3172.72581 18.7945 0.0411
3175.69807 18.7845 0.0381
3178.75925 18.8958 0.0599
3179.77224 18.8682 0.0545
3180.68498 18.8840 0.0392
3182.75214 19.0964 0.0626
3183.71069 19.0820 0.0834
3184.67815 18.7836 0.0418
3185.84277 18.9392 0.0598
3193.51195 19.0017 0.0806
3194.62138 18.8965 0.0691
3195.67786 18.8379 0.0497
3196.48476 19.1402 0.1166
3196.58671 18.8855 0.0593
3196.72159 19.0412 0.0648
3196.82962 18.9800 0.0695
3197.49005 18.7537 0.0552
3197.62155 18.9293 0.0575
3197.74360 19.0200 0.0692
3197.80803 18.7970 0.0724
3198.73138 18.7829 0.0656
3199.58232 19.2024 0.1128
3199.76630 19.2027 0.1123
3201.52668 18.8756 0.0579
3202.51713 18.7474 0.0468
3203.63870 18.9904 0.0448
3203.70059 18.9291 0.0533
3204.59903 18.9142 0.0466
3205.74076 18.9924 0.0520
3206.64835 18.9703 0.0576
3209.69145 19.0217 0.0804
3210.63650 18.8971 0.0570
3217.63087 18.7947 0.0528
3218.63035 19.1733 0.1029
3219.73480 18.9684 0.0970
3223.62769 19.0583 0.1008
3224.67743 18.9657 0.0502
3226.59064 18.8486 0.0643
3228.57879 18.8672 0.0507
3229.60685 18.8317 0.0447
3230.64555 19.0158 0.0549
3231.54653 19.0926 0.0795
3238.59609 18.9661 0.0679
3239.55587 18.8218 0.0534
3240.63258 18.9036 0.0663
3241.63160 18.6824 0.0673
3245.52598 18.8797 0.0728
3246.63810 18.8781 0.0865
3247.65357 18.8009 0.0589
3249.50518 19.0373 0.0661
3250.63271 18.8944 0.0631
3253.62600 19.0549 0.0716
3256.60890 18.8828 0.0681
3259.60112 18.9718 0.0778
3267.50818 18.9208 0.0825
3272.56707 18.9620 0.0820
3274.60755 19.1885 0.1052
3278.57931 18.8269 0.0702
3281.56005 18.9231 0.0642
3288.52155 18.9153 0.0680
3293.49643 18.8574 0.0594
3295.50088 18.9437 0.0525
3299.50573 18.6220 0.0388
3312.51933 19.2693 0.1380
3416.89234 18.7367 0.0565
3421.87692 18.9882 0.0533
3425.89995 18.6940 0.0667
3428.90132 18.9880 0.0784
3432.86599 18.8954 0.0642
3442.86674 19.0383 0.0587
3445.78290 18.9560 0.0538
3447.83277 18.8651 0.0527
3449.84555 18.8467 0.0533
3452.86619 19.0770 0.0598
3454.91971 18.9309 0.0872
3459.82645 18.7885 0.0526
3468.85520 18.9133 0.0433
3469.86218 18.9158 0.0398
3471.89558 19.0329 0.0706
3473.85766 18.8901 0.0606
3474.88106 18.9268 0.0568
3476.75378 19.0655 0.0519
3478.76949 18.8805 0.0477
3479.90683 19.0634 0.0476
3481.79748 18.9597 0.0441
3484.75328 18.9318 0.0670
3491.82024 18.8505 0.0438
3491.90238 18.9751 0.0454
3492.69772 18.8010 0.0384
3492.80006 19.0910 0.0721
3492.92734 18.7491 0.0484
3496.68211 19.0754 0.0865
3496.73800 18.8694 0.0562
3497.76914 18.8485 0.0638
3498.89013 18.9930 0.0633
3499.72666 19.1431 0.0631
3500.71041 18.9744 0.0528
3501.74752 18.8560 0.0530
3501.75649 18.9361 0.0578
3502.74599 18.9578 0.0473
3503.67280 18.9026 0.0469
3506.86347 18.9080 0.0534
3508.72987 19.0035 0.0701
3509.76039 18.9203 0.0542
3510.90702 18.9986 0.0501
3511.81333 18.9549 0.0532
3512.84683 18.6140 0.0652
3517.83573 18.5732 0.0668
3520.79294 18.9374 0.0558
3522.72232 18.8845 0.0357
3523.78000 18.8096 0.0435
3524.68213 19.0018 0.0577
3525.67623 18.9853 0.0478
3526.72895 18.8426 0.0535
3527.76286 18.8105 0.0433
3528.70375 18.9542 0.0429
3529.66167 18.8855 0.0411
3530.66974 18.8999 0.0369
3538.64800 18.8705 0.0461
3540.63524 18.8819 0.0543
3544.83494 19.1737 0.1021
3547.76650 18.8417 0.0568
3550.61336 18.8230 0.0556
3551.61572 18.6568 0.0287
3552.64789 18.9546 0.0628
3553.77212 19.0556 0.1042
3554.72546 18.9946 0.0717
3555.78970 18.8847 0.0849
3556.70183 18.8279 0.0452
3558.51264 18.9398 0.0594
3558.81130 19.0155 0.0651
3559.59419 18.8193 0.0477
3560.58266 18.8155 0.0457
3561.52669 18.8468 0.0561
3562.56735 18.8402 0.0478
3562.81868 18.9331 0.0559
3563.62157 18.8179 0.0393
3564.60327 18.9311 0.0542
3569.54013 18.7370 0.0613
3573.63052 18.9453 0.0814
3574.67147 18.8395 0.0558
3575.51906 18.8305 0.0466
3576.67300 19.0315 0.0626
3577.74072 18.9550 0.0551
3578.64588 19.2578 0.0677
3579.60320 18.8558 0.0453
3579.77088 18.9292 0.0627
3580.63299 19.1697 0.0710
3581.65643 18.8235 0.0415
3582.60456 18.7950 0.0373
3583.61853 18.9797 0.0596
3584.62727 18.8171 0.0424
3585.61759 18.7871 0.0380
3586.66332 18.9321 0.0451
3589.65599 18.8952 0.0370
3590.62489 18.7701 0.0456
3592.64140 18.8024 0.0321
3594.68980 18.8889 0.0468
3601.63198 18.8921 0.0500
3602.64804 18.9553 0.0733
3603.62208 18.9166 0.0543
3607.62043 19.0030 0.0546
3608.63529 18.9475 0.0596
3615.56303 19.0744 0.0621
3618.54722 19.1198 0.0725
3619.57180 18.9838 0.0721
3621.57147 19.0211 0.0748
3628.54532 18.8502 0.0715
3629.63000 18.9194 0.0998
3631.51491 18.8661 0.0751
3633.52797 19.0246 0.0929
3637.62418 18.9406 0.0848
3639.57770 18.8102 0.0382
3641.52983 19.0404 0.0756
3644.49020 19.1070 0.1027
3648.52205 18.8640 0.0668
3650.55948 18.7398 0.0573
3654.53130 19.1848 0.1517
3655.50995 18.9292 0.0628
3657.51745 18.7475 0.0604
3660.51161 18.7723 0.0706
3662.51683 19.0955 0.0914
3666.54436 19.0342 0.0668
3776.85203 19.0937 0.0917
3781.87816 19.2844 0.1402
3784.86205 18.8957 0.0542
3787.89580 18.8836 0.0639
3791.87885 18.9133 0.0698
3794.85628 18.9189 0.0515
3796.84510 18.9490 0.0587
3797.84794 18.8451 0.0508
3798.89593 19.0296 0.0595
3801.81952 18.9965 0.0727
3803.80850 18.9837 0.0568
3804.85582 18.8359 0.0578
3805.89630 18.8258 0.0451
3807.88464 18.8669 0.0549
3809.79898 18.9372 0.0550
3811.87757 18.9306 0.0578
3812.90926 18.8962 0.0598
3817.89701 18.9255 0.0627
3819.75850 18.7829 0.0395
3820.86265 18.7620 0.0416
3821.87266 18.8888 0.0452
3822.77169 18.7891 0.0569
3823.88095 18.8765 0.0447
3824.87753 18.9381 0.0677
3826.88199 18.9252 0.0570
3828.88434 18.8870 0.0527
3829.87111 19.0622 0.0647
3832.87424 18.8350 0.0545
3833.84891 18.9043 0.0414
3834.89015 18.8544 0.0454
3835.83351 18.8566 0.0391
3836.84605 18.8681 0.0465
3837.82856 18.8979 0.0615
3838.83254 18.6653 0.0515
3839.84462 18.7903 0.0603
3840.83579 18.8880 0.0552
3841.81456 18.6991 0.0490
3845.81862 19.0559 0.0803
3846.82756 18.8343 0.0447
3848.84309 18.8808 0.0469
3849.85643 18.8443 0.0397
3850.79244 18.9093 0.0489
3851.79876 18.7597 0.0511
3852.78722 18.9075 0.0532
3853.77994 18.9106 0.0381
3856.76876 18.8263 0.0506
3858.83267 18.7188 0.0485
3860.82344 19.2875 0.1062
3861.83775 18.8025 0.0423
3862.78174 18.8233 0.0498
3863.72149 18.8870 0.0502
3864.78260 18.7852 0.0373
3865.74695 18.9795 0.0735
3866.77541 18.7093 0.0375
3867.71231 18.8033 0.0486
3868.77896 18.8466 0.0580
3869.76473 18.7999 0.0624
3873.76620 18.7261 0.0437
3874.81020 18.7554 0.0509
3875.72521 18.8699 0.0387
3877.75485 18.8618 0.0409
3880.75209 18.8396 0.0515
3881.76030 18.7950 0.0368
3882.69835 18.8548 0.0502
3883.73975 18.9566 0.0461
3886.71065 18.6919 0.0391
3887.69367 18.9054 0.0526
3889.85522 18.8255 0.0447
3891.58094 18.8656 0.0690
3892.85290 18.8002 0.0531
3893.73764 18.8885 0.0711
3894.78019 18.9783 0.0682
3896.73166 18.8967 0.0599
3900.63139 19.0203 0.0846
3901.64326 19.0130 0.0628
3902.66117 18.8394 0.0487
3903.78663 19.0526 0.0702
3904.64088 18.8225 0.0404
3905.64785 18.9608 0.0443
3906.62943 18.9715 0.0543
3907.69048 18.8014 0.0752
3908.62905 18.9146 0.0458
3909.63346 18.8193 0.0357
3912.63381 18.8806 0.0355
3913.63137 18.7963 0.0350
3914.66453 18.7941 0.0420
3915.62826 19.0175 0.0634
3916.70998 19.0157 0.0620
3917.72273 18.8675 0.0535
3918.72376 18.9836 0.0681
3919.65696 19.0784 0.0898
3920.60908 19.0653 0.0637
3921.62255 19.0497 0.0895
3930.68480 18.7964 0.0619
3931.60396 18.7574 0.0544
3931.78707 18.8320 0.0686
3932.63144 18.9717 0.0398
3933.61113 18.8514 0.0366
3934.58174 18.7486 0.0369
3935.65900 18.9523 0.0835
3936.61058 18.8889 0.0591
3936.79881 18.7768 0.0581
3937.72732 19.1379 0.0726
3938.58823 18.9077 0.0552
3940.72846 18.7821 0.0394
3944.67321 18.9646 0.0588
3945.48138 18.7746 0.0529
3945.51969 18.7969 0.0483
3945.56062 18.8891 0.0487
3945.60382 18.9991 0.0561
3945.62160 18.8733 0.0493
3945.65380 18.7514 0.0467
3945.70806 18.8772 0.0513
3945.79375 18.8176 0.0641
3946.47674 18.8718 0.0616
3946.53028 18.8977 0.0741
3946.61534 18.9446 0.0608
3946.79228 18.7746 0.0563
3950.62138 18.9725 0.0469
3951.64830 18.9271 0.0554
3956.65516 18.5822 0.0743
3957.61011 18.5444 0.0804
3958.67515 18.7520 0.0559
3959.60545 18.8768 0.0505
3960.59857 18.9084 0.0410
3963.56279 19.0124 0.0738
3964.62594 18.8727 0.0479
3965.61168 18.8672 0.0438
3966.60660 18.9330 0.0465
3967.63301 18.7047 0.0416
3968.58921 18.8461 0.0506
3969.59682 18.8688 0.0488
3970.60973 18.8471 0.0548
3971.63973 18.9549 0.0696
3973.66929 18.9758 0.0642
3974.60392 19.0983 0.0656
3975.59935 18.9318 0.0461
3976.59334 19.0363 0.0619
3979.61979 18.7357 0.0589
3982.64837 18.7719 0.0832
3987.58956 18.8407 0.0524
3988.60681 18.9200 0.0411
3990.59079 19.0607 0.0697
3994.54068 18.9898 0.0733
3995.66840 18.9229 0.0633
3996.51643 18.7207 0.0632
4000.60205 18.9665 0.0807
4002.59599 18.8741 0.0475
4003.55047 18.8186 0.0430
4005.64630 19.0302 0.0745
4006.61518 18.7614 0.0588
4011.52927 18.9300 0.0699
4015.55861 18.8304 0.0691
4017.53630 19.0663 0.0680
4019.53802 18.7589 0.0556
4021.54073 19.0039 0.0934
4024.57026 18.8162 0.0594
4026.56585 18.6796 0.0506
4029.52450 19.0233 0.0785
4149.88947 16.5126 0.0111
4155.82789 17.1122 0.0139
4157.88025 17.2459 0.0152
4159.89316 17.3931 0.0188
4162.84041 17.5643 0.0267
4164.88028 17.6752 0.0213
4166.89624 17.6518 0.0283
4167.80783 17.7057 0.0283
4169.81496 17.7879 0.0265
4174.82950 17.9182 0.0250
4176.81121 17.9557 0.0300
4177.86489 17.9792 0.0277
4178.90756 18.0091 0.0302
4180.80505 18.0558 0.0323
4181.89459 18.1050 0.0247
4183.77650 18.0382 0.0269
4184.84457 18.1277 0.0260
4185.81777 18.1536 0.0292
4190.84235 18.1988 0.0344
4192.85464 18.1882 0.0341
4193.86558 18.2048 0.0321
4194.88717 18.1899 0.0302
4196.90719 18.2319 0.0288
4202.85695 18.2270 0.0275
4203.84507 18.2983 0.0273
4204.84426 18.2858 0.0294
4205.84075 18.3092 0.0271
4207.84441 18.2859 0.0273
4208.87344 18.3245 0.0324
4212.92212 18.3917 0.0451
4213.84218 18.3904 0.0298
4215.87971 18.3906 0.0353
4216.80056 18.3396 0.0344
4217.82286 18.3321 0.0262
4218.86336 18.3872 0.0382
4219.89906 18.3473 0.0439
4220.83926 18.3827 0.0425
4222.80858 18.4446 0.0409
4228.79937 18.4865 0.0432
4229.77814 18.4233 0.0427
4230.76514 18.3949 0.0304
4231.78722 18.4748 0.0385
4232.79549 18.4157 0.0488
4234.73968 18.3939 0.0439
4235.76454 18.3737 0.0345
4237.68858 18.6923 0.0541
4238.78756 18.3998 0.0503
4239.78295 18.3947 0.0390
4240.93931 18.4085 0.0572
4243.68216 18.4287 0.0458
4244.84396 18.4714 0.0353
4245.83717 18.3833 0.0316
4246.89193 18.3964 0.0384
4250.85779 18.5072 0.0564
4256.69400 18.3317 0.0606
4257.77226 18.4059 0.0479
4258.70092 18.4255 0.0466
4267.66642 18.3809 0.0343
4268.60443 18.6356 0.0663
4269.64461 18.4507 0.0419
4270.58817 18.4553 0.0430
4272.69522 18.4749 0.0345
4273.65526 18.4170 0.0438
4274.63896 18.4257 0.0403
4275.69583 18.4299 0.0420
4277.59496 18.4601 0.0488
4278.66917 18.5035 0.0532
4283.61451 18.4156 0.0462
4284.59842 18.5062 0.0505
4285.60517 18.4183 0.0587
4286.60125 18.4501 0.0400
4289.63914 18.5168 0.0506
4290.66871 18.5108 0.0512
4291.72276 18.4408 0.0383
4292.58377 18.4588 0.0345
4293.61127 18.4285 0.0337
4294.58297 18.5125 0.0440
4295.61237 18.4823 0.0344
4296.59185 18.4348 0.0330
4297.58565 18.4276 0.0333
4298.69518 18.4900 0.0422
4299.66212 18.4275 0.0300
4300.78698 18.4704 0.0423
4301.46451 18.4898 0.0744
4302.74361 18.5226 0.0387
4307.57491 18.5256 0.0408
4310.72840 18.4628 0.0619
4312.62442 18.4271 0.0339
4315.65829 18.5155 0.0537
4316.73467 18.5120 0.0549
4317.61177 18.5308 0.0463
4319.61953 18.5997 0.0487
4320.71793 18.5076 0.0504
4326.63050 18.5279 0.0435
4327.65761 18.5204 0.0571
4328.59869 18.5659 0.0389
4328.73104 18.4984 0.0548
4329.59067 18.5811 0.0514
4330.57213 18.4795 0.0361
4331.59864 18.5380 0.0405
4332.59601 18.4888 0.0350
4333.59909 18.6483 0.0562
4334.59326 18.3606 0.0618
4338.63325 18.6681 0.0610
4339.60218 18.6262 0.0537
4340.51390 18.6054 0.0732
4341.60068 18.6083 0.0667
4342.63692 18.6308 0.0473
4343.61627 18.6693 0.0454
4344.66572 18.5124 0.0470
4345.61606 18.5668 0.0523
4346.62141 18.5488 0.0475
4347.63543 18.6637 0.0608
4349.60721 18.5692 0.0665
4351.60587 18.7486 0.0617
4353.62904 18.7831 0.0843
4357.61729 18.6722 0.0715
4358.63612 18.6531 0.0672
4359.58847 18.6500 0.0513
4367.58759 18.6768 0.0711
4370.58653 18.6627 0.0537
4372.55855 18.6718 0.0438
4380.56832 18.6876 0.0464
4508.88323 18.8717 0.0576
4515.86357 18.7701 0.0831
4519.83518 18.8865 0.0812
4520.82365 19.1037 0.1118
4522.89087 18.8418 0.0701
4524.87698 18.8990 0.0652
4525.89688 18.7441 0.0854
4530.86654 18.8497 0.0459
4533.90393 18.9124 0.0687
4534.80814 19.0365 0.0836
4536.81281 18.9565 0.0790
4537.89990 18.8205 0.0450
4538.83128 19.0088 0.0779
4540.86114 18.8839 0.0547
4542.88743 18.8552 0.0467
4543.84888 19.1059 0.0609
4544.84570 18.7491 0.0459
4545.86320 18.7903 0.0567
4546.89418 18.9233 0.0593
4550.83701 18.8146 0.0546
4551.89478 18.8620 0.0596
4552.89177 18.8666 0.0603
4556.85607 18.8526 0.0503
4557.88212 18.9178 0.0526
4558.81715 18.9477 0.0611
4559.84635 18.9785 0.0519
4560.84676 18.8254 0.0410
4561.83569 19.0373 0.0500
4564.83986 18.9628 0.0458
4565.82876 18.8751 0.0376
4566.83082 18.9620 0.0512
4567.83508 18.8644 0.0414
4568.85356 19.0157 0.0609
4569.85100 18.8087 0.0445
4570.85630 18.9809 0.0649
4571.82183 18.8679 0.0498
4572.85958 18.9147 0.0728
4573.83535 18.9291 0.0467
4574.83753 18.9022 0.0643
4575.84916 18.9220 0.0631
4579.90148 19.0077 0.0709
4583.81383 18.7100 0.0552
4586.80182 19.1215 0.0936
4587.83920 18.9046 0.0562
4588.72791 19.0018 0.0601
4589.76169 18.9161 0.0616
4590.77609 18.8266 0.0541
4591.75327 19.0238 0.0612
4592.76542 18.8657 0.0676
4593.75085 18.8297 0.0584
4594.77917 18.8146 0.0489
4595.76974 18.9063 0.0573
4596.79023 18.8931 0.0509
4597.78750 18.9723 0.0526
4598.75679 18.8425 0.0404
4599.73627 18.8994 0.0505
4600.74179 18.9497 0.0443
4601.74643 18.8983 0.0437
4601.81036 18.8464 0.0429
4601.93874 18.7088 0.0675
4602.74403 18.9670 0.0473
4602.77468 18.7705 0.0409
4602.81607 18.9198 0.0486
4602.86870 19.0875 0.0549
4602.90641 19.0566 0.0659
4606.59930 18.8245 0.0893
4606.71427 18.9879 0.0618
4606.76081 18.9915 0.0617
4610.85770 18.8792 0.0524
4611.72813 18.8424 0.0508
4611.91463 18.8823 0.0694
4615.90790 19.2278 0.1251
4616.71690 18.9298 0.0562
4617.88189 19.0576 0.0964
4622.69672 18.8359 0.0553
4623.77646 18.7577 0.0597
4624.71538 18.9942 0.0652
4625.69665 18.8543 0.0673
4626.74398 19.0338 0.0765
4627.67595 19.0006 0.0488
4628.66620 18.8351 0.0483
4629.73138 18.8965 0.0482
4630.67170 18.9179 0.0476
4631.69007 18.8899 0.0421
4632.70468 18.8527 0.0452
4633.85259 18.7711 0.0671
4639.79308 18.7720 0.0657
4640.76866 18.9767 0.0561
4641.85386 19.0587 0.0983
4642.69156 18.8667 0.0562
4643.65761 18.9398 0.0547
4644.74077 18.8844 0.0555
4645.65947 18.9444 0.0575
4646.62710 18.9459 0.0439
4647.63810 18.9152 0.0509
4648.63375 18.8125 0.0520
4648.74317 18.8606 0.0533
4649.63245 18.8591 0.0631
4650.66387 18.8805 0.0492
4651.67447 18.9900 0.0638
4652.60365 18.9439 0.0575
4653.59753 18.8868 0.0653
4654.63673 18.7647 0.0523
4655.60096 18.8579 0.0566
4656.60412 18.8495 0.0546
4658.76141 18.9618 0.0683
4660.71107 18.9227 0.0673
4661.59355 18.8079 0.0488
4666.52629 18.8284 0.0670
4670.76263 18.8893 0.0792
4671.65019 18.8500 0.0523
4672.60969 18.9245 0.0564
4674.63775 18.8945 0.0669
4677.66254 19.0260 0.0898
4681.66579 18.9557 0.0657
4682.62161 18.9974 0.0606
4683.61938 18.9842 0.0780
4684.63796 18.9817 0.0629
4685.66405 18.8630 0.0541
4686.73658 19.0761 0.0682
4687.65206 18.8276 0.0636
4688.59822 18.9112 0.0613
4694.68230 19.0344 0.1180
4697.59921 18.9216 0.0726
4698.62522 18.9887 0.0695
4700.62036 18.8918 0.0557
4701.60332 18.9038 0.0684
4702.61814 18.9292 0.0610
4704.67936 18.9147 0.0631
4708.63976 18.9090 0.0768
4710.65768 18.8525 0.0595
4720.57088 19.0136 0.0770
4721.60543 18.8891 0.0912
4724.62315 19.0969 0.1010
4725.63911 18.8921 0.0889
4726.59934 19.0792 0.1727
4733.56350 18.9811 0.0733
4738.52365 18.9987 0.0770
4741.60567 18.9723 0.0618
4750.59524 18.7626 0.1484
4754.57558 19.4420 0.1914
4755.54483 19.1455 0.1040
4758.56503 18.9014 0.0800
4761.54957 19.0551 0.0937
4876.85987 19.0590 0.0861
4883.83856 18.9892 0.0779
4885.88586 18.9194 0.0576
4888.84016 19.0074 0.0603
4892.83419 18.7918 0.0578
4898.80445 19.0165 0.0820
4901.80734 18.9098 0.0691
4902.89618 18.9109 0.0550
4903.85471 18.9379 0.0549
4904.91270 18.9669 0.0964
4905.85110 18.9419 0.0584
4910.91071 18.7075 0.0706
4912.83586 18.8681 0.0445
4914.88194 18.9469 0.0443
4924.73255 18.9164 0.0540
4925.85026 18.8980 0.0491
4927.90482 18.9503 0.0631
4930.78458 19.0550 0.0833
4931.82901 18.9919 0.0752
4932.83756 18.8929 0.0518
4933.83247 18.9314 0.0652
4934.88823 18.8876 0.0711
4938.81237 18.8923 0.0611
4939.89881 19.0255 0.0725
4940.75385 18.8549 0.0542
4941.78960 18.8964 0.0604
4942.73268 18.9397 0.0523
4943.87749 18.9639 0.0561
4944.73237 18.9391 0.0547
4945.78806 18.9323 0.0453
4950.84719 18.8549 0.0479
4952.84139 19.0339 0.0609
4953.82724 18.9288 0.0577
4954.79689 18.9006 0.0472
