2452125.62263 14.2286  0.0027 5.05 2065.0  278.34  499.64
2452129.69770 14.2252  0.0024 3.98  739.0  278.34  499.64
2452132.63925 14.2297  0.0025 4.05  723.0  278.34  499.64
2452136.54330 14.2361  0.0028 6.14  714.0  278.34  499.64
2452141.55508 14.2273  0.0025 4.26  728.0  278.34  499.64
2452144.64466 14.2314  0.0025 4.19  642.0  278.34  499.64
2452160.61281 14.2402  0.0028 6.28  842.0  278.34  499.64
2452169.52663 14.2341  0.0030 7.00  844.0  278.34  499.64
2452175.65087 14.2275  0.0026 5.62 1274.0  278.34  499.64
2452211.50713 14.2302  0.0030 6.65 1270.0  278.34  499.64
2452332.87486 14.2216  0.0023 4.06 2996.0  278.34  499.64
2452347.83874 14.2229  0.0027 4.19  704.0  278.34  499.64
2452357.86625 14.2236  0.0027 4.48  709.0  278.34  499.64
2452372.85416 14.2277  0.0028 4.98  832.0  278.34  499.64
2452383.82603 14.2237  0.0027 4.49  702.0  278.34  499.64
2452388.79677 14.2364  0.0029 5.38  846.0  278.34  499.64
2452390.82616 14.2278  0.0027 4.05  984.0  278.34  499.64
2452397.70641 14.2233  0.0026 3.90 1002.0  278.34  499.64
2452401.83554 14.2287  0.0027 4.18  851.0  278.34  499.64
2452403.91251 14.2311  0.0027 4.58  862.0  278.34  499.64
2452405.89994 14.2282  0.0028 4.86  885.0  278.34  499.64
2452411.74022 14.2352  0.0014 4.31  655.0  278.34  499.64
2452414.90496 14.2206  0.0028 5.65  800.0  278.34  499.64
2452416.85729 14.2308  0.0028 5.09  877.0  278.34  499.64
2452424.82468 14.2339  0.0028 5.12  970.0  278.34  499.64
2452428.85327 14.2285  0.0026 5.34  789.0  278.34  499.64
2452434.75162 14.2291  0.0026 3.57  774.0  278.34  499.64
2452436.80037 14.2228  0.0027 4.59  813.0  278.34  499.64
2452438.76112 14.2291  0.0027 4.52  702.0  278.34  499.64
2452441.73886 14.2235  0.0024 4.33  746.0  278.34  499.64
2452445.64470 14.2322  0.0027 3.98  719.0  278.34  499.64
2452448.66638 14.2275  0.0028 3.68 1906.0  278.34  499.64
2452455.70304 14.2296  0.0015 3.79 1647.0  278.34  499.64
2452459.62312 14.2252  0.0015 4.74  633.0  278.34  499.64
2452463.55442 14.2227  0.0027 4.69  730.0  278.34  499.64
2452466.65358 14.2265  0.0027 5.22  628.0  278.34  499.64
2452468.68380 14.2213  0.0026 3.85  605.0  278.34  499.64
2452470.66625 14.2234  0.0026 3.96  599.0  278.34  499.64
2452472.69436 14.2177  0.0025 4.29  664.0  278.34  499.64
2452481.57086 14.2308  0.0030 6.00  896.0  278.34  499.64
2452484.63340 14.2270  0.0027 4.88  694.0  278.34  499.64
2452486.72545 14.2263  0.0029 6.25  753.0  278.34  499.64
2452490.69366 14.2272  0.0028 5.38  687.0  278.34  499.64
2452493.65520 14.2318  0.0026 4.57  844.0  278.34  499.64
2452495.75710 14.2318  0.0027 5.26 1011.0  278.34  499.64
2452498.52064 14.2227  0.0025 3.33  674.0  278.34  499.64
2452500.56515 14.2235  0.0026 3.50  767.0  278.34  499.64
2452502.57635 14.2193  0.0026 3.73  829.0  278.34  499.64
2452508.67673 14.2277  0.0028 5.31 1119.0  278.34  499.64
2452512.62308 14.2288  0.0027 4.41  881.0  278.34  499.64
2452517.57694 14.2194  0.0027 4.71  754.0  278.34  499.64
2452520.59229 14.2341  0.0027 4.53  737.0  278.34  499.64
2452528.49757 14.2316  0.0028 5.24  876.0  278.34  499.64
2452538.50401 14.2226  0.0027 4.44  997.0  278.34  499.64
2452542.53128 14.2251  0.0027 3.68 1851.0  278.34  499.64
2452552.50525 14.2227  0.0028 4.81  937.0  278.34  499.64
2452556.58935 14.2318  0.0028 5.07 1128.0  278.34  499.64
2452563.50378 14.2170  0.0026 4.22  965.0  278.34  499.64
2452575.53194 14.2212  0.0020 5.48 1109.0  278.34  499.64
2452707.87662 14.2185  0.0024 4.23  698.0  278.34  499.64
2452714.91200 14.2195  0.0025 3.55  876.0  278.34  499.64
2452729.84592 14.2237  0.0030 6.32  783.0  278.34  499.64
2452733.92607 14.2275  0.0033 4.85 2876.0  278.34  499.64
2452744.92390 14.2148  0.0027 4.65 1002.0  278.34  499.64
2452753.89807 14.2233  0.0028 5.09  902.0  278.34  499.64
2452757.81008 14.2188  0.0025 4.86  991.0  278.34  499.64
2452761.82718 14.2161  0.0027 4.07  812.0  278.34  499.64
2452767.80529 14.2301  0.0031 6.30  935.0  278.34  499.64
2452775.73162 14.2319  0.0032 6.39 1384.0  278.34  499.64
2452783.83563 14.2223  0.0027 4.18  779.0  278.34  499.64
2452785.76127 14.2230  0.0027 4.62  823.0  278.34  499.64
2452787.61160 14.2232  0.0028 5.02  937.0  278.34  499.64
2452789.76832 14.2220  0.0027 4.22  792.0  278.34  499.64
2452791.72473 14.2230  0.0027 4.49  661.0  278.34  499.64
2452794.93915 14.2236  0.0028 4.89 1103.0  278.34  499.64
2452796.83848 14.2240  0.0026 4.14  673.0  278.34  499.64
2452797.89970 14.2292  0.0028 4.63  881.0  278.34  499.64
2452809.72762 14.2260  0.0028 4.69  838.0  278.34  499.64
2452811.65470 14.2292  0.0032 6.88  826.0  278.34  499.64
2452812.72646 14.2248  0.0029 5.78  790.0  278.34  499.64
2452813.83573 14.2213  0.0028 4.37  845.0  278.34  499.64
2452814.75931 14.2196  0.0028 4.81  741.0  278.34  499.64
2452816.62400 14.2273  0.0027 4.26  575.0  278.34  499.64
2452818.59527 14.2243  0.0027 4.35  681.0  278.34  499.64
2452820.80194 14.2200  0.0027 3.94  805.0  278.34  499.64
2452826.76543 14.2242  0.0029 5.89  679.0  278.34  499.64
2452835.64959 14.2222  0.0029 5.18 1136.0  278.34  499.64
2452837.64635 14.2313  0.0022 5.11 2570.0  278.34  499.64
2452839.71885 14.2198  0.0028 5.12  776.0  278.34  499.64
2452841.72816 14.2194  0.0027 4.09  840.0  278.34  499.64
2452843.65470 14.2276  0.0025 5.38  880.0  278.34  499.64
2452845.66532 14.2264  0.0028 5.17  720.0  278.34  499.64
2452850.53334 14.2231  0.0027 3.64 1014.0  278.34  499.64
2452852.54574 14.2338  0.0031 6.50  856.0  278.34  499.64
2452854.54947 14.2305  0.0027 4.50  886.0  278.34  499.64
2452856.73981 14.2274  0.0031 6.19 1037.0  278.34  499.64
2452858.69246 14.2248  0.0027 4.65  963.0  278.34  499.64
2452862.60517 14.2277  0.0030 5.42 1062.0  278.34  499.64
2452865.70875 14.2219  0.0026 4.53 1286.0  278.34  499.64
2452868.59495 14.2219  0.0026 3.86  678.0  278.34  499.64
2452876.59127 14.2201  0.0027 4.94  672.0  278.34  499.64
2452879.64154 14.2218  0.0027 4.16  673.0  278.34  499.64
2452884.67190 14.2310  0.0029 5.73  857.0  278.34  499.64
2452892.66027 14.2255  0.0031 6.24 1397.0  278.34  499.64
2452895.63398 14.2173  0.0026 3.94  929.0  278.34  499.64
2452900.56220 14.2219  0.0028 4.80  866.0  278.34  499.64
2452906.51410 14.2216  0.0029 5.96  908.0  278.34  499.64
2452911.53826 14.2206  0.0028 4.65  840.0  278.34  499.64
2452918.56228 14.2245  0.0028 4.54 1101.0  278.34  499.64
2452930.58327 14.2250  0.0028 4.68 1165.0  278.34  499.64
2453059.81875 14.1899  0.0026 5.80  868.0  278.34  499.64
2453064.83557 14.1954  0.0027 5.99 1071.0  278.34  499.64
2453068.78945 14.1932  0.0028 6.14 1177.0  278.34  499.64
2453070.86804 14.1991  0.0026 5.16  923.0  278.34  499.64
2453073.82413 14.1898  0.0025 4.34  947.0  278.34  499.64
2453075.86221 14.1920  0.0025 4.23  964.0  278.34  499.64
2453079.90709 14.1915  0.0025 3.74 1722.0  278.34  499.64
2453082.89011 14.1831  0.0024 4.33  661.0  278.34  499.64
2453085.82473 14.1938  0.0024 4.80  638.0  278.34  499.64
2453086.89711 14.1871  0.0024 4.16  734.0  278.34  499.64
2453088.81732 14.1770  0.0023 3.72  633.0  278.34  499.64
2453090.73042 14.1884  0.0024 4.56  756.0  278.34  499.64
2453096.88561 14.1833  0.0026 6.18  722.0  278.34  499.64
2453098.90550 14.1781  0.0023 3.74  602.0  278.34  499.64
2453099.91888 14.1817  0.0026 5.63  839.0  278.34  499.64
2453101.75755 14.1900  0.0026 5.30 1060.0  278.34  499.64
2453103.79049 14.1776  0.0024 3.72  999.0  278.34  499.64
2453104.84913 14.1832  0.0034 3.95 7200.0  278.34  499.64
2453106.86242 14.1926  0.0025 3.64 1519.0  278.34  499.64
2453108.78243 14.1752  0.0023 3.39  770.0  278.34  499.64
2453109.84188 14.1803  0.0023 3.75  703.0  278.34  499.64
2453110.84823 14.1822  0.0024 4.29  787.0  278.34  499.64
2453112.83354 14.1801  0.0024 4.80  565.0  278.34  499.64
2453114.79814 14.1780  0.0023 3.64  662.0  278.34  499.64
2453116.88608 14.1854  0.0024 4.49  701.0  278.34  499.64
2453122.92412 14.1845  0.0025 5.12  806.0  278.34  499.64
2453125.88464 14.1875  0.0027 6.39  774.0  278.34  499.64
2453127.82792 14.1936  0.0025 5.00  884.0  278.34  499.64
2453128.83407 14.1865  0.0024 4.27  884.0  278.34  499.64
2453130.71526 14.1787  0.0025 4.26 1205.0  278.34  499.64
2453131.68181 14.1786  0.0027 5.15 1351.0  278.34  499.64
2453134.82925 14.1851  0.0025 4.44 1197.0  278.34  499.64
2453135.91339 14.1821  0.0024 4.74  784.0  278.34  499.64
2453138.66768 14.1843  0.0024 4.34  747.0  278.34  499.64
2453139.89287 14.1826  0.0025 5.49  746.0  278.34  499.64
2453140.89245 14.1826  0.0025 5.45  677.0  278.34  499.64
2453142.78144 14.1881  0.0024 4.26  715.0  278.34  499.64
2453144.80154 14.1864  0.0024 4.48  627.0  278.34  499.64
2453146.83062 14.1887  0.0024 4.76  611.0  278.34  499.64
2453151.76440 14.1857  0.0026 5.70  640.0  278.34  499.64
2453151.92037 14.1858  0.0026 5.72  812.0  278.34  499.64
2453152.76933 14.1871  0.0024 4.78  700.0  278.34  499.64
2453153.77267 14.1849  0.0026 5.71  710.0  278.34  499.64
2453156.87776 14.1868  0.0024 4.58  876.0  278.34  499.64
2453162.58200 14.1966  0.0028 6.24 1144.0  278.34  499.64
2453163.76858 14.1922  0.0024 4.49  821.0  278.34  499.64
2453164.75083 14.1869  0.0024 4.31  697.0  278.34  499.64
2453164.88384 14.1776  0.0025 5.43  824.0  278.34  499.64
2453165.72439 14.1763  0.0019 3.73  732.0  278.34  499.64
2453167.61071 14.1875  0.0026 6.24  707.0  278.34  499.64
2453168.87260 14.1827  0.0024 4.82  843.0  278.34  499.64
2453169.74055 14.1861  0.0024 4.56  639.0  278.34  499.64
2453170.82548 14.1848  0.0022 4.00  648.0  278.34  499.64
2453171.79678 14.1821  0.0016 3.58  705.0  278.34  499.64
2453172.76774 14.1812  0.0022 4.51  640.0  278.34  499.64
2453173.86572 14.1842  0.0025 5.41  773.0  278.34  499.64
2453174.72454 14.1941  0.0023 4.19  599.0  278.34  499.64
2453175.73326 14.1855  0.0023 4.20  691.0  278.34  499.64
2453177.77376 14.1920  0.0025 7.52  765.0  278.34  499.64
2453179.51852 14.1846  0.0023 4.66  714.0  278.34  499.64
2453179.89780 14.1889  0.0025 5.58  845.0  278.34  499.64
2453180.73560 14.1871  0.0023 4.22  510.0  278.34  499.64
2453182.80023 14.1878  0.0024 4.67  672.0  278.34  499.64
2453183.75518 14.1923  0.0025 5.33  628.0  278.34  499.64
2453184.71621 14.1834  0.0023 4.39  636.0  278.34  499.64
2453185.71976 14.1835  0.0024 4.22  794.0  278.34  499.64
2453193.55117 14.1878  0.0023 4.11  710.0  278.34  499.64
2453194.56283 14.1874  0.0026 5.33 1111.0  278.34  499.64
2453195.69437 14.1895  0.0023 4.34  634.0  278.34  499.64
2453195.81493 14.1868  0.0023 3.93  696.0  278.34  499.64
2453196.61580 14.1951  0.0024 4.35  816.0  278.34  499.64
2453197.53874 14.1929  0.0024 4.21  725.0  278.34  499.64
2453197.84400 14.1838  0.0024 4.76 1021.0  278.34  499.64
2453199.63772 14.1926  0.0023 4.72  507.0  278.34  499.64
2453202.53200 14.1888  0.0023 4.47  658.0  278.34  499.64
2453202.82178 14.1890  0.0027 6.33  806.0  278.34  499.64
2453203.67362 14.1910  0.0023 4.41  541.0  278.34  499.64
2453204.66801 14.1930  0.0023 4.77  497.0  278.34  499.64
2453205.52694 14.1887  0.0023 4.43  578.0  278.34  499.64
2453206.73225 14.1851  0.0023 4.65  577.0  278.34  499.64
2453209.65225 14.1899  0.0022 4.67  574.0  278.34  499.64
2453210.65231 14.1855  0.0023 4.33  687.0  278.34  499.64
2453211.62274 14.1861  0.0024 5.48  550.0  278.34  499.64
2453217.66696 14.1892  0.0026 5.10 1091.0  278.34  499.64
2453218.66525 14.2048  0.0026 5.30 1072.0  278.34  499.64
2453223.66647 14.2051  0.0027 6.33  696.0  278.34  499.64
2453224.71457 14.1896  0.0024 4.37  771.0  278.34  499.64
2453226.63646 14.1989  0.0025 5.87  507.0  278.34  499.64
2453228.61575 14.1902  0.0026 6.08  562.0  278.34  499.64
2453229.64823 14.1934  0.0024 4.62  569.0  278.34  499.64
2453230.68173 14.1913  0.0023 4.34  569.0  278.34  499.64
2453231.58577 14.1926  0.0023 4.74  663.0  278.34  499.64
2453232.62222 14.2004  0.0024 7.09  603.0  278.34  499.64
2453238.63407 14.2008  0.0025 5.28  640.0  278.34  499.64
2453239.71308 14.1981  0.0025 6.21  638.0  278.34  499.64
2453240.48620 14.1945  0.0024 4.21  792.0  278.34  499.64
2453245.57006 14.2003  0.0028 6.60 1629.0  278.34  499.64
2453246.67577 14.2068  0.0028 7.08  911.0  278.34  499.64
2453247.59492 14.1949  0.0024 4.57  816.0  278.34  499.64
2453249.54245 14.2028  0.0024 4.78  684.0  278.34  499.64
2453250.67339 14.2017  0.0025 4.99 1023.0  278.34  499.64
2453253.64265 14.1991  0.0027 6.91  554.0  278.34  499.64
2453256.65261 14.1947  0.0025 5.43  691.0  278.34  499.64
2453260.56236 14.1898  0.0024 4.83  645.0  278.34  499.64
2453265.49287 14.1987  0.0027 6.54  790.0  278.34  499.64
2453267.54650 14.1907  0.0022 4.82  882.0  278.34  499.64
2453272.60446 14.1933  0.0023 5.08  847.0  278.34  499.64
2453275.49855 14.1942  0.0026 5.99 1026.0  278.34  499.64
2453278.61438 14.1928  0.0020 4.68  849.0  278.34  499.64
2453282.49389 14.1859  0.0024 4.50  785.0  278.34  499.64
2453288.56024 14.1949  0.0019 5.15  593.0  278.34  499.64
2453293.53082 14.1919  0.0017 5.16  361.0  278.34  499.64
2453300.52462 14.1911  0.0025 4.71 1063.0  278.34  499.64
2453314.52591 14.1833  0.0027 6.11 1250.0  278.34  499.64
2453417.85975 14.0903  0.0020 4.56  603.0  278.34  499.64
2453422.88609 14.0876  0.0016 4.86  626.0  278.34  499.64
2453426.87713 14.0845  0.0021 4.38  774.0  278.34  499.64
2453429.86217 14.0728  0.0020 4.28  897.0  278.34  499.64
2453432.90249 14.0795  0.0020 3.84 1041.0  278.34  499.64
2453442.90499 14.0601  0.0020 4.22  626.0  278.34  499.64
2453445.81800 14.0709  0.0020 4.13  549.0  278.34  499.64
2453447.86833 14.0678  0.0021 4.93  643.0  278.34  499.64
2453449.88517 14.0674  0.0020 4.32  570.0  278.34  499.64
2453452.90234 14.0646  0.0019 3.55  579.0  278.34  499.64
2453453.77422 14.0655  0.0022 5.44 1071.0  278.34  499.64
2453455.84484 14.0534  0.0022 5.24  905.0  278.34  499.64
2453456.85594 14.0606  0.0020 3.52  771.0  278.34  499.64
2453457.77361 14.0546  0.0020 4.64  802.0  278.34  499.64
2453458.81720 14.0609  0.0020 4.06  788.0  278.34  499.64
2453459.79177 14.0625  0.0020 3.97  876.0  278.34  499.64
2453467.89454 14.0519  0.0020 4.62  513.0  278.34  499.64
2453469.80420 14.0557  0.0020 3.97  554.0  278.34  499.64
2453470.84430 14.0557  0.0019 3.82  525.0  278.34  499.64
2453472.77556 14.0384  0.0019 4.10  591.0  278.34  499.64
2453473.87058 14.0564  0.0022 5.77  580.0  278.34  499.64
2453474.84182 14.0574  0.0020 4.48  534.0  278.34  499.64
2453477.77954 14.0559  0.0020 4.53  588.0  278.34  499.64
2453478.89383 14.0510  0.0018 4.90  633.0  278.34  499.64
2453480.84579 14.0552  0.0019 4.65  511.0  278.34  499.64
2453481.84569 14.0535  0.0019 3.24  597.0  278.34  499.64
2453483.79010 14.0540  0.0019 3.59  705.0  278.34  499.64
2453496.74398 14.0586  0.0020 4.54  721.0  278.34  499.64
2453497.81172 14.0583  0.0021 4.86  651.0  278.34  499.64
2453498.93293 14.0569  0.0014 4.68  811.0  278.34  499.64
2453499.74040 14.0597  0.0019 4.37  559.0  278.34  499.64
2453500.74499 14.0585  0.0020 4.72  619.0  278.34  499.64
2453501.83571 14.0543  0.0012 3.81  684.0  278.34  499.64
2453502.69132 14.0545  0.0019 3.80  642.0  278.34  499.64
2453503.70416 14.0628  0.0018 3.99  544.0  278.34  499.64
2453504.71852 14.0622  0.0019 5.45  512.0  278.34  499.64
2453506.80393 14.0641  0.0020 4.80  583.0  278.34  499.64
2453508.80036 14.0695  0.0020 4.86  632.0  278.34  499.64
2453509.70377 14.0702  0.0021 4.87  568.0  278.34  499.64
2453511.69048 14.0643  0.0020 4.24  672.0  278.34  499.64
2453512.75366 14.0620  0.0020 4.08  840.0  278.34  499.64
2453517.79985 14.0737  0.0020 4.43  848.0  278.34  499.64
2453520.83510 14.0740  0.0021 5.33  688.0  278.34  499.64
2453521.65426 14.0770  0.0017 4.26  481.0  278.34  499.64
2453522.76380 14.0747  0.0020 4.53  533.0  278.34  499.64
2453523.79913 14.0763  0.0019 4.09  586.0  278.34  499.64
2453524.78684 14.0793  0.0018 4.66  690.0  278.34  499.64
2453525.76649 14.0804  0.0020 4.85  521.0  278.34  499.64
2453526.85182 14.0751  0.0020 4.09  605.0  278.34  499.64
2453528.57043 14.0760  0.0021 4.94  818.0  278.34  499.64
2453530.79587 14.0836  0.0019 4.10  528.0  278.34  499.64
2453537.76371 14.0863  0.0020 4.74  536.0  278.34  499.64
2453538.69320 14.0873  0.0019 4.05  618.0  278.34  499.64
2453540.66712 14.0841  0.0020 4.01  710.0  278.34  499.64
2453544.74139 14.0911  0.0021 4.14 1178.0  278.34  499.64
2453546.86526 14.0903  0.0023 6.09  883.0  278.34  499.64
2453547.82554 14.0907  0.0022 6.00  697.0  278.34  499.64
2453550.65195 14.0940  0.0017 3.66  713.0  278.34  499.64
2453551.65519 14.0925  0.0013 3.41  611.0  278.34  499.64
2453552.68876 14.0942  0.0018 4.35  500.0  278.34  499.64
2453553.69150 14.0959  0.0021 4.94  583.0  278.34  499.64
2453554.68001 14.0956  0.0022 5.61  591.0  278.34  499.64
2453555.71016 14.0936  0.0021 5.13  516.0  278.34  499.64
2453556.73846 14.0951  0.0021 5.44  503.0  278.34  499.64
2453558.57425 14.0987  0.0020 4.19  627.0  278.34  499.64
2453558.85157 14.1071  0.0021 5.25  617.0  278.34  499.64
2453559.67014 14.0993  0.0020 4.41  516.0  278.34  499.64
2453560.62326 14.0970  0.0020 3.98  555.0  278.34  499.64
2453561.56356 14.0997  0.0020 3.76  712.0  278.34  499.64
2453561.83012 14.1040  0.0021 5.21  595.0  278.34  499.64
2453562.60767 14.1012  0.0022 5.52  595.0  278.34  499.64
2453562.83055 14.1018  0.0021 4.42  667.0  278.34  499.64
2453563.65715 14.1041  0.0020 4.53  519.0  278.34  499.64
2453564.55074 14.1035  0.0021 5.12  643.0  278.34  499.64
2453569.60946 14.1106  0.0022 4.88  883.0  278.34  499.64
2453573.67810 14.1084  0.0022 5.73  801.0  278.34  499.64
2453573.70503 14.1027  0.0021 4.64  817.0  278.34  499.64
2453574.70604 14.1098  0.0022 5.19  742.0  278.34  499.64
2453575.64492 14.1066  0.0020 3.87  596.0  278.34  499.64
2453575.79008 14.1056  0.0021 4.52  794.0  278.34  499.64
2453576.70739 14.1077  0.0020 4.13  614.0  278.34  499.64
2453577.75566 14.1078  0.0021 4.82  523.0  278.34  499.64
2453578.69235 14.1088  0.0020 4.81  487.0  278.34  499.64
2453579.63765 14.1112  0.0020 4.60  496.0  278.34  499.64
2453580.67420 14.1143  0.0021 4.98  558.0  278.34  499.64
2453581.69060 14.1099  0.0020 4.02  498.0  278.34  499.64
2453582.61636 14.1028  0.0019 3.83  469.0  278.34  499.64
2453583.65294 14.1168  0.0021 5.41  503.0  278.34  499.64
2453584.66169 14.1117  0.0019 4.57  513.0  278.34  499.64
2453585.65979 14.1173  0.0020 4.27  421.0  278.34  499.64
2453586.68418 14.1124  0.0019 3.59  543.0  278.34  499.64
2453588.74228 14.1131  0.0017 5.73  487.0  278.34  499.64
2453589.70362 14.1109  0.0020 4.23  522.0  278.34  499.64
2453590.69969 14.1120  0.0020 3.95  568.0  278.34  499.64
2453591.49363 14.1161  0.0020 3.77  635.0  278.34  499.64
2453591.63914 14.1165  0.0019 3.19  587.0  278.34  499.64
2453591.72133 14.1179  0.0019 3.78  531.0  278.34  499.64
2453592.65615 14.1105  0.0019 3.47  471.0  278.34  499.64
2453592.71053 14.1108  0.0019 3.77  534.0  278.34  499.64
2453597.62977 14.1175  0.0020 3.86  847.0  278.34  499.64
2453599.64660 14.1224  0.0024 6.25  967.0  278.34  499.64
2453601.67604 14.1172  0.0020 3.56  914.0  278.34  499.64
2453602.67624 14.1206  0.0021 4.24  936.0  278.34  499.64
2453603.65634 14.1197  0.0021 5.15  655.0  278.34  499.64
2453607.65481 14.1181  0.0021 4.70  523.0  278.34  499.64
2453608.67075 14.1200  0.0020 4.36  582.0  278.34  499.64
2453615.59807 14.1163  0.0021 5.30  524.0  278.34  499.64
2453618.60161 14.1202  0.0020 3.90  673.0  278.34  499.64
2453620.56488 14.1193  0.0020 4.12  530.0  278.34  499.64
2453628.56691 14.1161  0.0021 4.88  984.0  278.34  499.64
2453630.58093 14.1189  0.0021 4.56  876.0  278.34  499.64
2453632.60841 14.1154  0.0022 5.38  969.0  278.34  499.64
2453634.51180 14.1163  0.0021 4.69  578.0  278.34  499.64
2453639.51759 14.1176  0.0019 3.61  613.0  278.34  499.64
2453641.56433 14.1225  0.0022 5.53  775.0  278.34  499.64
2453644.52913 14.1169  0.0020 4.29  675.0  278.34  499.64
2453649.50976 14.1150  0.0021 5.78  634.0  278.34  499.64
2453651.57063 14.1277  0.0024 5.91  839.0  278.34  499.64
2453654.56029 14.1138  0.0025 4.17 2715.0  278.34  499.64
2453655.53579 14.1133  0.0021 3.66  930.0  278.34  499.64
2453657.52897 14.1122  0.0022 4.30  959.0  278.34  499.64
2453659.53076 14.1220  0.0024 5.39  956.0  278.34  499.64
2453662.53530 14.1104  0.0022 5.48  973.0  278.34  499.64
2453665.49272 14.1068  0.0023 4.67 1053.0  278.34  499.64
2453671.50869 14.1032  0.0024 6.03  950.0  278.34  499.64
2453777.84027 14.0089  0.0021 5.77 1091.0  278.34  499.64
2453782.87626 14.0013  0.0019 3.63  809.0  278.34  499.64
2453785.83792 14.0021  0.0020 4.49  901.0  278.34  499.64
2453788.85807 14.0008  0.0021 4.10 1172.0  278.34  499.64
2453791.82557 14.0025  0.0021 4.90  862.0  278.34  499.64
2453793.86771 14.0011  0.0019 3.35  788.0  278.34  499.64
2453795.85514 14.0027  0.0022 5.58  913.0  278.34  499.64
2453798.81833 13.9983  0.0019 4.16  682.0  278.34  499.64
2453799.84249 13.9980  0.0021 5.05  892.0  278.34  499.64
2453800.83740 14.0024  0.0021 5.42  731.0  278.34  499.64
2453801.89691 14.0042  0.0020 4.35  725.0  278.34  499.64
2453802.86247 13.9995  0.0020 4.41  702.0  278.34  499.64
2453803.89775 14.0123  0.0020 3.99  729.0  278.34  499.64
2453805.81420 14.0033  0.0019 4.05  703.0  278.34  499.64
2453806.78047 14.0008  0.0020 5.03  857.0  278.34  499.64
2453806.79367 13.9987  0.0019 4.34  806.0  278.34  499.64
2453806.88222 14.0041  0.0019 4.07  606.0  278.34  499.64
2453807.79958 14.0037  0.0021 5.62  964.0  278.34  499.64
2453807.86714 14.0043  0.0019 3.84  799.0  278.34  499.64
2453808.80726 14.0031  0.0019 4.02  925.0  278.34  499.64
2453808.84446 14.0068  0.0020 4.10  847.0  278.34  499.64
2453808.90204 14.0090  0.0020 4.24  787.0  278.34  499.64
2453809.77007 14.0085  0.0020 4.50 1098.0  278.34  499.64
2453809.89236 14.0064  0.0019 3.84  864.0  278.34  499.64
2453810.76412 14.0034  0.0020 4.46 1029.0  278.34  499.64
2453810.85897 14.0000  0.0019 3.57  876.0  278.34  499.64
2453810.91506 14.0109  0.0022 4.09 2005.0  278.34  499.64
2453811.78785 14.0067  0.0021 4.99  809.0  278.34  499.64
2453811.85057 14.0029  0.0020 3.93  704.0  278.34  499.64
2453812.75641 14.0128  0.0022 5.60  926.0  278.34  499.64
2453812.82916 14.0054  0.0021 4.65  832.0  278.34  499.64
2453812.84665 14.0062  0.0021 5.16  824.0  278.34  499.64
2453812.91573 14.0088  0.0021 3.94 1644.0  278.34  499.64
2453813.75714 14.0169  0.0021 5.18  845.0  278.34  499.64
2453813.77514 14.0075  0.0020 4.52  800.0  278.34  499.64
2453813.78118 14.0073  0.0019 3.85  795.0  278.34  499.64
2453813.79266 14.0057  0.0019 3.92  773.0  278.34  499.64
2453813.80688 14.0036  0.0019 3.42  789.0  278.34  499.64
2453813.81303 14.0048  0.0019 3.55  801.0  278.34  499.64
2453813.81581 13.9995  0.0019 3.69  799.0  278.34  499.64
2453813.82813 14.0026  0.0019 3.74  804.0  278.34  499.64
2453813.83961 14.0030  0.0019 3.90  797.0  278.34  499.64
2453813.87749 14.0047  0.0019 3.81  778.0  278.34  499.64
2453813.90909 14.0087  0.0020 3.96  938.0  278.34  499.64
2453814.75236 14.0028  0.0020 4.12 1179.0  278.34  499.64
2453814.76029 14.0044  0.0019 3.84 1110.0  278.34  499.64
2453814.83848 14.0077  0.0019 3.73  771.0  278.34  499.64
2453814.87020 14.0089  0.0020 4.48  766.0  278.34  499.64
2453814.90664 14.0045  0.0020 3.81  818.0  278.34  499.64
2453815.75305 14.0084  0.0026 5.07 4275.0  278.34  499.64
2453815.79587 14.0025  0.0020 4.56  802.0  278.34  499.64
2453815.81519 14.0077  0.0020 3.67  827.0  278.34  499.64
2453815.82551 14.0058  0.0020 3.89  809.0  278.34  499.64
2453815.83626 14.0043  0.0019 3.91  751.0  278.34  499.64
2453815.84334 14.0052  0.0019 3.97  758.0  278.34  499.64
2453815.85012 14.0027  0.0019 3.58  763.0  278.34  499.64
2453815.86152 14.0025  0.0019 3.36  764.0  278.34  499.64
2453815.86919 14.0047  0.0019 3.52  738.0  278.34  499.64
2453815.87896 14.0044  0.0019 3.55  759.0  278.34  499.64
2453815.88977 14.0069  0.0017 3.64  639.0  278.34  499.64
2453815.89730 14.0036  0.0019 3.57  820.0  278.34  499.64
2453815.90460 14.0068  0.0018 3.52  751.0  278.34  499.64
2453815.91107 14.0029  0.0020 3.91  940.0  278.34  499.64
2453815.91756 14.0052  0.0020 3.53 1711.0  278.34  499.64
2453815.92052 14.0044  0.0021 3.44 2806.0  278.34  499.64
2453815.92364 14.0089  0.0024 3.70 5314.0  278.34  499.64
2453817.80260 14.0077  0.0020 4.11 1247.0  278.34  499.64
2453817.83823 14.0071  0.0020 3.54 1446.0  278.34  499.64
2453817.87175 14.0072  0.0020 3.48 1145.0  278.34  499.64
2453817.91256 14.0120  0.0020 3.32 1476.0  278.34  499.64
2453817.91996 14.0107  0.0022 3.86 3042.0  278.34  499.64
2453818.75690 14.0022  0.0020 4.34  974.0  278.34  499.64
2453818.82141 14.0027  0.0019 3.85  717.0  278.34  499.64
2453818.92013 14.0022  0.0021 3.79 2134.0  278.34  499.64
2453819.75507 14.0040  0.0019 4.36  602.0  278.34  499.64
2453819.79929 14.0063  0.0018 3.28  582.0  278.34  499.64
2453820.78349 14.0065  0.0019 3.57  584.0  278.34  499.64
2453821.78664 14.0066  0.0020 4.28  610.0  278.34  499.64
2453822.82601 14.0052  0.0020 4.22  635.0  278.34  499.64
2453823.78620 14.0067  0.0020 5.18  588.0  278.34  499.64
2453824.75239 14.0052  0.0020 5.21  723.0  278.34  499.64
2453825.81729 14.0081  0.0020 5.54  648.0  278.34  499.64
2453826.74578 14.0091  0.0016 5.99  374.0  278.34  499.64
2453827.81356 14.0078  0.0019 4.14  532.0  278.34  499.64
2453828.78819 14.0119  0.0021 5.81  686.0  278.34  499.64
2453829.77035 14.0069  0.0020 4.82  606.0  278.34  499.64
2453830.75087 14.0046  0.0019 4.28  714.0  278.34  499.64
2453832.75726 14.0107  0.0019 4.19  580.0  278.34  499.64
2453833.77043 14.0100  0.0019 4.02  556.0  278.34  499.64
2453834.75621 14.0115  0.0020 4.35  697.0  278.34  499.64
2453835.74527 14.0112  0.0020 4.95  715.0  278.34  499.64
2453836.77633 14.0130  0.0020 4.28  798.0  278.34  499.64
2453837.74368 14.0122  0.0021 5.31  794.0  278.34  499.64
2453837.91561 14.0142  0.0020 4.36  817.0  278.34  499.64
2453838.75546 14.0152  0.0023 6.35  839.0  278.34  499.64
2453839.75125 14.0181  0.0021 4.74  918.0  278.34  499.64
2453840.71723 14.0222  0.0020 4.55 1016.0  278.34  499.64
2453840.92221 14.0241  0.0020 4.48  919.0  278.34  499.64
2453841.75579 14.0211  0.0020 4.13  905.0  278.34  499.64
2453841.90647 14.0167  0.0020 4.06 1067.0  278.34  499.64
2453842.86041 14.0151  0.0019 3.60  918.0  278.34  499.64
2453845.73130 14.0227  0.0027 5.81 3652.0  278.34  499.64
2453845.92305 14.0210  0.0021 5.40  787.0  278.34  499.64
2453846.74202 14.0233  0.0019 3.72  614.0  278.34  499.64
2453847.80809 14.0249  0.0022 5.86  710.0  278.34  499.64
2453848.76304 14.0164  0.0020 4.86  572.0  278.34  499.64
2453849.76221 14.0231  0.0020 4.22  619.0  278.34  499.64
2453850.70687 14.0277  0.0019 4.21  660.0  278.34  499.64
2453850.88027 14.0286  0.0021 4.87  715.0  278.34  499.64
2453851.72150 14.0285  0.0020 4.96  584.0  278.34  499.64
2453851.88626 14.0306  0.0021 5.11  660.0  278.34  499.64
2453851.93237 14.0232  0.0021 4.10 1231.0  278.34  499.64
2453852.70998 14.0246  0.0021 5.33  640.0  278.34  499.64
2453852.89225 14.0219  0.0020 4.91  638.0  278.34  499.64
2453853.69837 14.0233  0.0019 3.82  568.0  278.34  499.64
2453853.86669 14.0238  0.0019 3.80  589.0  278.34  499.64
2453856.68844 14.0293  0.0020 4.32  794.0  278.34  499.64
2453856.85519 14.0269  0.0017 4.18  700.0  278.34  499.64
2453857.92612 14.0338  0.0020 4.43  761.0  278.34  499.64
2453858.77480 14.0304  0.0018 4.61  539.0  278.34  499.64
2453859.81300 14.0390  0.0018 4.17  547.0  278.34  499.64
2453860.68250 14.0299  0.0021 5.64  714.0  278.34  499.64
2453860.92136 14.0371  0.0020 5.16  712.0  278.34  499.64
2453861.68059 14.0327  0.0020 5.06  702.0  278.34  499.64
2453861.78421 14.0320  0.0019 3.86  579.0  278.34  499.64
2453862.71386 14.0319  0.0019 3.95  702.0  278.34  499.64
2453862.87632 14.0392  0.0020 4.44  799.0  278.34  499.64
2453863.65134 14.0372  0.0019 4.69  826.0  278.34  499.64
2453863.87219 14.0350  0.0019 3.84  584.0  278.34  499.64
2453864.68828 14.0344  0.0020 4.43  732.0  278.34  499.64
2453864.87832 14.0319  0.0019 3.90  587.0  278.34  499.64
2453864.93726 14.0352  0.0020 3.39 1318.0  278.34  499.64
2453865.69910 14.0432  0.0020 4.67  771.0  278.34  499.64
2453865.83582 14.0359  0.0020 4.34  663.0  278.34  499.64
2453865.91258 14.0389  0.0019 4.07  613.0  278.34  499.64
2453866.69755 14.0368  0.0019 3.80  699.0  278.34  499.64
2453866.83705 14.0397  0.0020 4.00  647.0  278.34  499.64
2453866.91598 14.0378  0.0019 3.61  636.0  278.34  499.64
2453867.64039 14.0419  0.0020 4.40 1099.0  278.34  499.64
2453867.82795 14.0401  0.0020 4.00  903.0  278.34  499.64
2453867.89916 14.0412  0.0020 4.15  938.0  278.34  499.64
2453868.72350 14.0388  0.0021 4.02 1064.0  278.34  499.64
2453868.87518 14.0431  0.0021 4.61 1002.0  278.34  499.64
2453869.70335 14.0333  0.0020 3.66 1098.0  278.34  499.64
2453869.88430 14.0372  0.0021 4.24 1265.0  278.34  499.64
2453872.90828 14.0425  0.0020 3.60 1201.0  278.34  499.64
2453873.65686 14.0458  0.0020 4.38  713.0  278.34  499.64
2453873.79903 14.0427  0.0019 3.65  667.0  278.34  499.64
2453873.87165 14.0441  0.0020 4.40  705.0  278.34  499.64
2453874.75530 14.0470  0.0020 4.82  631.0  278.34  499.64
2453875.66900 14.0450  0.0018 3.37  529.0  278.34  499.64
2453875.82487 14.0472  0.0019 4.58  646.0  278.34  499.64
2453875.91538 14.0442  0.0019 4.17  645.0  278.34  499.64
2453876.64621 14.0462  0.0013 4.48  526.0  278.34  499.64
2453877.64436 14.0467  0.0020 5.19  519.0  278.34  499.64
2453877.79566 14.0506  0.0019 3.82  554.0  278.34  499.64
2453877.86957 14.0423  0.0019 4.42  685.0  278.34  499.64
2453880.63512 14.0465  0.0016 4.75  578.0  278.34  499.64
2453880.84523 14.0563  0.0020 5.20  677.0  278.34  499.64
2453880.92405 14.0562  0.0018 4.71  787.0  278.34  499.64
2453881.67445 14.0518  0.0020 3.98  666.0  278.34  499.64
2453881.88589 14.0567  0.0020 3.96  717.0  278.34  499.64
2453882.58645 14.0553  0.0020 5.07  767.0  278.34  499.64
2453882.76274 14.0615  0.0020 4.58  588.0  278.34  499.64
2453882.83697 14.0595  0.0020 4.41  681.0  278.34  499.64
2453882.90576 14.0607  0.0019 3.85  646.0  278.34  499.64
2453883.65212 14.0641  0.0021 5.17  648.0  278.34  499.64
2453883.85264 14.0556  0.0019 4.03  597.0  278.34  499.64
2453886.61423 14.0613  0.0020 4.55  690.0  278.34  499.64
2453886.80702 14.0590  0.0019 3.86  534.0  278.34  499.64
2453886.87887 14.0605  0.0021 5.16  616.0  278.34  499.64
2453887.58757 14.0579  0.0020 5.30  709.0  278.34  499.64
2453887.79017 14.0617  0.0019 4.42  611.0  278.34  499.64
2453887.88971 14.0625  0.0020 4.52  731.0  278.34  499.64
2453888.60365 14.0641  0.0016 5.58  615.0  278.34  499.64
2453889.67001 14.0601  0.0019 3.91  545.0  278.34  499.64
2453889.94824 14.0608  0.0020 4.27 1216.0  278.34  499.64
2453890.65515 14.0651  0.0019 3.71  703.0  278.34  499.64
2453891.67967 14.0673  0.0020 4.88  607.0  278.34  499.64
2453891.80789 14.0638  0.0020 4.28  650.0  278.34  499.64
2453891.88987 14.0657  0.0020 4.12  664.0  278.34  499.64
2453892.60487 14.0685  0.0017 5.59 1275.0  278.34  499.64
2453893.63350 14.0674  0.0020 4.74  655.0  278.34  499.64
2453894.68386 14.0669  0.0021 5.55  579.0  278.34  499.64
2453894.90665 14.0709  0.0021 6.51  547.0  278.34  499.64
2453896.62454 14.0683  0.0022 5.78  975.0  278.34  499.64
2453900.54280 14.0695  0.0025 5.32 2367.0  278.34  499.64
2453900.72919 14.0641  0.0020 3.46  831.0  278.34  499.64
2453900.80785 14.0711  0.0020 4.06  918.0  278.34  499.64
2453900.87649 14.0674  0.0020 3.76 1065.0  278.34  499.64
2453901.55296 14.0703  0.0022 5.88  737.0  278.34  499.64
2453901.73429 14.0783  0.0021 4.88  662.0  278.34  499.64
2453901.81154 14.0708  0.0021 4.96  779.0  278.34  499.64
2453901.88048 14.0713  0.0021 4.74  916.0  278.34  499.64
2453902.57718 14.0715  0.0017 4.77  659.0  278.34  499.64
2453902.75513 14.0693  0.0020 4.70  719.0  278.34  499.64
2453902.87798 14.0732  0.0023 6.09  909.0  278.34  499.64
2453903.66677 14.0724  0.0020 4.54  707.0  278.34  499.64
2453904.56398 14.0661  0.0019 3.95  613.0  278.34  499.64
2453904.72695 14.0711  0.0020 3.70  652.0  278.34  499.64
2453904.79605 14.0763  0.0020 4.06  618.0  278.34  499.64
2453904.89819 14.0710  0.0020 4.52  800.0  278.34  499.64
2453905.56071 14.0688  0.0020 3.96  651.0  278.34  499.64
2453905.73742 14.0700  0.0019 3.69  636.0  278.34  499.64
2453905.80745 14.0723  0.0019 3.21  613.0  278.34  499.64
2453905.87600 14.0667  0.0019 3.51  823.0  278.34  499.64
2453906.57523 14.0734  0.0021 4.82  681.0  278.34  499.64
2453906.71586 14.0685  0.0020 5.25  567.0  278.34  499.64
2453906.78821 14.0769  0.0020 4.64  643.0  278.34  499.64
2453906.87130 14.0795  0.0021 5.07  729.0  278.34  499.64
2453907.60601 14.0765  0.0021 5.38  574.0  278.34  499.64
2453907.79643 14.0795  0.0023 6.62  683.0  278.34  499.64
2453907.87279 14.0884  0.0024 6.60  828.0  278.34  499.64
2453908.54214 14.0712  0.0021 4.22  923.0  278.34  499.64
2453908.72777 14.0724  0.0020 4.40  659.0  278.34  499.64
2453908.80783 14.0740  0.0020 4.42  589.0  278.34  499.64
2453908.89092 14.0700  0.0020 4.09  775.0  278.34  499.64
2453909.54401 14.0736  0.0021 4.92  775.0  278.34  499.64
2453909.72667 14.0736  0.0020 4.06  478.0  278.34  499.64
2453909.81717 14.0755  0.0020 4.30  549.0  278.34  499.64
2453910.58894 14.0737  0.0021 4.98  621.0  278.34  499.64
2453912.54311 14.0747  0.0019 3.18  684.0  278.34  499.64
2453912.73047 14.0789  0.0019 3.97  471.0  278.34  499.64
2453912.82440 14.0767  0.0019 3.92  509.0  278.34  499.64
2453913.53462 14.0769  0.0019 3.41  643.0  278.34  499.64
2453913.74007 14.0795  0.0020 4.93  630.0  278.34  499.64
2453913.82895 14.0783  0.0019 3.39  588.0  278.34  499.64
2453914.55841 14.0832  0.0021 5.11  697.0  278.34  499.64
2453915.53612 14.0799  0.0020 4.60  736.0  278.34  499.64
2453915.73812 14.0821  0.0020 4.88  525.0  278.34  499.64
2453915.83631 14.0834  0.0021 5.17  578.0  278.34  499.64
2453916.57482 14.0851  0.0020 5.17  610.0  278.34  499.64
2453916.81875 14.0826  0.0020 4.70  598.0  278.34  499.64
2453917.62999 14.0860  0.0021 5.25  657.0  278.34  499.64
2453917.82934 14.0829  0.0021 5.56  716.0  278.34  499.64
2453918.61690 14.0862  0.0021 4.97  644.0  278.34  499.64
2453918.82702 14.0870  0.0022 5.75  662.0  278.34  499.64
2453919.55519 14.0848  0.0020 6.44  838.0  278.34  499.64
2453919.77379 14.0883  0.0015 4.57  575.0  278.34  499.64
2453920.52151 14.0848  0.0021 4.78  647.0  278.34  499.64
2453920.71759 14.0847  0.0021 5.51  636.0  278.34  499.64
2453920.80302 14.0860  0.0019 3.58  603.0  278.34  499.64
2453921.51767 14.0879  0.0021 4.16  819.0  278.34  499.64
2453921.73144 14.0940  0.0024 6.54  685.0  278.34  499.64
2453922.73361 14.0836  0.0022 6.17  641.0  278.34  499.64
2453930.56225 14.0993  0.0016 4.22  917.0  278.34  499.64
2453930.79923 14.1025  0.0020 4.85 1298.0  278.34  499.64
2453931.51028 14.0911  0.0022 5.33  766.0  278.34  499.64
2453932.53787 14.1005  0.0020 4.38  753.0  278.34  499.64
2453932.80962 14.0955  0.0020 4.00  818.0  278.34  499.64
2453933.52428 14.0978  0.0017 3.89  781.0  278.34  499.64
2453933.70878 14.0960  0.0019 4.07  645.0  278.34  499.64
2453933.78075 14.0983  0.0020 4.66  691.0  278.34  499.64
2453934.49825 14.0986  0.0020 4.30  766.0  278.34  499.64
2453934.66822 14.0949  0.0020 4.37  540.0  278.34  499.64
2453934.73808 14.0900  0.0020 4.12  602.0  278.34  499.64
2453935.54806 14.0994  0.0020 4.40  647.0  278.34  499.64
2453935.71946 14.0969  0.0022 5.86  583.0  278.34  499.64
2453935.81697 14.0974  0.0020 4.10  758.0  278.34  499.64
2453936.50149 14.0995  0.0022 5.59  705.0  278.34  499.64
2453936.66697 14.0999  0.0020 4.38  581.0  278.34  499.64
2453936.74335 14.0962  0.0021 4.47  762.0  278.34  499.64
2453937.56968 14.1071  0.0023 6.07  595.0  278.34  499.64
2453938.50921 14.1052  0.0022 5.42  748.0  278.34  499.64
2453938.70426 14.1024  0.0017 5.02  559.0  278.34  499.64
2453938.80942 14.1028  0.0022 5.91  621.0  278.34  499.64
2453940.59390 14.0988  0.0018 4.02  596.0  278.34  499.64
2453941.72284 14.1050  0.0022 6.75  509.0  278.34  499.64
2453944.56183 14.1029  0.0018 4.68  615.0  278.34  499.64
2453944.76220 14.1018  0.0019 5.16  660.0  278.34  499.64
2453946.52099 14.1108  0.0022 5.94  685.0  278.34  499.64
2453946.71318 14.1073  0.0022 5.86  507.0  278.34  499.64
2453950.52964 14.1020  0.0019 3.86  548.0  278.34  499.64
2453950.74470 14.1051  0.0020 4.69  586.0  278.34  499.64
2453950.75217 14.1080  0.0021 4.99  604.0  278.34  499.64
2453951.52238 14.1156  0.0021 4.79  678.0  278.34  499.64
2453951.75367 14.1160  0.0020 4.85 1506.0  278.34  499.64
2453956.57559 14.1149  0.0023 6.07  847.0  278.34  499.64
2453957.51400 14.1137  0.0022 5.40  839.0  278.34  499.64
2453958.58567 14.1065  0.0021 4.98  717.0  278.34  499.64
2453959.51759 14.1104  0.0021 5.05  645.0  278.34  499.64
2453959.69201 14.1168  0.0022 5.76  698.0  278.34  499.64
2453960.50682 14.1147  0.0020 4.57  583.0  278.34  499.64
2453960.68593 14.1114  0.0019 3.49  676.0  278.34  499.64
2453961.58248 14.1199  0.0023 5.70  742.0  278.34  499.64
2453963.53948 14.1118  0.0020 4.20  547.0  278.34  499.64
2453963.71684 14.1128  0.0021 5.32  572.0  278.34  499.64
2453964.53459 14.1141  0.0020 3.97  633.0  278.34  499.64
2453965.51902 14.1151  0.0020 3.68  589.0  278.34  499.64
2453965.71791 14.1203  0.0020 4.04  566.0  278.34  499.64
2453966.49419 14.1192  0.0021 4.83  712.0  278.34  499.64
2453966.69591 14.1190  0.0020 4.40  556.0  278.34  499.64
2453967.53262 14.1222  0.0022 6.18  624.0  278.34  499.64
2453967.72134 14.1164  0.0020 4.74  552.0  278.34  499.64
2453968.50669 14.1223  0.0021 4.85  742.0  278.34  499.64
2453968.67665 14.1285  0.0022 5.34  579.0  278.34  499.64
2453969.48832 14.1241  0.0021 5.69  600.0  278.34  499.64
2453969.68896 14.1211  0.0020 4.79  551.0  278.34  499.64
2453970.52255 14.1207  0.0021 5.25  568.0  278.34  499.64
2453970.69603 14.1205  0.0020 4.04  519.0  278.34  499.64
2453971.56126 14.1242  0.0022 6.35  573.0  278.34  499.64
2453973.58751 14.1228  0.0020 4.69  499.0  278.34  499.64
2453974.51678 14.1164  0.0021 5.46  594.0  278.34  499.64
2453975.51966 14.1146  0.0020 4.47  563.0  278.34  499.64
2453975.69635 14.1220  0.0021 5.43  636.0  278.34  499.64
2453976.51447 14.1220  0.0020 4.59  569.0  278.34  499.64
2453976.69430 14.1266  0.0022 5.90  719.0  278.34  499.64
2453979.51649 14.1343  0.0023 6.34  941.0  278.34  499.64
2453982.57714 14.1273  0.0021 4.47  836.0  278.34  499.64
2453983.53476 14.1359  0.0023 5.45 1197.0  278.34  499.64
2453986.59159 14.1308  0.0021 4.82  794.0  278.34  499.64
2453987.51393 14.1280  0.0022 5.47  679.0  278.34  499.64
2453988.52685 14.1297  0.0020 4.10  540.0  278.34  499.64
2453989.53746 14.1278  0.0020 5.30  633.0  278.34  499.64
2453990.55427 14.1253  0.0021 5.14  594.0  278.34  499.64
2453991.51005 14.1223  0.0021 6.16  604.0  278.34  499.64
2453993.56173 14.1296  0.0021 5.24  568.0  278.34  499.64
2453994.57242 14.1305  0.0021 5.04  621.0  278.34  499.64
2453995.58000 14.1244  0.0020 4.28  619.0  278.34  499.64
2453999.61735 14.1334  0.0020 4.20  705.0  278.34  499.64
2454002.50675 14.1396  0.0021 5.00  642.0  278.34  499.64
2454003.50099 14.1277  0.0020 4.16  660.0  278.34  499.64
2454004.53506 14.1314  0.0020 4.13  672.0  278.34  499.64
2454006.52802 14.1399  0.0020 3.98  649.0  278.34  499.64
2454012.50792 14.1396  0.0023 5.95  746.0  278.34  499.64
2454016.52356 14.1409  0.0023 5.95  811.0  278.34  499.64
2454018.56204 14.1447  0.0022 4.73  781.0  278.34  499.64
2454020.54655 14.1327  0.0016 5.18  715.0  278.34  499.64
2454023.54692 14.1381  0.0021 4.85 1029.0  278.34  499.64
2454025.56626 14.1415  0.0022 5.66  880.0  278.34  499.64
2454028.50569 14.1436  0.0022 5.94  735.0  278.34  499.64
2454031.50579 14.1413  0.0022 5.56  778.0  278.34  499.64
2454038.51111 14.1524  0.0023 6.15  785.0  278.34  499.64
2454041.51014 14.1443  0.0023 5.10 1140.0  278.34  499.64
2454043.51790 14.1429  0.0023 5.48 1256.0  278.34  499.64
2454141.88520 14.1663  0.0027 4.41 1311.0  278.34  499.64
2454151.86635 14.1734  0.0027 5.35  762.0  278.34  499.64
2454153.88827 14.1649  0.0026 4.31  818.0  278.34  499.64
2454156.86666 14.1706  0.0028 5.54  787.0  278.34  499.64
2454158.88776 14.1701  0.0027 5.20  892.0  278.34  499.64
2454161.85420 14.1724  0.0029 6.17 1063.0  278.34  499.64
2454163.83708 14.1679  0.0026 3.84 1325.0  278.34  499.64
2454165.83215 14.1747  0.0027 5.11 1808.0  278.34  499.64
2454168.81566 14.1769  0.0027 4.74 1134.0  278.34  499.64
2454170.80759 14.1726  0.0030 4.76 3083.0  278.34  499.64
2454175.79821 14.1847  0.0028 5.88  810.0  278.34  499.64
2454176.90957 14.1771  0.0027 3.94 1001.0  278.34  499.64
2454178.81764 14.1798  0.0027 4.56  717.0  278.34  499.64
2454179.85759 14.1763  0.0026 3.90  775.0  278.34  499.64
2454181.79404 14.1734  0.0027 5.36  716.0  278.34  499.64
2454182.84253 14.1689  0.0026 4.05  661.0  278.34  499.64
2454183.87511 14.1802  0.0026 5.34  765.0  278.34  499.64
2454184.91934 14.1766  0.0025 3.88 2303.0  278.34  499.64
2454189.87026 14.1800  0.0028 5.13  711.0  278.34  499.64
2454191.82063 14.1848  0.0031 6.81  912.0  278.34  499.64
2454193.76666 14.1799  0.0028 4.92 1126.0  278.34  499.64
2454194.79597 14.1771  0.0026 4.31  842.0  278.34  499.64
2454196.78602 14.1760  0.0028 5.26  963.0  278.34  499.64
2454202.76760 14.1759  0.0026 4.51  802.0  278.34  499.64
2454203.75561 14.1762  0.0025 3.66  658.0  278.34  499.64
2454204.74789 14.1779  0.0027 4.52  792.0  278.34  499.64
2454204.93018 14.1760  0.0028 3.60 2179.0  278.34  499.64
2454205.74443 14.1781  0.0025 4.19  610.0  278.34  499.64
2454207.73388 14.1782  0.0026 4.53  786.0  278.34  499.64
2454208.75600 14.1823  0.0026 4.49  672.0  278.34  499.64
2454211.80015 14.1850  0.0028 5.69  676.0  278.34  499.64
2454212.88152 14.1891  0.0030 6.61  674.0  278.34  499.64
2454213.72050 14.1845  0.0027 4.97  708.0  278.34  499.64
2454213.92409 14.1807  0.0026 3.97  833.0  278.34  499.64
2454215.75319 14.1827  0.0028 6.03  723.0  278.34  499.64
2454216.71099 14.1838  0.0026 4.51  790.0  278.34  499.64
2454217.71845 14.1778  0.0025 3.89  752.0  278.34  499.64
2454217.92790 14.1794  0.0026 3.88  983.0  278.34  499.64
2454218.76808 14.1835  0.0028 5.78  736.0  278.34  499.64
2454219.76899 14.1842  0.0028 5.76  711.0  278.34  499.64
2454220.71372 14.1853  0.0028 5.47  821.0  278.34  499.64
2454222.68245 14.1835  0.0028 5.12 1140.0  278.34  499.64
2454224.79317 14.1797  0.0027 4.21 1113.0  278.34  499.64
2454228.68861 14.1863  0.0027 4.60 1117.0  278.34  499.64
2454228.92218 14.1891  0.0028 5.84 1050.0  278.34  499.64
2454229.68229 14.1926  0.0030 6.40  864.0  278.34  499.64
2454229.87924 14.1834  0.0027 4.87  907.0  278.34  499.64
2454230.69201 14.1854  0.0027 4.63  678.0  278.34  499.64
2454230.88005 14.1839  0.0027 5.10  853.0  278.34  499.64
2454231.63433 14.1824  0.0023 4.63  887.0  278.34  499.64
2454231.77856 14.1822  0.0022 3.87  878.0  278.34  499.64
2454231.90275 14.1807  0.0027 4.73  906.0  278.34  499.64
2454232.68642 14.1856  0.0025 5.58 1002.0  278.34  499.64
2454232.84741 14.1913  0.0029 6.33  930.0  278.34  499.64
2454233.82448 14.1791  0.0025 5.94  899.0  278.34  499.64
2454234.72261 14.1853  0.0026 4.63  799.0  278.34  499.64
2454235.64788 14.1811  0.0026 4.23  889.0  278.34  499.64
2454235.80913 14.1788  0.0025 3.69  701.0  278.34  499.64
2454235.90156 14.1825  0.0026 4.49  767.0  278.34  499.64
2454238.63382 14.1954  0.0030 6.51  972.0  278.34  499.64
2454238.88624 14.1834  0.0028 5.21 1012.0  278.34  499.64
2454239.64859 14.1866  0.0027 5.18  708.0  278.34  499.64
2454240.68797 14.1836  0.0025 4.11  700.0  278.34  499.64
2454240.82804 14.1843  0.0027 4.76  770.0  278.34  499.64
2454243.65377 14.1920  0.0028 5.41  796.0  278.34  499.64
2454243.74651 14.1902  0.0027 4.97  743.0  278.34  499.64
2454243.84022 14.1899  0.0027 5.28  777.0  278.34  499.64
2454244.62611 14.1853  0.0028 5.59  870.0  278.34  499.64
2454244.72237 14.1842  0.0026 4.24  740.0  278.34  499.64
2454244.81518 14.1842  0.0026 4.35  802.0  278.34  499.64
2454245.61920 14.1874  0.0025 5.15  608.0  278.34  499.64
2454245.71314 14.1801  0.0025 3.92  607.0  278.34  499.64
2454245.80894 14.1869  0.0026 4.66  643.0  278.34  499.64
2454246.67751 14.1852  0.0026 4.91  735.0  278.34  499.64
2454246.77039 14.1902  0.0026 4.71  746.0  278.34  499.64
2454246.86374 14.1896  0.0026 4.30  910.0  278.34  499.64
2454247.69275 14.1880  0.0027 4.98  782.0  278.34  499.64
2454250.74093 14.1856  0.0026 4.14  992.0  278.34  499.64
2454251.81250 14.1902  0.0030 5.66 1479.0  278.34  499.64
2454256.62864 14.1918  0.0030 6.31  916.0  278.34  499.64
2454256.77469 14.1899  0.0028 5.46  915.0  278.34  499.64
2454257.66030 14.1903  0.0029 6.00  818.0  278.34  499.64
2454258.64332 14.1919  0.0027 5.10  748.0  278.34  499.64
2454258.76583 14.1909  0.0027 4.61  765.0  278.34  499.64
2454258.85993 14.1901  0.0028 5.52  916.0  278.34  499.64
2454267.60399 14.1913  0.0027 5.14  814.0  278.34  499.64
2454268.56717 14.1991  0.0022 5.83  791.0  278.34  499.64
2454268.85007 14.1911  0.0027 4.72  884.0  278.34  499.64
2454269.58640 14.1857  0.0026 4.46  758.0  278.34  499.64
2454269.70693 14.1883  0.0026 4.76  634.0  278.34  499.64
2454269.81627 14.1888  0.0017 4.42  695.0  278.34  499.64
2454270.57995 14.1943  0.0025 5.35  920.0  278.34  499.64
2454272.60828 14.1880  0.0026 3.91  844.0  278.34  499.64
2454272.75746 14.1847  0.0026 4.78  715.0  278.34  499.64
2454272.81667 14.1926  0.0017 4.95  882.0  278.34  499.64
2454273.62540 14.1917  0.0029 6.22  804.0  278.34  499.64
2454273.80606 14.1886  0.0028 5.03 1083.0  278.34  499.64
2454273.86723 14.1922  0.0031 6.48 1217.0  278.34  499.64
2454274.55809 14.1894  0.0029 5.54 1044.0  278.34  499.64
2454274.71182 14.1926  0.0029 5.48  848.0  278.34  499.64
2454274.77294 14.1904  0.0027 5.08  827.0  278.34  499.64
2454274.83135 14.1882  0.0026 5.38  948.0  278.34  499.64
2454275.61051 14.1908  0.0029 5.41  898.0  278.34  499.64
2454275.78587 14.1902  0.0027 4.81 1035.0  278.34  499.64
2454275.84697 14.1902  0.0029 5.78 1174.0  278.34  499.64
2454276.59531 14.1921  0.0028 5.02  847.0  278.34  499.64
2454277.53911 14.1947  0.0029 5.66 1098.0  278.34  499.64
2454277.71607 14.1909  0.0027 4.75  839.0  278.34  499.64
2454277.77473 14.1895  0.0028 5.57  847.0  278.34  499.64
2454277.84486 14.1914  0.0030 6.12  978.0  278.34  499.64
2454278.58398 14.1918  0.0028 5.15  997.0  278.34  499.64
2454278.76015 14.1956  0.0029 5.82  950.0  278.34  499.64
2454283.51857 14.1949  0.0028 5.10 1369.0  278.34  499.64
2454283.73886 14.1925  0.0028 4.86 1251.0  278.34  499.64
2454284.51350 14.1952  0.0028 5.47 1044.0  278.34  499.64
2454284.70410 14.1967  0.0027 4.30  962.0  278.34  499.64
2454284.76640 14.1957  0.0027 4.13 1023.0  278.34  499.64
2454284.83126 14.1994  0.0029 5.03 1305.0  278.34  499.64
2454285.51662 14.2003  0.0030 5.98 1115.0  278.34  499.64
2454285.71006 14.1904  0.0028 5.32  828.0  278.34  499.64
2454285.77116 14.1901  0.0026 4.12  792.0  278.34  499.64
2454285.83645 14.1989  0.0028 4.86 1000.0  278.34  499.64
2454286.51631 14.1935  0.0028 5.31 1092.0  278.34  499.64
2454286.82123 14.1912  0.0023 5.40 1858.0  278.34  499.64
2454289.52412 14.1917  0.0027 5.01  962.0  278.34  499.64
2454289.74266 14.1937  0.0027 5.40  762.0  278.34  499.64
2454289.80778 14.1924  0.0026 5.00  882.0  278.34  499.64
2454290.57042 14.1995  0.0030 6.45  686.0  278.34  499.64
2454291.63305 14.1876  0.0026 3.98  727.0  278.34  499.64
2454292.49867 14.1848  0.0025 3.73  869.0  278.34  499.64
2454292.67788 14.1864  0.0025 3.89  747.0  278.34  499.64
2454292.73648 14.1927  0.0025 4.08  681.0  278.34  499.64
2454292.79497 14.1897  0.0026 4.04  787.0  278.34  499.64
2454293.49903 14.1970  0.0026 4.23  769.0  278.34  499.64
2454293.72365 14.1945  0.0026 4.16  631.0  278.34  499.64
2454293.78244 14.1984  0.0026 4.16  734.0  278.34  499.64
2454294.49821 14.1946  0.0027 4.30  887.0  278.34  499.64
2454295.50532 14.1931  0.0027 5.44  722.0  278.34  499.64
2454295.70336 14.1963  0.0025 4.57  517.0  278.34  499.64
2454295.76195 14.1936  0.0025 4.33  559.0  278.34  499.64
2454296.50235 14.1928  0.0027 4.72  768.0  278.34  499.64
2454296.69891 14.1913  0.0025 4.48  556.0  278.34  499.64
2454296.83425 14.1954  0.0027 5.49  736.0  278.34  499.64
2454297.52192 14.1995  0.0028 5.49  722.0  278.34  499.64
2454297.72352 14.1986  0.0019 4.67  619.0  278.34  499.64
2454298.55680 14.1978  0.0027 5.51  631.0  278.34  499.64
2454298.66253 14.1954  0.0027 5.04  566.0  278.34  499.64
2454298.76840 14.2040  0.0028 6.18  670.0  278.34  499.64
2454299.53984 14.1893  0.0025 4.18  657.0  278.34  499.64
2454299.63329 14.1914  0.0026 4.27  581.0  278.34  499.64
2454299.72502 14.1885  0.0026 4.49  555.0  278.34  499.64
2454300.53552 14.1937  0.0026 4.40  681.0  278.34  499.64
2454300.65557 14.1925  0.0026 4.76  558.0  278.34  499.64
2454300.75109 14.1934  0.0026 4.16  663.0  278.34  499.64
2454301.52638 14.1928  0.0025 3.61  819.0  278.34  499.64
2454301.62213 14.1935  0.0026 4.61  695.0  278.34  499.64
2454301.72391 14.1940  0.0025 4.42  634.0  278.34  499.64
2454301.82113 14.1939  0.0026 5.03  672.0  278.34  499.64
2454302.59938 14.1979  0.0028 5.47  660.0  278.34  499.64
2454302.69955 14.1951  0.0027 4.96  607.0  278.34  499.64
2454303.68538 14.1944  0.0028 5.25  608.0  278.34  499.64
2454304.55951 14.1958  0.0028 5.21 1059.0  278.34  499.64
2454304.67762 14.1933  0.0029 5.81  976.0  278.34  499.64
2454306.64347 14.1937  0.0027 4.89  809.0  278.34  499.64
2454306.70042 14.1919  0.0028 5.67  791.0  278.34  499.64
2454310.62270 14.1954  0.0029 4.93 1489.0  278.34  499.64
2454312.55498 14.1958  0.0027 4.56 1229.0  278.34  499.64
2454312.75342 14.1987  0.0028 5.56  906.0  278.34  499.64
2454315.64597 14.1987  0.0029 5.74  833.0  278.34  499.64
2454316.71917 14.1967  0.0028 5.21  777.0  278.34  499.64
2454317.56725 14.1972  0.0026 4.22  640.0  278.34  499.64
2454319.52451 14.1977  0.0028 5.64  769.0  278.34  499.64
2454319.77933 14.2015  0.0027 5.42  790.0  278.34  499.64
2454320.55130 14.1992  0.0027 4.91  657.0  278.34  499.64
2454326.51857 14.1963  0.0027 4.90  708.0  278.34  499.64
2454326.71576 14.2045  0.0029 6.02  661.0  278.34  499.64
2454327.59758 14.2024  0.0028 5.55  667.0  278.34  499.64
2454328.52438 14.2029  0.0028 5.38  793.0  278.34  499.64
2454328.70240 14.1977  0.0028 5.29  855.0  278.34  499.64
2454329.53376 14.2009  0.0028 5.86  692.0  278.34  499.64
2454329.68164 14.2015  0.0028 4.94  705.0  278.34  499.64
2454330.50526 14.1949  0.0026 4.28  699.0  278.34  499.64
2454330.69856 14.1966  0.0026 4.58  742.0  278.34  499.64
2454331.48540 14.2034  0.0029 6.00  816.0  278.34  499.64
2454331.69427 14.2011  0.0028 5.77  653.0  278.34  499.64
2454332.51521 14.1939  0.0026 3.83  718.0  278.34  499.64
2454333.53629 14.1949  0.0028 4.89  846.0  278.34  499.64
2454333.69738 14.2038  0.0030 6.71  767.0  278.34  499.64
2454334.50967 14.1985  0.0031 5.79 1775.0  278.34  499.64
2454334.63788 14.1963  0.0030 4.44 2512.0  278.34  499.64
2454338.50951 14.2036  0.0028 4.65 1283.0  278.34  499.64
2454339.48685 14.2012  0.0028 4.98 1212.0  278.34  499.64
2454339.70331 14.1989  0.0027 4.75 1230.0  278.34  499.64
2454340.60714 14.2000  0.0027 4.47 1003.0  278.34  499.64
2454341.51015 14.2136  0.0031 6.78  991.0  278.34  499.64
2454342.53935 14.2008  0.0027 4.73  811.0  278.34  499.64
2454343.51817 14.2001  0.0025 3.63  790.0  278.34  499.64
2454344.54644 14.2023  0.0029 5.45  884.0  278.34  499.64
2454345.51163 14.2010  0.0026 3.65  792.0  278.34  499.64
2454346.52432 14.2006  0.0028 5.22  839.0  278.34  499.64
2454347.53904 14.2010  0.0027 4.77  708.0  278.34  499.64
2454349.50068 14.2034  0.0027 4.60  724.0  278.34  499.64
2454350.54731 14.2042  0.0026 4.19  726.0  278.34  499.64
2454351.51321 14.2000  0.0026 4.31  703.0  278.34  499.64
2454352.56374 14.2052  0.0030 6.80  771.0  278.34  499.64
2454353.51711 14.2005  0.0027 4.73  832.0  278.34  499.64
2454354.54582 14.1983  0.0026 4.61  729.0  278.34  499.64
2454355.54918 14.1977  0.0026 5.33  827.0  278.34  499.64
2454356.51381 14.2020  0.0027 4.88  737.0  278.34  499.64
2454357.54293 14.2094  0.0029 5.94  794.0  278.34  499.64
2454358.50595 14.2035  0.0029 6.11  813.0  278.34  499.64
2454359.54347 14.2058  0.0027 5.32  729.0  278.34  499.64
2454360.57284 14.2054  0.0028 5.69  728.0  278.34  499.64
2454361.57629 14.2097  0.0029 5.67  902.0  278.34  499.64
2454365.56888 14.2031  0.0029 5.79 1101.0  278.34  499.64
2454367.50215 14.2006  0.0027 4.73 1071.0  278.34  499.64
2454368.53853 14.2041  0.0029 5.93 1019.0  278.34  499.64
2454370.50259 14.1983  0.0027 4.36  967.0  278.34  499.64
2454371.54100 14.2039  0.0026 4.43  934.0  278.34  499.64
2454372.52674 14.2031  0.0026 4.05  715.0  278.34  499.64
2454373.51291 14.2076  0.0029 5.60  880.0  278.34  499.64
2454376.57764 14.2139  0.0030 6.63  864.0  278.34  499.64
2454377.61486 14.2017  0.0029 6.65  899.0  278.34  499.64
2454378.52543 14.2061  0.0027 5.48  754.0  278.34  499.64
2454379.54047 14.2084  0.0029 5.95  832.0  278.34  499.64
2454380.55196 14.2051  0.0026 4.42  813.0  278.34  499.64
2454381.53066 14.2093  0.0029 6.19 1025.0  278.34  499.64
2454382.57319 14.2051  0.0030 6.57  933.0  278.34  499.64
2454383.56372 14.2059  0.0027 5.31 1015.0  278.34  499.64
2454384.53792 14.2090  0.0029 6.10  810.0  278.34  499.64
2454388.50106 14.2115  0.0029 6.47  902.0  278.34  499.64
2454388.53666 14.2099  0.0030 6.52  926.0  278.34  499.64
2454388.54985 14.2134  0.0030 6.33  929.0  278.34  499.64
2454388.55740 14.2148  0.0030 6.22  942.0  278.34  499.64
2454388.56998 14.2132  0.0029 5.99  974.0  278.34  499.64
2454388.58036 14.2141  0.0030 5.90 1076.0  278.34  499.64
2454388.59449 14.2109  0.0030 6.45 1099.0  278.34  499.64
2454388.60085 14.2125  0.0030 6.67 1129.0  278.34  499.64
2454391.49015 14.2115  0.0025 5.76 1078.0  278.34  499.64
2454392.49944 14.2092  0.0029 4.61 2449.0  278.34  499.64
2454393.53772 14.2108  0.0027 4.92 1060.0  278.34  499.64
2454394.55306 14.2133  0.0030 6.32 1127.0  278.34  499.64
2454395.52449 14.2104  0.0028 5.24 1088.0  278.34  499.64
2454395.55275 14.2055  0.0028 5.21 1124.0  278.34  499.64
2454395.57549 14.2077  0.0028 4.76 1184.0  278.34  499.64
2454396.51652 14.2087  0.0030 5.62 1328.0  278.34  499.64
2454397.54081 14.2042  0.0027 5.24 1306.0  278.34  499.64
2454398.54570 14.2062  0.0028 5.14 1299.0  278.34  499.64
2454399.53841 14.2052  0.0029 5.46 1244.0  278.34  499.64
2454400.54047 14.2128  0.0030 6.30 1479.0  278.34  499.64
2454402.55688 14.2085  0.0030 6.60 1033.0  278.34  499.64
2454403.55594 14.2105  0.0029 5.80 1078.0  278.34  499.64
2454408.54670 14.2130  0.0030 6.60 1156.0  278.34  499.64
2454507.87062 14.2243  0.0027 6.43  919.0  278.34  499.64
2454510.86713 14.2191  0.0023 4.79  898.0  278.34  499.64
2454513.86824 14.2154  0.0023 4.48  833.0  278.34  499.64
2454517.86738 14.2231  0.0029 6.54 1193.0  278.34  499.64
2454519.88831 14.2162  0.0024 4.26  827.0  278.34  499.64
2454522.88223 14.2232  0.0026 5.49  894.0  278.34  499.64
2454524.81805 14.2237  0.0026 5.08 1083.0  278.34  499.64
2454530.82570 14.2154  0.0023 3.93  794.0  278.34  499.64
2454533.86154 14.2199  0.0024 4.99  704.0  278.34  499.64
2454535.84432 14.2193  0.0026 5.77  757.0  278.34  499.64
2454536.90196 14.2158  0.0025 4.87  725.0  278.34  499.64
2454537.88760 14.2179  0.0023 4.00  577.0  278.34  499.64
2454538.82269 14.2228  0.0025 4.66  786.0  278.34  499.64
2454539.86078 14.2204  0.0025 5.32  655.0  278.34  499.64
2454540.80696 14.2178  0.0024 3.92  776.0  278.34  499.64
2454541.79969 14.2167  0.0023 4.24  677.0  278.34  499.64
2454542.79438 14.2206  0.0025 6.16  735.0  278.34  499.64
2454543.78993 14.2167  0.0024 5.09  782.0  278.34  499.64
2454544.78677 14.2249  0.0025 5.17  918.0  278.34  499.64
2454545.79311 14.2183  0.0025 4.53  946.0  278.34  499.64
2454546.80025 14.2215  0.0025 5.30  929.0  278.34  499.64
2454547.79420 14.2145  0.0024 4.12  988.0  278.34  499.64
2454548.80515 14.2155  0.0024 4.32  947.0  278.34  499.64
2454550.74820 14.2267  0.0026 5.97  955.0  278.34  499.64
2454551.77139 14.2201  0.0024 4.09  928.0  278.34  499.64
2454552.76736 14.2171  0.0028 5.63 1445.0  278.34  499.64
2454556.76348 14.2179  0.0024 4.58  638.0  278.34  499.64
2454557.78067 14.2218  0.0025 5.33  662.0  278.34  499.64
2454558.75761 14.2149  0.0023 3.87  636.0  278.34  499.64
2454559.75554 14.2202  0.0024 5.35  600.0  278.34  499.64
2454560.75568 14.2219  0.0024 5.54  577.0  278.34  499.64
2454561.74572 14.2249  0.0024 5.13  686.0  278.34  499.64
2454564.73590 14.2225  0.0024 4.88  598.0  278.34  499.64
2454565.73393 14.2167  0.0022 3.60  616.0  278.34  499.64
2454565.92485 14.2209  0.0023 3.29  943.0  278.34  499.64
2454566.73348 14.2179  0.0024 4.77  636.0  278.34  499.64
2454567.72649 14.2228  0.0024 4.59  681.0  278.34  499.64
2454568.73505 14.1918  0.0023 4.18  702.0  278.34  499.64
2454569.74416 14.2181  0.0024 5.57  638.0  278.34  499.64
2454570.73478 14.2183  0.0026 5.94  712.0  278.34  499.64
2454571.72945 14.2201  0.0026 6.14  777.0  278.34  499.64
2454571.91796 14.2165  0.0024 4.16  696.0  278.34  499.64
2454572.75693 14.2180  0.0023 4.20  749.0  278.34  499.64
2454573.74533 14.2130  0.0024 4.48  801.0  278.34  499.64
2454573.91167 14.2177  0.0023 3.51  619.0  278.34  499.64
2454574.74770 14.2183  0.0024 4.90  843.0  278.34  499.64
2454575.75678 14.2213  0.0024 4.08  883.0  278.34  499.64
2454576.76329 14.2218  0.0024 3.90  994.0  278.34  499.64
2454577.84500 14.2254  0.0025 4.52  867.0  278.34  499.64
2454578.79605 14.2264  0.0027 6.01  895.0  278.34  499.64
2454579.87296 14.2252  0.0029 3.99 3830.0  278.34  499.64
2454583.73976 14.2236  0.0026 4.70 1320.0  278.34  499.64
2454583.93255 14.2211  0.0025 4.48 1248.0  278.34  499.64
2454585.76348 14.2240  0.0027 6.24  699.0  278.34  499.64
2454586.79244 14.2241  0.0027 6.59  710.0  278.34  499.64
2454587.77642 14.2234  0.0026 5.51  714.0  278.34  499.64
2454587.93495 14.2217  0.0027 5.34 1207.0  278.34  499.64
2454588.69956 14.2171  0.0025 4.92  731.0  278.34  499.64
2454588.93315 14.2167  0.0025 4.36 1169.0  278.34  499.64
2454589.68178 14.2159  0.0025 5.31  730.0  278.34  499.64
2454589.83722 14.2170  0.0024 4.36  661.0  278.34  499.64
2454589.89921 14.2224  0.0027 6.17  726.0  278.34  499.64
2454590.70754 14.2203  0.0024 4.10  726.0  278.34  499.64
2454590.90923 14.2145  0.0024 3.91  863.0  278.34  499.64
2454590.91789 14.2127  0.0024 4.03  894.0  278.34  499.64
2454591.71307 14.2191  0.0024 4.43  849.0  278.34  499.64
2454591.83853 14.2243  0.0025 4.95  775.0  278.34  499.64
2454591.90511 14.2188  0.0024 4.18  881.0  278.34  499.64
2454592.67173 14.2236  0.0025 4.87 1054.0  278.34  499.64
2454592.86096 14.2214  0.0025 4.23 1017.0  278.34  499.64
2454593.66086 14.2215  0.0025 5.00  759.0  278.34  499.64
2454593.87056 14.2170  0.0024 3.77  831.0  278.34  499.64
2454594.68188 14.2213  0.0025 5.40  707.0  278.34  499.64
2454594.87689 14.2190  0.0024 4.51  783.0  278.34  499.64
2454595.67140 14.2233  0.0025 5.40  698.0  278.34  499.64
2454595.86582 14.2210  0.0024 4.38  669.0  278.34  499.64
2454595.92767 14.2235  0.0025 5.09  700.0  278.34  499.64
2454596.66664 14.2205  0.0025 5.64  701.0  278.34  499.64
2454597.69106 14.2167  0.0024 4.73  632.0  278.34  499.64
2454597.88257 14.2232  0.0025 4.85  764.0  278.34  499.64
2454598.66732 14.2119  0.0023 3.84  567.0  278.34  499.64
2454599.63984 14.2222  0.0025 4.91  779.0  278.34  499.64
2454600.64908 14.2223  0.0023 4.21  647.0  278.34  499.64
2454600.85782 14.2166  0.0023 3.70  765.0  278.34  499.64
2454601.65467 14.2206  0.0023 3.96  772.0  278.34  499.64
2454601.87093 14.2156  0.0023 3.72  617.0  278.34  499.64
2454601.93277 14.2276  0.0024 4.84  737.0  278.34  499.64
2454602.64728 14.2160  0.0023 4.16  724.0  278.34  499.64
2454602.85672 14.2226  0.0022 3.66  713.0  278.34  499.64
2454603.88983 14.2234  0.0024 4.63  673.0  278.34  499.64
2454606.60247 14.2225  0.0025 4.79 1450.0  278.34  499.64
2454606.62862 14.2210  0.0025 4.77 1277.0  278.34  499.64
2454606.64859 14.2146  0.0023 3.45 1188.0  278.34  499.64
2454606.71751 14.2187  0.0023 3.58 1012.0  278.34  499.64
2454606.90693 14.2172  0.0024 3.89 1259.0  278.34  499.64
2454607.77729 14.2287  0.0025 4.24 1335.0  278.34  499.64
2454610.74476 14.2176  0.0024 3.56  971.0  278.34  499.64
2454611.63408 14.2198  0.0027 5.28  902.0  278.34  499.64
2454611.82494 14.2173  0.0024 3.38  882.0  278.34  499.64
2454612.65545 14.2184  0.0023 4.12 1056.0  278.34  499.64
2454615.79721 14.2216  0.0025 4.80  747.0  278.34  499.64
2454616.60624 14.2209  0.0026 4.84  790.0  278.34  499.64
2454616.82275 14.2195  0.0025 4.52  664.0  278.34  499.64
2454616.89272 14.2252  0.0026 4.83  893.0  278.34  499.64
2454617.67800 14.2218  0.0025 4.88  682.0  278.34  499.64
2454618.61802 14.2217  0.0024 4.79  735.0  278.34  499.64
2454621.91972 14.2203  0.0019 3.77  937.0  278.34  499.64
2454622.81645 14.2196  0.0025 4.47  750.0  278.34  499.64
2454622.93262 14.2277  0.0028 6.54 1069.0  278.34  499.64
2454623.67377 14.2232  0.0026 5.27  657.0  278.34  499.64
2454623.87555 14.2234  0.0027 5.25  975.0  278.34  499.64
2454624.59553 14.2270  0.0027 5.87  852.0  278.34  499.64
2454624.81968 14.2253  0.0025 4.63  692.0  278.34  499.64
2454624.88603 14.2229  0.0026 5.42  774.0  278.34  499.64
2454625.60966 14.2306  0.0028 6.29  726.0  278.34  499.64
2454625.82906 14.2250  0.0024 6.02  829.0  278.34  499.64
2454625.91793 14.2269  0.0027 5.62  848.0  278.34  499.64
2454626.60816 14.2203  0.0027 5.95  665.0  278.34  499.64
2454626.87884 14.2349  0.0028 6.61  711.0  278.34  499.64
2454627.56860 14.2208  0.0025 4.59  819.0  278.34  499.64
2454627.85791 14.2195  0.0024 4.20  592.0  278.34  499.64
2454627.92516 14.2180  0.0025 5.47  675.0  278.34  499.64
2454628.55590 14.2255  0.0025 4.91  884.0  278.34  499.64
2454628.76217 14.2204  0.0025 4.87  657.0  278.34  499.64
2454628.82760 14.2264  0.0026 5.28  651.0  278.34  499.64
2454628.89748 14.2214  0.0026 5.43  789.0  278.34  499.64
2454629.63329 14.2177  0.0024 4.55  584.0  278.34  499.64
2454629.83592 14.2180  0.0024 4.02  780.0  278.34  499.64
2454629.91393 14.2216  0.0025 5.14  787.0  278.34  499.64
2454630.56925 14.2206  0.0026 5.47  841.0  278.34  499.64
2454630.77507 14.2185  0.0024 3.51  763.0  278.34  499.64
2454630.85845 14.2213  0.0025 4.80  766.0  278.34  499.64
2454630.92120 14.2197  0.0025 4.76  897.0  278.34  499.64
2454631.57062 14.2205  0.0024 3.82  836.0  278.34  499.64
2454631.78636 14.2160  0.0024 3.81  706.0  278.34  499.64
2454631.87305 14.2212  0.0026 4.96  964.0  278.34  499.64
2454632.57443 14.2198  0.0025 4.15  912.0  278.34  499.64
2454632.86118 14.2210  0.0026 4.86 1026.0  278.34  499.64
2454633.57441 14.2151  0.0025 4.07  984.0  278.34  499.64
2454633.68591 14.2128  0.0024 3.51  783.0  278.34  499.64
2454633.80165 14.2202  0.0025 4.17  880.0  278.34  499.64
2454638.75951 14.2172  0.0025 4.41  878.0  278.34  499.64
2454638.86969 14.2262  0.0030 5.52 3696.0  278.34  499.64
2454639.58204 14.2184  0.0026 5.00 1057.0  278.34  499.64
2454639.67985 14.2178  0.0025 3.88 1013.0  278.34  499.64
2454640.60153 14.2236  0.0025 4.54  742.0  278.34  499.64
2454640.73368 14.2238  0.0025 4.32  666.0  278.34  499.64
2454640.83874 14.2267  0.0026 5.50 1003.0  278.34  499.64
2454641.67554 14.2233  0.0025 4.39  756.0  278.34  499.64
2454641.78550 14.2230  0.0025 4.31  777.0  278.34  499.64
2454642.59945 14.2265  0.0026 4.96  788.0  278.34  499.64
2454642.76198 14.2238  0.0025 5.00  678.0  278.34  499.64
2454642.83707 14.2242  0.0025 5.17  881.0  278.34  499.64
2454643.55725 14.2213  0.0026 5.58  712.0  278.34  499.64
2454644.60461 14.2297  0.0027 6.07  732.0  278.34  499.64
2454644.86632 14.2251  0.0025 4.97  730.0  278.34  499.64
2454645.52771 14.2177  0.0027 5.30 1065.0  278.34  499.64
2454645.77615 14.2248  0.0025 4.46  741.0  278.34  499.64
2454645.85088 14.2230  0.0027 5.69 1007.0  278.34  499.64
2454646.52573 14.2247  0.0023 4.13  928.0  278.34  499.64
2454646.85811 14.2203  0.0024 5.30  980.0  278.34  499.64
2454647.52210 14.2262  0.0026 4.36 1232.0  278.34  499.64
2454647.74517 14.2249  0.0025 4.71  795.0  278.34  499.64
2454647.85617 14.2253  0.0027 5.92  961.0  278.34  499.64
2454648.50525 14.2261  0.0026 4.97  975.0  278.34  499.64
2454648.72447 14.2262  0.0025 4.82  660.0  278.34  499.64
2454648.82277 14.2218  0.0026 5.61  794.0  278.34  499.64
2454649.53138 14.2248  0.0027 5.59  932.0  278.34  499.64
2454649.81021 14.2257  0.0026 5.50  774.0  278.34  499.64
2454649.86646 14.2235  0.0028 6.21  934.0  278.34  499.64
2454650.51734 14.2207  0.0028 5.92 1093.0  278.34  499.64
2454650.78126 14.2242  0.0025 5.14  665.0  278.34  499.64
2454650.87498 14.2249  0.0026 5.62  968.0  278.34  499.64
2454651.52075 14.2259  0.0027 5.38 1007.0  278.34  499.64
2454651.81585 14.2257  0.0027 5.98  843.0  278.34  499.64
2454652.51172 14.2195  0.0026 4.82  971.0  278.34  499.64
2454652.72489 14.2207  0.0025 4.14  677.0  278.34  499.64
2454652.79974 14.2209  0.0027 5.90  766.0  278.34  499.64
2454652.84947 14.2225  0.0027 5.92  922.0  278.34  499.64
2454653.50810 14.2268  0.0028 6.33 1033.0  278.34  499.64
2454653.72725 14.2171  0.0025 4.36  816.0  278.34  499.64
2454654.54690 14.2232  0.0026 5.72  743.0  278.34  499.64
2454654.75838 14.2231  0.0025 4.94  723.0  278.34  499.64
2454655.50798 14.2232  0.0028 5.63 1135.0  278.34  499.64
2454655.73243 14.2180  0.0024 4.10  624.0  278.34  499.64
2454655.79421 14.2265  0.0025 4.69  760.0  278.34  499.64
2454656.50988 14.2226  0.0024 3.60  708.0  278.34  499.64
2454656.69968 14.2251  0.0025 4.36  837.0  278.34  499.64
2454656.81890 14.2199  0.0025 4.41 1148.0  278.34  499.64
2454657.73650 14.2229  0.0026 5.82  695.0  278.34  499.64
2454658.66839 14.2242  0.0026 4.63  773.0  278.34  499.64
2454659.60934 14.2259  0.0028 6.21  769.0  278.34  499.64
2454660.62074 14.2287  0.0027 5.79  843.0  278.34  499.64
2454661.49798 14.2259  0.0026 4.74 1264.0  278.34  499.64
2454661.69864 14.2218  0.0025 4.18  929.0  278.34  499.64
2454661.76014 14.2327  0.0026 5.00  971.0  278.34  499.64
2454661.82734 14.2168  0.0026 4.53 1246.0  278.34  499.64
2454665.66548 14.2241  0.0026 4.24 1576.0  278.34  499.64
2454666.57090 14.2177  0.0026 4.50 1118.0  278.34  499.64
2454666.71396 14.2187  0.0026 4.57 1020.0  278.34  499.64
2454666.75614 14.2243  0.0028 5.71 1086.0  278.34  499.64
2454670.65558 14.2237  0.0026 5.10  688.0  278.34  499.64
2454671.59116 14.2211  0.0024 4.55  577.0  278.34  499.64
2454672.51667 14.2189  0.0023 3.88  742.0  278.34  499.64
2454672.70907 14.2267  0.0025 4.49  759.0  278.34  499.64
2454672.73138 14.2221  0.0026 5.21  818.0  278.34  499.64
2454674.51973 14.2247  0.0027 5.66  718.0  278.34  499.64
2454674.71288 14.2251  0.0026 5.21  689.0  278.34  499.64
2454675.75755 14.2223  0.0026 5.45  892.0  278.34  499.64
2454677.49637 14.2242  0.0025 4.44  832.0  278.34  499.64
2454677.64276 14.2299  0.0026 5.27  681.0  278.34  499.64
2454678.70532 14.2213  0.0019 4.51  648.0  278.34  499.64
2454679.50203 14.2327  0.0029 6.88  748.0  278.34  499.64
2454681.53778 14.2275  0.0025 4.59  661.0  278.34  499.64
2454681.63779 14.2271  0.0025 4.98  594.0  278.34  499.64
2454681.77001 14.2202  0.0025 5.12  813.0  278.34  499.64
2454682.50879 14.2244  0.0024 3.97  750.0  278.34  499.64
2454682.66613 14.2252  0.0025 4.53  605.0  278.34  499.64
2454682.76130 14.2204  0.0025 4.42  750.0  278.34  499.64
2454683.52728 14.2286  0.0027 6.13  946.0  278.34  499.64
2454683.71423 14.2257  0.0026 5.50  621.0  278.34  499.64
2454684.51982 14.2237  0.0026 4.73  902.0  278.34  499.64
2454684.73353 14.2223  0.0025 4.88  665.0  278.34  499.64
2454685.50482 14.2362  0.0028 6.00  852.0  278.34  499.64
2454685.73978 14.2292  0.0025 4.34  792.0  278.34  499.64
2454686.50855 14.2252  0.0025 4.79  790.0  278.34  499.64
2454687.49232 14.2232  0.0025 4.53  791.0  278.34  499.64
2454687.74784 14.2224  0.0020 5.71  845.0  278.34  499.64
2454688.50524 14.2246  0.0026 4.70  850.0  278.34  499.64
2454688.69509 14.2196  0.0025 4.63  685.0  278.34  499.64
2454688.75684 14.2251  0.0026 5.30  873.0  278.34  499.64
2454693.55301 14.2240  0.0025 3.91 1992.0  278.34  499.64
2454694.61419 14.2292  0.0028 6.22  968.0  278.34  499.64
2454697.50876 14.2236  0.0024 4.44  706.0  278.34  499.64
2454698.51428 14.2236  0.0024 4.16  665.0  278.34  499.64
2454699.51042 14.2207  0.0025 4.84  770.0  278.34  499.64
2454700.51670 14.2220  0.0024 4.03  736.0  278.34  499.64
2454701.51198 14.2175  0.0025 4.51  792.0  278.34  499.64
2454702.51052 14.2255  0.0026 5.29  724.0  278.34  499.64
2454703.58103 14.2017  0.0024 4.29  677.0  278.34  499.64
2454704.65074 14.2246  0.0025 5.20  664.0  278.34  499.64
2454705.51416 14.2237  0.0025 4.69  757.0  278.34  499.64
2454707.64452 14.2221  0.0024 4.60  650.0  278.34  499.64
2454708.54740 14.2275  0.0026 5.69  682.0  278.34  499.64
2454709.52354 14.2309  0.0028 6.26  767.0  278.34  499.64
2454710.55312 14.2216  0.0022 3.99  824.0  278.34  499.64
2454715.59247 14.2255  0.0026 5.70  826.0  278.34  499.64
2454716.59487 14.2238  0.0026 5.05  992.0  278.34  499.64
2454720.56202 14.2183  0.0025 4.25  995.0  278.34  499.64
2454721.49449 14.2287  0.0028 5.93 1059.0  278.34  499.64
2454722.60689 14.2241  0.0027 5.27 1029.0  278.34  499.64
2454724.51593 14.2294  0.0028 5.61  973.0  278.34  499.64
2454725.49476 14.2334  0.0027 5.29  937.0  278.34  499.64
2454726.55567 14.2392  0.0029 6.62  884.0  278.34  499.64
2454728.60081 14.2259  0.0027 6.01  833.0  278.34  499.64
2454729.55628 14.2297  0.0027 6.36  760.0  278.34  499.64
2454730.57498 14.2332  0.0025 5.15  719.0  278.34  499.64
2454731.57956 14.2322  0.0027 6.07  674.0  278.34  499.64
2454733.53121 14.2276  0.0026 5.06  689.0  278.34  499.64
2454734.56057 14.2296  0.0027 5.61  756.0  278.34  499.64
2454737.55149 14.2306  0.0026 5.81  667.0  278.34  499.64
2454740.56200 14.2307  0.0027 6.11  765.0  278.34  499.64
2454741.56971 14.2279  0.0024 4.40  781.0  278.34  499.64
2454743.57534 14.2219  0.0026 5.25  717.0  278.34  499.64
2454753.55550 14.2240  0.0027 5.52 1002.0  278.34  499.64
2454756.53436 14.2242  0.0028 6.49  917.0  278.34  499.64
2454758.51721 14.2282  0.0027 5.31 1021.0  278.34  499.64
2454774.51084 14.2301  0.0026 5.96 1086.0  278.34  499.64
2454775.50824 14.2275  0.0029 6.70 1274.0  278.34  499.64
2454776.50570 14.2249  0.0029 6.36 1619.0  278.34  499.64
2454778.49924 14.2369  0.0037 6.51 3874.0  278.34  499.64
2454779.51305 14.2264  0.0025 5.32 1265.0  278.34  499.64
2454868.88721 14.2272  0.0027 4.12 2302.0  278.34  499.64
2454870.85832 14.2259  0.0026 5.82 1269.0  278.34  499.64
2454873.85990 14.2299  0.0025 4.90 1131.0  278.34  499.64
2454874.85437 14.2312  0.0027 6.59 1094.0  278.34  499.64
2454877.85419 14.2296  0.0024 4.74  870.0  278.34  499.64
2454884.86170 14.2266  0.0023 3.45  897.0  278.34  499.64
2454887.83382 14.2291  0.0023 4.24  801.0  278.34  499.64
2454890.88978 14.2320  0.0021 4.45  650.0  278.34  499.64
2454896.87800 14.2334  0.0024 5.91  709.0  278.34  499.64
2454899.84892 14.2324  0.0024 3.98  857.0  278.34  499.64
2454900.89033 14.2295  0.0024 4.36  826.0  278.34  499.64
2454901.88873 14.2290  0.0023 3.32  820.0  278.34  499.64
2454902.88744 14.2291  0.0023 3.54  807.0  278.34  499.64
2454904.81156 14.2332  0.0023 3.84  881.0  278.34  499.64
2454910.81752 14.2312  0.0024 3.57 1809.0  278.34  499.64
2454911.78804 14.2236  0.0022 3.73  613.0  278.34  499.64
2454912.78501 14.2262  0.0022 3.43  629.0  278.34  499.64
2454914.80205 14.2349  0.0024 5.06  584.0  278.34  499.64
2454915.86276 14.2343  0.0024 5.29  649.0  278.34  499.64
2454915.89598 14.2274  0.0024 4.88  671.0  278.34  499.64
2454915.91943 14.2335  0.0025 4.49 1293.0  278.34  499.64
2454916.75750 14.2310  0.0024 5.39  669.0  278.34  499.64
2454916.77967 14.2303  0.0023 4.81  664.0  278.34  499.64
2454916.82001 14.2330  0.0023 4.29  609.0  278.34  499.64
2454916.86271 14.2351  0.0023 4.33  566.0  278.34  499.64
2454916.90033 14.2343  0.0023 3.96  534.0  278.34  499.64
2454917.72379 14.2364  0.0024 5.25  749.0  278.34  499.64
2454917.74615 14.2286  0.0023 4.00  726.0  278.34  499.64
2454917.76308 14.2299  0.0023 4.24  676.0  278.34  499.64
2454917.77166 14.2301  0.0023 3.58  654.0  278.34  499.64
2454917.78727 14.2328  0.0023 4.17  648.0  278.34  499.64
2454917.88284 14.2272  0.0023 3.38  708.0  278.34  499.64
2454917.90189 14.2325  0.0024 4.18  746.0  278.34  499.64
2454917.91917 14.2346  0.0025 4.09 1619.0  278.34  499.64
2454918.72993 14.2343  0.0024 5.05  710.0  278.34  499.64
2454918.74682 14.2342  0.0024 4.96  672.0  278.34  499.64
2454918.77083 14.2287  0.0023 3.91  655.0  278.34  499.64
2454918.81565 14.2341  0.0024 4.63  619.0  278.34  499.64
2454918.84593 14.2269  0.0023 3.98  608.0  278.34  499.64
2454918.91860 14.2329  0.0025 4.35 1360.0  278.34  499.64
2454919.72386 14.2341  0.0024 5.32  807.0  278.34  499.64
2454919.85445 14.2286  0.0023 3.37  711.0  278.34  499.64
2454919.91801 14.2274  0.0023 3.36 1218.0  278.34  499.64
2454920.72671 14.2219  0.0023 4.64  631.0  278.34  499.64
2454920.74279 14.2229  0.0023 4.58  594.0  278.34  499.64
2454921.75024 14.2287  0.0023 3.90  752.0  278.34  499.64
2454924.88172 14.2334  0.0023 3.97  690.0  278.34  499.64
2454925.82374 14.2264  0.0023 3.95  728.0  278.34  499.64
2454925.91081 14.3689  0.0024 3.06  692.0  278.34  499.64
2454925.92238 14.2230  0.0023 3.59 1206.0  278.34  499.64
2454927.72349 14.2323  0.0026 6.23  974.0  278.34  499.64
2454927.87796 14.2332  0.0025 4.88  754.0  278.34  499.64
2454928.73995 14.2331  0.0025 5.22  826.0  278.34  499.64
2454929.79623 14.2315  0.0022 3.35  825.0  278.34  499.64
2454930.71071 14.2233  0.0025 5.77 1190.0  278.34  499.64
2454930.82965 14.2289  0.0025 5.07  965.0  278.34  499.64
2454931.72556 14.2363  0.0025 5.42 1156.0  278.34  499.64
2454931.87121 14.2319  0.0023 4.20  891.0  278.34  499.64
2454932.72859 14.2353  0.0024 4.78 1045.0  278.34  499.64
2454932.82927 14.2271  0.0023 3.46  879.0  278.34  499.64
2454933.77693 14.2307  0.0025 5.05 1009.0  278.34  499.64
2454934.77534 14.2318  0.0025 5.16 1093.0  278.34  499.64
2454934.88014 14.2316  0.0026 5.55  986.0  278.34  499.64
2454938.68592 14.2300  0.0024 4.56 1035.0  278.34  499.64
2454938.89056 14.2333  0.0024 4.65  826.0  278.34  499.64
2454939.70483 14.2322  0.0024 4.30  760.0  278.34  499.64
2454940.70485 14.2280  0.0024 4.66  709.0  278.34  499.64
2454941.68360 14.2296  0.0023 4.21  806.0  278.34  499.64
2454941.78159 14.2318  0.0024 4.44  695.0  278.34  499.64
2454942.72139 14.2332  0.0023 3.94  679.0  278.34  499.64
2454943.67544 14.2274  0.0023 5.08  705.0  278.34  499.64
2454943.81492 14.2327  0.0024 5.02  671.0  278.34  499.64
2454944.67223 14.2280  0.0023 4.63  779.0  278.34  499.64
2454944.82769 14.2301  0.0023 3.35  651.0  278.34  499.64
2454945.72072 14.2298  0.0023 3.55  699.0  278.34  499.64
2454945.77716 14.2294  0.0022 3.56  662.0  278.34  499.64
2454946.67035 14.2306  0.0024 5.06  737.0  278.34  499.64
2454947.66406 14.2269  0.0022 4.60  638.0  278.34  499.64
2454947.86227 14.2290  0.0023 4.04  773.0  278.34  499.64
2454948.84460 14.2279  0.0022 4.10  600.0  278.34  499.64
2454950.66682 14.2318  0.0023 4.43  702.0  278.34  499.64
2454951.65275 14.2312  0.0025 5.72  840.0  278.34  499.64
2454952.65101 14.2296  0.0024 5.62  690.0  278.34  499.64
2454953.64462 14.2435  0.0024 5.55  837.0  278.34  499.64
2454953.81921 14.2312  0.0023 4.29  747.0  278.34  499.64
2454954.64617 14.2299  0.0025 5.57  773.0  278.34  499.64
2454954.83904 14.2285  0.0023 4.86  631.0  278.34  499.64
2454955.64688 14.2329  0.0025 6.04  904.0  278.34  499.64
2454955.78022 14.2273  0.0024 4.63  638.0  278.34  499.64
