2452125.62533 18.1371  0.0552 5.34 1994.0  544.13  140.22
2452129.70073 18.1880  0.0300 3.97  673.0  544.13  140.22
2452132.64227 18.1808  0.0295 3.91  681.0  544.13  140.22
2452136.54633 18.2732  0.0432 5.72  647.0  544.13  140.22
2452141.55810 18.1792  0.0321 4.30  661.0  544.13  140.22
2452144.64737 18.1488  0.0304 4.13  592.0  544.13  140.22
2452160.61582 18.1771  0.0406 5.40  789.0  544.13  140.22
2452175.65388 18.3059  0.0650 6.23 1289.0  544.13  140.22
2452188.50518 18.2635  0.0540 6.85  712.0  544.13  140.22
2452211.50985 18.2633  0.0699 7.05 1242.0  544.13  140.22
2452332.87776 18.1828  0.0587 4.58 2611.0  544.13  140.22
2452347.84165 18.1728  0.0306 3.81  644.0  544.13  140.22
2452357.86918 18.2251  0.0363 5.00  657.0  544.13  140.22
2452372.85709 18.1973  0.0349 4.63  767.0  544.13  140.22
2452383.88281 18.2126  0.0322 4.17  659.0  544.13  140.22
2452388.79973 18.2249  0.0407 5.29  797.0  544.13  140.22
2452390.82910 18.1465  0.0314 3.79  915.0  544.13  140.22
2452397.70936 18.1815  0.0330 4.01  946.0  544.13  140.22
2452401.83849 18.1597  0.0321 4.10  791.0  544.13  140.22
2452403.91551 18.1845  0.0340 4.65  809.0  544.13  140.22
2452405.90289 18.2109  0.0372 4.83  832.0  544.13  140.22
2452411.74318 18.2527  0.0289 4.40  581.0  544.13  140.22
2452414.91328 18.2401  0.0502 6.67  744.0  544.13  140.22
2452416.86028 18.1548  0.0367 4.98  808.0  544.13  140.22
2452424.83132 18.2017  0.0386 4.66  948.0  544.13  140.22
2452428.85625 18.1928  0.0459 6.08  762.0  544.13  140.22
2452434.75460 18.1751  0.0291 3.58  720.0  544.13  140.22
2452436.80336 18.1949  0.0352 4.53  741.0  544.13  140.22
2452438.76410 18.2043  0.0306 4.14  621.0  544.13  140.22
2452441.74184 18.2202  0.0308 3.99  681.0  544.13  140.22
2452445.64738 18.1726  0.0308 3.94  655.0  544.13  140.22
2452448.67239 18.1634  0.0404 3.74 1517.0  544.13  140.22
2452455.70603 18.3565  0.0574 4.68 1708.0  544.13  140.22
2452463.55746 18.1941  0.0370 5.09  659.0  544.13  140.22
2452468.68970 18.1955  0.0302 4.22  589.0  544.13  140.22
2452470.67227 18.1704  0.0314 4.65  554.0  544.13  140.22
2452472.69738 18.1513  0.0311 4.89  602.0  544.13  140.22
2452481.57390 18.1912  0.0466 5.84  835.0  544.13  140.22
2452486.72848 18.2508  0.0481 6.32  701.0  544.13  140.22
2452489.60245 18.1770  0.0292 4.13  571.0  544.13  140.22
2452490.48631 18.1139  0.0339 4.80  745.0  544.13  140.22
2452490.69669 18.2137  0.0367 5.22  626.0  544.13  140.22
2452491.48717 18.4933  0.0764 6.88  711.0  544.13  140.22
2452492.55008 18.1901  0.0345 4.84  687.0  544.13  140.22
2452493.49113 18.1493  0.0314 3.85  835.0  544.13  140.22
2452493.65826 18.1984  0.0343 4.40  750.0  544.13  140.22
2452498.52368 18.1923  0.0254 3.11  611.0  544.13  140.22
2452500.56821 18.1911  0.0300 3.46  731.0  544.13  140.22
2452502.57939 18.1971  0.0315 3.78  762.0  544.13  140.22
2452508.67979 18.1746  0.0413 4.77 1078.0  544.13  140.22
2452512.62613 18.1512  0.0363 4.40  814.0  544.13  140.22
2452517.57998 18.1600  0.0363 4.96  698.0  544.13  140.22
2452520.59536 18.2017  0.0348 4.47  670.0  544.13  140.22
2452528.50065 18.1886  0.0395 4.82  824.0  544.13  140.22
2452538.50706 18.1957  0.0384 4.38  938.0  544.13  140.22
2452542.53430 18.1590  0.0446 3.96 1775.0  544.13  140.22
2452552.50829 18.1984  0.0413 4.90  870.0  544.13  140.22
2452556.59241 18.1978  0.0467 5.19 1081.0  544.13  140.22
2452563.50682 18.1658  0.0349 4.15  881.0  544.13  140.22
2452575.53467 18.2063  0.0467 5.47 1067.0  544.13  140.22
2452714.91495 18.2933  0.0415 3.46 1199.0  544.13  140.22
2452729.84883 18.2057  0.0413 6.07  715.0  544.13  140.22
2452734.78931 18.1660  0.0292 3.61  758.0  544.13  140.22
2452753.90071 18.2113  0.0393 5.14  838.0  544.13  140.22
2452757.81296 18.1926  0.0363 4.45  910.0  544.13  140.22
2452761.83008 18.1805  0.0431 5.22  811.0  544.13  140.22
2452767.80817 18.1985  0.0467 6.26  836.0  544.13  140.22
2452775.73450 18.2046  0.0545 5.77 1348.0  544.13  140.22
2452783.83855 18.1477  0.0296 4.02  700.0  544.13  140.22
2452787.61449 18.1416  0.0403 5.18  900.0  544.13  140.22
2452789.77122 18.1801  0.0315 4.17  738.0  544.13  140.22
2452791.72764 18.1546  0.0309 4.43  595.0  544.13  140.22
2452794.94181 18.1145  0.0393 4.68 1088.0  544.13  140.22
2452796.84141 18.1875  0.0297 4.21  620.0  544.13  140.22
2452797.90261 18.1800  0.0448 5.85  847.0  544.13  140.22
2452811.65765 18.1747  0.0478 6.52  782.0  544.13  140.22
2452812.72939 18.2283  0.0543 7.03  779.0  544.13  140.22
2452813.84297 18.2026  0.0406 5.12  801.0  544.13  140.22
2452814.76225 18.1933  0.0355 5.22  702.0  544.13  140.22
2452818.59818 18.2377  0.0357 4.81  611.0  544.13  140.22
2452820.80490 18.1879  0.0323 3.93  749.0  544.13  140.22
2452826.76838 18.1452  0.0360 5.38  613.0  544.13  140.22
2452835.65677 18.1813  0.0409 4.87 1032.0  544.13  140.22
2452837.64930 18.1217  0.0592 4.75 2718.0  544.13  140.22
2452839.72183 18.1947  0.0393 5.42  716.0  544.13  140.22
2452841.73111 18.2070  0.0342 4.22  798.0  544.13  140.22
2452843.66169 18.1028  0.0331 4.91  822.0  544.13  140.22
2452845.66827 18.1804  0.0328 4.54  643.0  544.13  140.22
2452850.53631 18.1735  0.0305 3.39  929.0  544.13  140.22
2452852.54873 18.2454  0.0512 6.40  811.0  544.13  140.22
2452854.55241 18.2149  0.0383 5.02  810.0  544.13  140.22
2452856.74280 18.1551  0.0518 6.55  991.0  544.13  140.22
2452865.71174 18.1497  0.0461 4.93 1465.0  544.13  140.22
2452868.59794 18.2380  0.0321 4.21  640.0  544.13  140.22
2452876.59425 18.2886  0.0423 5.77  613.0  544.13  140.22
2452879.64453 18.2193  0.0344 4.56  609.0  544.13  140.22
2452892.66328 18.2322  0.0571 5.92 1321.0  544.13  140.22
2452895.63697 18.2152  0.0326 3.91  873.0  544.13  140.22
2452900.56519 18.1859  0.0390 4.66  790.0  544.13  140.22
2452906.51710 18.1611  0.0465 6.26  844.0  544.13  140.22
2452911.54127 18.1671  0.0377 4.55  765.0  544.13  140.22
2452918.56527 18.1678  0.0432 4.89 1030.0  544.13  140.22
2452930.58624 18.1785  0.0434 4.62 1105.0  544.13  140.22
2453059.82158 18.2344  0.0380 4.99  804.0  544.13  140.22
2453064.83838 18.2138  0.0489 5.81 1002.0  544.13  140.22
2453068.79225 18.1159  0.0467 5.98 1106.0  544.13  140.22
2453073.82695 18.1966  0.0344 4.15  889.0  544.13  140.22
2453075.86501 18.2060  0.0375 4.31  911.0  544.13  140.22
2453080.76926 18.1991  0.0360 4.63  887.0  544.13  140.22
2453082.89293 18.1473  0.0275 3.95  587.0  544.13  140.22
2453085.82753 18.1886  0.0311 4.77  589.0  544.13  140.22
2453086.89992 18.2000  0.0297 4.05  661.0  544.13  140.22
2453088.82013 18.2179  0.0275 3.64  574.0  544.13  140.22
2453090.73324 18.1986  0.0322 4.74  687.0  544.13  140.22
2453096.88844 18.1859  0.0415 6.23  668.0  544.13  140.22
2453098.90833 18.1338  0.0241 3.72  554.0  544.13  140.22
2453103.79334 18.1669  0.0317 3.69  907.0  544.13  140.22
2453104.85193 18.1838  0.0727 3.77 4582.0  544.13  140.22
2453108.78526 18.2041  0.0275 3.25  705.0  544.13  140.22
2453109.84469 18.1937  0.0299 4.13  663.0  544.13  140.22
2453110.85106 18.2182  0.0334 4.72  735.0  544.13  140.22
2453114.80096 18.2015  0.0278 3.69  612.0  544.13  140.22
2453116.88891 18.2662  0.0411 5.45  652.0  544.13  140.22
2453122.92695 18.2122  0.0438 5.78  804.0  544.13  140.22
2453125.88746 18.2470  0.0495 6.59  724.0  544.13  140.22
2453130.71808 18.1983  0.0378 3.91 1154.0  544.13  140.22
2453131.68462 18.1814  0.0539 5.96 1253.0  544.13  140.22
2453134.83213 18.1975  0.0530 4.98 1738.0  544.13  140.22
2453135.91623 18.1220  0.0318 4.90  722.0  544.13  140.22
2453139.89572 18.1724  0.0315 4.82  693.0  544.13  140.22
2453140.89527 18.1748  0.0319 4.95  609.0  544.13  140.22
2453144.80438 18.1976  0.0308 4.69  585.0  544.13  140.22
2453146.83347 18.2162  0.0343 5.31  556.0  544.13  140.22
2453151.92322 18.1126  0.0368 5.40  753.0  544.13  140.22
2453153.77553 18.1239  0.0384 5.63  651.0  544.13  140.22
2453154.83980 18.2436  0.0493 6.92  659.0  544.13  140.22
2453156.88060 18.1713  0.0347 4.58  810.0  544.13  140.22
2453162.59046 18.2276  0.0472 5.36 1074.0  544.13  140.22
2453163.77143 18.2043  0.0376 5.10  774.0  544.13  140.22
2453164.88670 18.2663  0.0437 5.57  765.0  544.13  140.22
2453165.72726 18.1425  0.0252 3.79  664.0  544.13  140.22
2453167.61358 18.2404  0.0488 7.09  665.0  544.13  140.22
2453168.87545 18.1511  0.0327 4.42  789.0  544.13  140.22
2453170.82835 18.2213  0.0302 4.20  614.0  544.13  140.22
2453171.79964 18.2383  0.0249 3.64  625.0  544.13  140.22
2453172.77059 18.2036  0.0327 4.67  587.0  544.13  140.22
2453173.86860 18.1412  0.0391 5.54  727.0  544.13  140.22
2453175.52856 18.1814  0.0365 4.85  861.0  544.13  140.22
2453175.62674 18.1997  0.0282 3.67  679.0  544.13  140.22
2453175.68048 18.2244  0.0272 3.52  651.0  544.13  140.22
2453176.69635 18.2131  0.0394 6.20  538.0  544.13  140.22
2453177.77661 18.2928  0.0494 7.64  692.0  544.13  140.22
2453179.52140 18.1622  0.0304 4.51  663.0  544.13  140.22
2453179.90066 18.2174  0.0414 5.26  794.0  544.13  140.22
2453182.80310 18.2235  0.0329 4.69  620.0  544.13  140.22
2453183.75806 18.1745  0.0366 5.55  585.0  544.13  140.22
2453184.71910 18.1948  0.0328 4.82  593.0  544.13  140.22
2453194.56571 18.1961  0.0459 5.16 1057.0  544.13  140.22
2453195.69725 18.2236  0.0296 4.35  600.0  544.13  140.22
2453195.81782 18.2028  0.0298 3.86  647.0  544.13  140.22
2453197.54346 18.2253  0.0323 4.27  672.0  544.13  140.22
2453197.84690 18.2091  0.0452 5.22  988.0  544.13  140.22
2453199.64061 18.1807  0.0283 5.04  446.0  544.13  140.22
2453204.67090 18.2168  0.0274 4.34  444.0  544.13  140.22
2453205.52980 18.2277  0.0300 4.66  518.0  544.13  140.22
2453206.73517 18.2060  0.0288 4.37  543.0  544.13  140.22
2453209.65515 18.1648  0.0308 5.05  527.0  544.13  140.22
2453210.65522 18.2246  0.0292 4.06  612.0  544.13  140.22
2453211.62566 18.1780  0.0320 5.27  489.0  544.13  140.22
2453217.66987 18.1561  0.0397 4.61 1062.0  544.13  140.22
2453218.66817 18.1787  0.0451 5.52 1014.0  544.13  140.22
2453219.62438 18.2168  0.0512 6.80  736.0  544.13  140.22
2453223.66938 18.2392  0.0427 6.30  640.0  544.13  140.22
2453224.71747 18.2033  0.0335 4.45  712.0  544.13  140.22
2453228.61869 18.2126  0.0356 5.79  501.0  544.13  140.22
2453229.65117 18.2523  0.0323 4.92  504.0  544.13  140.22
2453230.68466 18.1530  0.0283 4.32  525.0  544.13  140.22
2453232.62516 18.2249  0.0363 6.39  512.0  544.13  140.22
2453238.63696 18.2020  0.0375 5.65  583.0  544.13  140.22
2453239.71600 18.1546  0.0385 6.12  597.0  544.13  140.22
2453240.48912 18.1985  0.0329 4.26  733.0  544.13  140.22
2453245.57299 18.1773  0.0717 7.05 1695.0  544.13  140.22
2453246.67868 18.2652  0.0515 6.31  845.0  544.13  140.22
2453247.59783 18.2258  0.0419 5.34  775.0  544.13  140.22
2453249.54535 18.2015  0.0358 4.94  643.0  544.13  140.22
2453250.67635 18.2623  0.0425 5.01  969.0  544.13  140.22
2453253.64557 18.1471  0.0406 7.29  504.0  544.13  140.22
2453256.65556 18.1949  0.0409 5.61  644.0  544.13  140.22
2453260.56529 18.2096  0.0325 4.62  587.0  544.13  140.22
2453265.49578 18.1870  0.0436 6.51  704.0  544.13  140.22
2453267.54945 18.2407  0.0349 4.59  806.0  544.13  140.22
2453272.60739 18.1582  0.0368 4.84  796.0  544.13  140.22
2453275.50148 18.4362  0.0831 5.76 2114.0  544.13  140.22
2453278.61731 18.1596  0.0384 4.79  804.0  544.13  140.22
2453282.49679 18.2682  0.0372 4.93  722.0  544.13  140.22
2453288.56315 18.2095  0.0337 5.08  546.0  544.13  140.22
2453293.53375 18.1538  0.0233 4.71  331.0  544.13  140.22
2453295.54225 18.1855  0.0203 4.21  285.0  544.13  140.22
2453300.52755 18.2360  0.0443 4.41 1014.0  544.13  140.22
2453312.52806 18.2361  0.0510 5.12 1154.0  544.13  140.22
2453417.86256 18.1469  0.0272 4.42  540.0  544.13  140.22
2453422.88890 18.2895  0.0323 4.47  597.0  544.13  140.22
2453429.86498 18.1673  0.0307 4.19  732.0  544.13  140.22
2453445.82083 18.1944  0.0276 4.18  503.0  544.13  140.22
2453453.77706 18.1752  0.0428 5.24 1020.0  544.13  140.22
2453455.84766 18.2255  0.0449 5.50  862.0  544.13  140.22
2453457.77643 18.1637  0.0337 4.79  754.0  544.13  140.22
2453469.80701 18.1950  0.0270 4.04  510.0  544.13  140.22
2453472.77837 18.2292  0.0273 4.07  534.0  544.13  140.22
2453473.87341 18.1976  0.0331 5.20  532.0  544.13  140.22
2453477.78236 18.2177  0.0303 4.55  538.0  544.13  140.22
2453478.89665 18.1843  0.0293 4.81  580.0  544.13  140.22
2453481.84850 18.1847  0.0239 3.37  565.0  544.13  140.22
2453496.74680 18.2706  0.0341 4.44  676.0  544.13  140.22
2453497.81456 18.1785  0.0340 5.12  625.0  544.13  140.22
2453498.93577 18.1762  0.0343 4.61  854.0  544.13  140.22
2453499.74322 18.2429  0.0298 4.70  514.0  544.13  140.22
2453500.74781 18.1703  0.0274 4.03  567.0  544.13  140.22
2453501.83852 18.1774  0.0250 3.99  624.0  544.13  140.22
2453502.69414 18.1768  0.0245 3.57  587.0  544.13  140.22
2453503.70697 18.1766  0.0254 4.06  497.0  544.13  140.22
2453504.72134 18.1752  0.0291 4.89  477.0  544.13  140.22
2453506.81025 18.2211  0.0364 5.65  547.0  544.13  140.22
2453508.80321 18.1970  0.0325 5.09  576.0  544.13  140.22
2453509.70660 18.1540  0.0269 4.32  499.0  544.13  140.22
2453511.69333 18.2039  0.0341 4.94  632.0  544.13  140.22
2453512.76228 18.1619  0.0342 4.51  810.0  544.13  140.22
2453517.80271 18.2247  0.0375 4.81  861.0  544.13  140.22
2453520.83791 18.1802  0.0303 4.51  630.0  544.13  140.22
2453522.76732 18.2143  0.0298 4.63  515.0  544.13  140.22
2453523.80198 18.1604  0.0258 4.13  528.0  544.13  140.22
2453524.78968 18.2152  0.0336 5.29  643.0  544.13  140.22
2453525.76933 18.2774  0.0318 4.95  475.0  544.13  140.22
2453526.85468 18.1305  0.0268 4.26  552.0  544.13  140.22
2453528.57330 18.1953  0.0362 5.10  741.0  544.13  140.22
2453530.79874 18.2060  0.0251 4.12  484.0  544.13  140.22
2453537.76655 18.2093  0.0277 4.53  478.0  544.13  140.22
2453538.69604 18.1581  0.0258 4.04  559.0  544.13  140.22
2453540.66999 18.2070  0.0321 4.48  685.0  544.13  140.22
2453544.74429 18.1923  0.0367 3.89 1209.0  544.13  140.22
2453546.86821 18.3671  0.0562 6.18  855.0  544.13  140.22
2453547.82839 18.0739  0.0368 5.90  680.0  544.13  140.22
2453550.65484 18.1963  0.0254 3.68  646.0  544.13  140.22
2453551.65846 18.1784  0.0218 3.55  550.0  544.13  140.22
2453552.69163 18.2684  0.0331 5.18  464.0  544.13  140.22
2453553.69437 18.2473  0.0361 5.29  547.0  544.13  140.22
2453554.68649 18.2376  0.0363 5.68  514.0  544.13  140.22
2453555.71305 18.1343  0.0274 5.01  476.0  544.13  140.22
2453556.74132 18.2256  0.0306 5.02  468.0  544.13  140.22
2453558.57712 18.1460  0.0281 4.32  582.0  544.13  140.22
2453558.85447 18.1926  0.0322 5.09  592.0  544.13  140.22
2453559.67301 18.2176  0.0305 4.72  465.0  544.13  140.22
2453560.62613 18.2386  0.0273 4.27  497.0  544.13  140.22
2453561.56644 18.2314  0.0295 3.95  654.0  544.13  140.22
2453561.83356 18.1709  0.0279 4.25  571.0  544.13  140.22
2453562.61058 18.1855  0.0313 4.93  533.0  544.13  140.22
2453562.83344 18.2171  0.0321 4.49  637.0  544.13  140.22
2453563.66006 18.2020  0.0287 4.38  463.0  544.13  140.22
2453564.55364 18.1929  0.0348 5.33  593.0  544.13  140.22
2453569.61236 18.1862  0.0351 4.88  721.0  544.13  140.22
2453573.68100 18.2016  0.0370 5.35  759.0  544.13  140.22
2453573.70793 18.2523  0.0349 4.48  782.0  544.13  140.22
2453574.70896 18.1827  0.0315 4.65  679.0  544.13  140.22
2453575.64784 18.1809  0.0257 3.84  544.0  544.13  140.22
2453575.79300 18.1384  0.0325 4.51  744.0  544.13  140.22
2453576.71028 18.2087  0.0297 4.45  567.0  544.13  140.22
2453577.75856 18.2204  0.0282 4.40  470.0  544.13  140.22
2453578.69523 18.1962  0.0271 4.66  446.0  544.13  140.22
2453579.64056 18.1812  0.0286 5.03  454.0  544.13  140.22
2453580.67711 18.1576  0.0285 4.78  477.0  544.13  140.22
2453581.69348 18.1667  0.0261 4.37  459.0  544.13  140.22
2453582.61926 18.1760  0.0235 3.83  400.0  544.13  140.22
2453583.65584 18.2022  0.0283 4.76  437.0  544.13  140.22
2453584.66462 18.1938  0.0264 4.24  455.0  544.13  140.22
2453585.66271 18.2437  0.0251 4.22  380.0  544.13  140.22
2453586.68710 18.1570  0.0227 3.31  489.0  544.13  140.22
2453588.74516 18.2185  0.0293 4.94  491.0  544.13  140.22
2453589.70653 18.1514  0.0263 4.42  474.0  544.13  140.22
2453590.70261 18.1755  0.0281 4.04  525.0  544.13  140.22
2453592.67475 18.1941  0.0239 3.83  423.0  544.13  140.22
2453597.63451 18.1998  0.0313 4.08  742.0  544.13  140.22
2453597.64371 18.1577  0.0330 4.32  806.0  544.13  140.22
2453601.67896 18.2145  0.0326 3.72  865.0  544.13  140.22
2453602.67914 18.2174  0.0333 3.93  902.0  544.13  140.22
2453603.65927 18.1560  0.0310 4.66  615.0  544.13  140.22
2453607.65774 18.2308  0.0299 4.69  467.0  544.13  140.22
2453608.67373 18.1933  0.0291 4.21  530.0  544.13  140.22
2453615.60100 18.2594  0.0309 5.17  467.0  544.13  140.22
2453618.60455 18.1756  0.0280 3.90  623.0  544.13  140.22
2453620.56780 18.1777  0.0256 3.68  481.0  544.13  140.22
2453628.56983 18.2404  0.0453 5.60  945.0  544.13  140.22
2453630.58385 18.1845  0.0374 4.68  839.0  544.13  140.22
2453632.61132 18.1925  0.0421 5.44  928.0  544.13  140.22
2453634.51473 18.2112  0.0308 4.79  541.0  544.13  140.22
2453639.52052 18.2434  0.0274 3.93  584.0  544.13  140.22
2453641.56725 18.2709  0.0460 5.91  736.0  544.13  140.22
2453644.53207 18.2229  0.0292 3.99  611.0  544.13  140.22
2453649.51268 18.1924  0.0331 5.09  576.0  544.13  140.22
2453651.57356 18.1343  0.0395 5.58  755.0  544.13  140.22
2453655.53873 18.1897  0.0358 4.43  864.0  544.13  140.22
2453657.53189 18.1617  0.0333 3.57  891.0  544.13  140.22
2453659.53369 18.1779  0.0450 5.62  909.0  544.13  140.22
2453662.53822 18.1318  0.0449 5.82  967.0  544.13  140.22
2453665.49565 18.1836  0.0392 4.40  929.0  544.13  140.22
2453671.51159 18.4042  0.0581 6.13  890.0  544.13  140.22
2453777.84312 18.1674  0.0419 5.42 1039.0  544.13  140.22
2453782.87906 18.1985  0.0282 3.74  766.0  544.13  140.22
2453785.84073 18.1698  0.0333 4.42  846.0  544.13  140.22
2453788.86087 18.1961  0.0347 4.07  997.0  544.13  140.22
2453791.82836 18.2741  0.0430 5.56  836.0  544.13  140.22
2453793.87052 18.1475  0.0291 3.87  754.0  544.13  140.22
2453795.85794 18.2065  0.0429 5.79  829.0  544.13  140.22
2453798.82114 18.2773  0.0323 4.17  646.0  544.13  140.22
2453799.84532 18.1966  0.0352 4.45  844.0  544.13  140.22
2453800.84023 18.1651  0.0410 6.09  655.0  544.13  140.22
2453801.89971 18.2090  0.0339 4.24  722.0  544.13  140.22
2453802.86528 18.1969  0.0318 4.72  627.0  544.13  140.22
2453803.90058 18.1993  0.0299 3.98  712.0  544.13  140.22
2453805.81704 18.2163  0.0298 4.09  654.0  544.13  140.22
2453806.78328 18.1883  0.0410 5.49  821.0  544.13  140.22
2453807.80241 18.2343  0.0484 6.05  927.0  544.13  140.22
2453808.81008 18.1587  0.0312 4.02  870.0  544.13  140.22
2453809.89517 18.1393  0.0283 3.80  829.0  544.13  140.22
2453810.86178 18.1715  0.0285 3.60  830.0  544.13  140.22
2453811.85337 18.2198  0.0306 4.06  644.0  544.13  140.22
2453812.84947 18.2050  0.0390 5.04  766.0  544.13  140.22
2453813.84241 18.1768  0.0295 3.86  739.0  544.13  140.22
2453814.84131 18.2031  0.0278 3.74  719.0  544.13  140.22
2453817.87454 18.1867  0.0338 3.58 1239.0  544.13  140.22
2453818.89898 18.1313  0.0285 3.97  656.0  544.13  140.22
2453819.81664 18.1916  0.0253 3.90  525.0  544.13  140.22
2453820.78630 18.2067  0.0255 3.69  538.0  544.13  140.22
2453821.78944 18.1956  0.0291 4.51  549.0  544.13  140.22
2453822.82884 18.1909  0.0275 3.81  588.0  544.13  140.22
2453823.78899 18.2143  0.0302 4.74  536.0  544.13  140.22
2453824.75522 18.1726  0.0346 5.31  661.0  544.13  140.22
2453825.82011 18.2152  0.0348 5.26  596.0  544.13  140.22
2453826.74859 18.1768  0.0283 5.70  351.0  544.13  140.22
2453827.81636 18.1416  0.0261 4.44  470.0  544.13  140.22
2453828.79102 18.2484  0.0399 5.88  629.0  544.13  140.22
2453829.77316 18.2284  0.0324 4.83  555.0  544.13  140.22
2453830.75398 18.2619  0.0318 4.18  673.0  544.13  140.22
2453832.76007 18.1905  0.0271 4.09  525.0  544.13  140.22
2453833.77323 18.1459  0.0252 4.11  493.0  544.13  140.22
2453834.75900 18.1997  0.0284 3.99  637.0  544.13  140.22
2453835.74807 18.2578  0.0319 4.43  651.0  544.13  140.22
2453836.77915 18.1892  0.0316 4.30  739.0  544.13  140.22
2453837.74649 18.1225  0.0330 4.72  725.0  544.13  140.22
2453837.91842 18.1919  0.0293 4.16  749.0  544.13  140.22
2453838.75826 18.2980  0.0441 5.44  779.0  544.13  140.22
2453839.75407 18.1137  0.0350 5.00  868.0  544.13  140.22
2453840.72006 18.1902  0.0384 5.02  965.0  544.13  140.22
2453840.92505 18.1972  0.0353 4.41  933.0  544.13  140.22
2453841.75860 18.1259  0.0299 4.03  843.0  544.13  140.22
2453841.90927 18.1441  0.0310 4.05 1026.0  544.13  140.22
2453842.86350 18.2355  0.0306 3.77  846.0  544.13  140.22
2453845.73410 18.2585  0.0891 5.48 3763.0  544.13  140.22
2453845.92634 18.1362  0.0386 5.52  826.0  544.13  140.22
2453846.74486 18.2500  0.0288 3.99  595.0  544.13  140.22
2453847.81419 18.2809  0.0466 6.33  665.0  544.13  140.22
2453848.76586 18.2091  0.0279 4.41  512.0  544.13  140.22
2453849.76503 18.1839  0.0294 4.27  566.0  544.13  140.22
2453850.70969 18.2512  0.0311 4.34  604.0  544.13  140.22
2453850.88347 18.2432  0.0365 5.01  656.0  544.13  140.22
2453851.72431 18.1926  0.0314 4.95  537.0  544.13  140.22
2453851.88912 18.1577  0.0324 5.04  595.0  544.13  140.22
2453852.71282 18.1407  0.0318 5.11  587.0  544.13  140.22
2453852.89509 18.1665  0.0336 5.04  600.0  544.13  140.22
2453853.70118 18.2028  0.0241 3.81  512.0  544.13  140.22
2453853.86951 18.1974  0.0250 3.76  532.0  544.13  140.22
2453856.69128 18.1881  0.0303 4.19  745.0  544.13  140.22
2453856.85800 18.1766  0.0266 4.21  668.0  544.13  140.22
2453857.92893 18.1968  0.0353 4.75  751.0  544.13  140.22
2453858.77762 18.2910  0.0302 4.64  478.0  544.13  140.22
2453859.82610 18.2300  0.0325 4.71  569.0  544.13  140.22
2453860.68534 18.1966  0.0367 5.79  639.0  544.13  140.22
2453860.92419 18.2009  0.0361 5.34  682.0  544.13  140.22
2453861.68343 18.1876  0.0312 4.95  645.0  544.13  140.22
2453861.78704 18.2565  0.0265 3.69  535.0  544.13  140.22
2453862.72015 18.2558  0.0282 3.81  662.0  544.13  140.22
2453862.87913 18.2518  0.0324 4.32  759.0  544.13  140.22
2453863.65416 18.2172  0.0363 4.97  821.0  544.13  140.22
2453863.87502 18.1792  0.0243 3.90  537.0  544.13  140.22
2453864.69112 18.1865  0.0306 4.37  664.0  544.13  140.22
2453864.88115 18.1839  0.0258 4.09  540.0  544.13  140.22
2453865.70193 18.2140  0.0320 4.40  705.0  544.13  140.22
2453865.83864 18.1912  0.0283 4.27  619.0  544.13  140.22
2453865.91538 18.1992  0.0256 3.87  571.0  544.13  140.22
2453866.70037 18.1620  0.0264 3.75  647.0  544.13  140.22
2453866.83991 18.2230  0.0285 4.00  592.0  544.13  140.22
2453866.91882 18.1552  0.0246 3.62  575.0  544.13  140.22
2453867.64321 18.2029  0.0350 4.43  995.0  544.13  140.22
2453867.83078 18.2203  0.0339 4.44  797.0  544.13  140.22
2453867.90200 18.2603  0.0336 3.94  884.0  544.13  140.22
2453868.72629 18.2031  0.0372 4.33  989.0  544.13  140.22
2453868.87801 18.2149  0.0392 4.41  938.0  544.13  140.22
2453869.70619 18.1643  0.0337 3.82 1032.0  544.13  140.22
2453869.88721 18.2016  0.0383 4.08 1188.0  544.13  140.22
2453872.93184 18.2024  0.0442 4.13 1803.0  544.13  140.22
2453873.65972 18.1915  0.0309 4.53  674.0  544.13  140.22
2453873.80252 18.2047  0.0271 3.79  601.0  544.13  140.22
2453873.87445 18.2224  0.0321 4.59  667.0  544.13  140.22
2453874.75815 18.1911  0.0349 5.44  579.0  544.13  140.22
2453875.67183 18.1733  0.0222 3.46  474.0  544.13  140.22
2453875.82771 18.1871  0.0274 4.42  597.0  544.13  140.22
2453875.91822 18.2161  0.0295 4.24  613.0  544.13  140.22
2453876.64906 18.1504  0.0261 4.68  513.0  544.13  140.22
2453877.64721 18.1425  0.0276 4.92  474.0  544.13  140.22
2453877.79852 18.1926  0.0240 3.79  509.0  544.13  140.22
2453877.87242 18.2215  0.0307 4.78  652.0  544.13  140.22
2453880.84809 18.2060  0.0359 5.39  626.0  544.13  140.22
2453880.92692 18.1824  0.0353 5.11  754.0  544.13  140.22
2453881.67728 18.1405  0.0254 3.73  610.0  544.13  140.22
2453881.88873 18.1804  0.0296 4.24  687.0  544.13  140.22
2453882.58929 18.1957  0.0426 5.86  762.0  544.13  140.22
2453882.76559 18.2216  0.0309 4.94  550.0  544.13  140.22
2453882.83981 18.1696  0.0292 4.42  654.0  544.13  140.22
2453882.90862 18.1723  0.0250 3.74  596.0  544.13  140.22
2453883.65497 18.1398  0.0267 4.21  569.0  544.13  140.22
2453883.87649 18.1545  0.0255 3.78  583.0  544.13  140.22
2453886.61708 18.2283  0.0322 4.59  642.0  544.13  140.22
2453886.80987 18.1623  0.0252 4.10  480.0  544.13  140.22
2453886.88170 18.1685  0.0277 4.12  557.0  544.13  140.22
2453887.59043 18.1551  0.0310 5.11  664.0  544.13  140.22
2453887.79302 18.1942  0.0279 4.39  540.0  544.13  140.22
2453887.89257 18.1286  0.0324 4.98  679.0  544.13  140.22
2453888.60649 18.0623  0.0299 5.65  553.0  544.13  140.22
2453889.67285 18.2003  0.0290 4.57  521.0  544.13  140.22
2453889.95108 18.2278  0.0511 4.80 1613.0  544.13  140.22
2453890.65798 18.1807  0.0272 3.87  640.0  544.13  140.22
2453891.68255 18.1413  0.0306 4.82  560.0  544.13  140.22
2453891.81073 18.1479  0.0273 4.08  610.0  544.13  140.22
2453891.89272 18.1879  0.0280 4.06  608.0  544.13  140.22
2453892.60771 18.2943  0.0512 5.82 1032.0  544.13  140.22
2453893.63916 18.2565  0.0356 5.02  599.0  544.13  140.22
2453893.88380 18.2162  0.0367 5.14  670.0  544.13  140.22
2453894.68668 18.1588  0.0324 5.16  514.0  544.13  140.22
2453894.91094 18.1933  0.0302 5.23  475.0  544.13  140.22
2453896.62738 18.1570  0.0475 6.27  911.0  544.13  140.22
2453900.54565 18.1988  0.0784 5.53 3127.0  544.13  140.22
2453900.73204 18.2107  0.0289 3.56  786.0  544.13  140.22
2453900.81069 18.1935  0.0326 4.14  871.0  544.13  140.22
2453900.87935 18.1907  0.0344 3.76 1037.0  544.13  140.22
2453901.55583 18.2166  0.0367 5.22  695.0  544.13  140.22
2453901.73714 18.1871  0.0361 4.85  727.0  544.13  140.22
2453901.81442 18.1438  0.0379 4.81  986.0  544.13  140.22
2453901.88332 18.2314  0.0388 4.81  853.0  544.13  140.22
2453902.58003 18.1645  0.0319 5.17  616.0  544.13  140.22
2453902.75797 18.1784  0.0294 4.38  659.0  544.13  140.22
2453902.88082 18.2341  0.0388 4.95  828.0  544.13  140.22
2453903.66961 18.1704  0.0288 4.09  644.0  544.13  140.22
2453904.56684 18.2101  0.0248 3.83  548.0  544.13  140.22
2453904.72982 18.1877  0.0277 3.71  625.0  544.13  140.22
2453904.79893 18.1957  0.0267 3.90  568.0  544.13  140.22
2453904.90107 18.2084  0.0341 4.61  735.0  544.13  140.22
2453905.56355 18.2618  0.0287 3.70  583.0  544.13  140.22
2453905.74027 18.1369  0.0244 3.75  568.0  544.13  140.22
2453905.81030 18.1910  0.0237 3.44  559.0  544.13  140.22
2453905.87888 18.1803  0.0282 3.55  768.0  544.13  140.22
2453906.57807 18.1907  0.0326 4.86  628.0  544.13  140.22
2453906.71873 18.2047  0.0271 4.24  520.0  544.13  140.22
2453906.79110 18.2117  0.0296 4.47  591.0  544.13  140.22
2453906.87415 18.2277  0.0353 4.84  678.0  544.13  140.22
2453907.60885 18.1609  0.0290 4.73  529.0  544.13  140.22
2453907.80346 18.2400  0.0420 6.11  629.0  544.13  140.22
2453907.87619 18.2751  0.0501 6.32  731.0  544.13  140.22
2453908.54500 18.2602  0.0350 4.07  894.0  544.13  140.22
2453908.73063 18.1765  0.0293 4.04  606.0  544.13  140.22
2453908.81067 18.2104  0.0278 4.35  524.0  544.13  140.22
2453908.89381 18.2051  0.0317 4.31  721.0  544.13  140.22
2453909.54688 18.4150  0.0463 5.13  730.0  544.13  140.22
2453909.55287 18.2325  0.0314 4.60  617.0  544.13  140.22
2453909.72955 18.1955  0.0243 4.06  429.0  544.13  140.22
2453909.82004 18.1645  0.0279 4.44  498.0  544.13  140.22
2453910.59895 18.2206  0.0287 4.28  542.0  544.13  140.22
2453912.54598 18.2358  0.0232 3.18  611.0  544.13  140.22
2453912.73333 18.1916  0.0237 4.22  429.0  544.13  140.22
2453912.82728 18.1602  0.0236 3.79  461.0  544.13  140.22
2453913.53747 18.2046  0.0245 3.34  588.0  544.13  140.22
2453913.74293 18.1890  0.0299 4.61  577.0  544.13  140.22
2453913.83183 18.2026  0.0249 3.56  533.0  544.13  140.22
2453914.56128 18.1975  0.0329 4.76  626.0  544.13  140.22
2453915.53897 18.1981  0.0315 4.33  682.0  544.13  140.22
2453915.74101 18.1604  0.0265 4.59  463.0  544.13  140.22
2453915.83919 18.1876  0.0352 5.54  531.0  544.13  140.22
2453916.57769 18.1782  0.0346 5.47  565.0  544.13  140.22
2453916.82162 18.1195  0.0295 4.88  555.0  544.13  140.22
2453917.63287 18.1919  0.0338 5.16  593.0  544.13  140.22
2453917.83223 18.2525  0.0376 5.36  673.0  544.13  140.22
2453918.61979 18.1279  0.0268 4.12  561.0  544.13  140.22
2453918.82989 18.1922  0.0370 5.55  622.0  544.13  140.22
2453919.55804 18.3132  0.0479 5.69  784.0  544.13  140.22
2453919.77665 18.2633  0.0304 4.90  530.0  544.13  140.22
2453920.52440 18.2145  0.0336 4.86  597.0  544.13  140.22
2453920.72046 18.1834  0.0312 5.29  586.0  544.13  140.22
2453920.80588 18.1959  0.0282 4.32  583.0  544.13  140.22
2453921.52055 18.2502  0.0382 4.83  754.0  544.13  140.22
2453921.73433 18.3645  0.0546 7.01  637.0  544.13  140.22
2453922.72424 18.1995  0.0410 6.48  608.0  544.13  140.22
2453930.56514 18.2343  0.0314 4.37  761.0  544.13  140.22
2453930.80214 18.3108  0.0511 4.98 1199.0  544.13  140.22
2453931.51318 18.1819  0.0358 5.34  704.0  544.13  140.22
2453932.54077 18.1650  0.0295 4.27  663.0  544.13  140.22
2453932.81250 18.1875  0.0354 4.38  908.0  544.13  140.22
2453933.52715 18.2511  0.0306 4.11  711.0  544.13  140.22
2453933.71164 18.1778  0.0260 3.89  632.0  544.13  140.22
2453933.78371 18.2132  0.0326 4.64  646.0  544.13  140.22
2453934.50114 18.2108  0.0308 4.26  715.0  544.13  140.22
2453934.67111 18.2019  0.0269 4.56  471.0  544.13  140.22
2453934.74097 18.1691  0.0283 4.31  567.0  544.13  140.22
2453935.55094 18.1885  0.0296 4.13  584.0  544.13  140.22
2453935.72234 18.1811  0.0319 5.25  532.0  544.13  140.22
2453935.81984 18.1381  0.0321 4.68  716.0  544.13  140.22
2453936.50438 18.2107  0.0360 5.16  642.0  544.13  140.22
2453936.66987 18.1470  0.0310 4.97  552.0  544.13  140.22
2453936.74626 18.2267  0.0352 4.23  724.0  544.13  140.22
2453937.57259 18.1484  0.0382 6.23  542.0  544.13  140.22
2453938.51211 18.3314  0.0464 5.92  693.0  544.13  140.22
2453938.70717 18.1202  0.0313 5.30  522.0  544.13  140.22
2453938.81230 18.3112  0.0431 5.91  602.0  544.13  140.22
2453940.60007 18.2068  0.0256 4.01  560.0  544.13  140.22
2453941.71348 18.1759  0.0368 6.49  473.0  544.13  140.22
2453944.56471 18.2480  0.0284 4.23  559.0  544.13  140.22
2453944.76508 18.2286  0.0438 6.46  627.0  544.13  140.22
2453946.52391 18.1820  0.0383 6.04  644.0  544.13  140.22
2453946.71609 18.2324  0.0320 5.13  461.0  544.13  140.22
2453950.53251 18.1847  0.0261 4.08  499.0  544.13  140.22
2453950.75504 18.1714  0.0307 4.83  547.0  544.13  140.22
2453951.53178 18.2254  0.0344 5.05  607.0  544.13  140.22
2453956.57848 18.2434  0.0462 5.95  814.0  544.13  140.22
2453957.51687 18.2090  0.0393 5.11  787.0  544.13  140.22
2453958.58855 18.2418  0.0354 4.95  685.0  544.13  140.22
2453959.52864 18.2625  0.0324 4.78  585.0  544.13  140.22
2453959.69488 18.2786  0.0386 5.21  659.0  544.13  140.22
2453960.50969 18.1631  0.0278 4.36  542.0  544.13  140.22
2453960.68879 18.1790  0.0245 3.43  624.0  544.13  140.22
2453961.58537 18.1713  0.0382 5.36  707.0  544.13  140.22
2453963.54236 18.2327  0.0290 4.37  490.0  544.13  140.22
2453963.71972 18.1866  0.0318 5.06  542.0  544.13  140.22
2453964.53748 18.2134  0.0290 4.40  573.0  544.13  140.22
2453965.52189 18.2497  0.0277 3.90  532.0  544.13  140.22
2453965.72078 18.1862  0.0266 4.17  525.0  544.13  140.22
2453966.49706 18.2158  0.0340 4.83  670.0  544.13  140.22
2453966.69877 18.2508  0.0320 4.72  513.0  544.13  140.22
2453967.53549 18.1711  0.0371 6.06  558.0  544.13  140.22
2453967.72422 18.1629  0.0299 5.07  523.0  544.13  140.22
2453968.50955 18.2746  0.0377 4.92  704.0  544.13  140.22
2453968.67953 18.2359  0.0369 5.51  553.0  544.13  140.22
2453969.49119 18.1633  0.0338 5.72  551.0  544.13  140.22
2453969.69183 18.2591  0.0332 5.08  498.0  544.13  140.22
2453970.52542 18.3216  0.0366 5.28  518.0  544.13  140.22
2453970.69890 18.2043  0.0259 4.09  464.0  544.13  140.22
2453971.56413 18.2045  0.0384 6.75  512.0  544.13  140.22
2453973.59038 18.1702  0.0283 5.00  449.0  544.13  140.22
2453974.51964 18.1868  0.0348 5.53  542.0  544.13  140.22
2453975.52255 18.1383  0.0264 4.28  539.0  544.13  140.22
2453975.69921 18.1822  0.0354 5.57  613.0  544.13  140.22
2453976.51736 18.2011  0.0283 4.40  534.0  544.13  140.22
2453976.69717 18.1596  0.0378 5.95  666.0  544.13  140.22
2453979.52697 18.2436  0.0467 6.01  821.0  544.13  140.22
2453982.58000 18.2089  0.0319 3.90  816.0  544.13  140.22
2453983.55314 18.1997  0.0562 4.43 1921.0  544.13  140.22
2453986.59442 18.2326  0.0372 4.42  755.0  544.13  140.22
2453987.51679 18.1787  0.0382 6.09  654.0  544.13  140.22
2453988.52971 18.2329  0.0264 3.88  508.0  544.13  140.22
2453989.54034 18.2059  0.0320 4.76  583.0  544.13  140.22
2453990.55713 18.1540  0.0317 5.14  552.0  544.13  140.22
2453991.51297 18.1400  0.0307 5.22  563.0  544.13  140.22
2453993.56461 18.2360  0.0328 5.04  528.0  544.13  140.22
2453994.57531 18.0950  0.0319 5.17  584.0  544.13  140.22
2453995.58289 18.2201  0.0308 4.53  566.0  544.13  140.22
2453999.62023 18.1681  0.0300 4.53  669.0  544.13  140.22
2454002.50964 18.1388  0.0345 5.18  589.0  544.13  140.22
2454003.50383 18.1578  0.0274 4.15  623.0  544.13  140.22
2454004.53795 18.1478  0.0293 4.23  646.0  544.13  140.22
2454006.53088 18.1869  0.0291 3.94  576.0  544.13  140.22
2454012.51080 18.1562  0.0376 5.62  704.0  544.13  140.22
2454016.52642 18.0876  0.0378 5.66  762.0  544.13  140.22
2454018.56511 18.2879  0.0402 4.44  731.0  544.13  140.22
2454020.55911 18.1897  0.0400 5.89  729.0  544.13  140.22
2454023.54978 18.1571  0.0405 4.96 1002.0  544.13  140.22
2454025.56915 18.2251  0.0397 5.29  808.0  544.13  140.22
2454028.50855 18.2046  0.0398 5.39  692.0  544.13  140.22
2454031.50868 18.1708  0.0401 5.67  722.0  544.13  140.22
2454038.51398 18.1560  0.0447 6.41  735.0  544.13  140.22
2454041.51297 18.1862  0.0466 5.26 1077.0  544.13  140.22
2454043.52076 18.3399  0.0590 5.98 1185.0  544.13  140.22
2454141.88797 18.2202  0.0496 4.52 1718.0  544.13  140.22
2454150.86941 18.1990  0.0372 4.98  747.0  544.13  140.22
2454155.84170 18.2180  0.0349 4.34  740.0  544.13  140.22
2454157.89690 18.1813  0.0362 4.63  893.0  544.13  140.22
2454159.90695 18.1942  0.0518 4.60 1676.0  544.13  140.22
2454162.85418 18.1944  0.0464 5.62 1022.0  544.13  140.22
2454164.89406 18.1843  0.0328 3.50  996.0  544.13  140.22
2454166.91005 18.1769  0.0556 5.46 1521.0  544.13  140.22
2454167.82166 18.2458  0.0450 5.00 1102.0  544.13  140.22
2454169.82874 18.2157  0.0349 3.82  932.0  544.13  140.22
2454174.84331 18.2057  0.0341 4.16  803.0  544.13  140.22
2454176.82500 18.1819  0.0307 3.56  781.0  544.13  140.22
2454177.87865 18.1610  0.0329 4.87  612.0  544.13  140.22
2454179.77645 18.1943  0.0354 4.74  716.0  544.13  140.22
2454180.82318 18.1378  0.0396 6.04  666.0  544.13  140.22
2454181.91136 18.1305  0.0294 3.65  784.0  544.13  140.22
2454183.79032 18.1455  0.0330 4.77  667.0  544.13  140.22
2454184.85837 18.2017  0.0297 4.20  585.0  544.13  140.22
2454185.83774 18.1850  0.0338 4.94  595.0  544.13  140.22
2454190.85611 18.1725  0.0355 4.69  726.0  544.13  140.22
2454192.86843 18.1959  0.0349 4.72  747.0  544.13  140.22
2454193.87936 18.1727  0.0346 4.61  800.0  544.13  140.22
2454194.90094 18.1684  0.0309 3.98  733.0  544.13  140.22
2454196.92128 18.1913  0.0365 4.22  956.0  544.13  140.22
2454202.87071 18.1890  0.0290 4.00  640.0  544.13  140.22
2454203.85885 18.1854  0.0270 3.28  671.0  544.13  140.22
2454204.85802 18.1634  0.0292 3.64  690.0  544.13  140.22
2454205.85455 18.1386  0.0298 4.40  600.0  544.13  140.22
2454207.85818 18.2059  0.0268 3.41  584.0  544.13  140.22
2454208.88784 18.2030  0.0322 4.50  644.0  544.13  140.22
2454213.85593 18.1550  0.0281 3.81  618.0  544.13  140.22
2454215.89348 18.2009  0.0339 4.68  673.0  544.13  140.22
2454216.81432 18.1872  0.0327 4.51  633.0  544.13  140.22
2454217.83665 18.1930  0.0260 3.37  591.0  544.13  140.22
2454218.87743 18.1508  0.0320 4.63  661.0  544.13  140.22
2454219.91840 18.1796  0.0398 5.46  739.0  544.13  140.22
2454220.85584 18.2084  0.0430 5.28  840.0  544.13  140.22
2454222.82518 18.1696  0.0307 3.68  870.0  544.13  140.22
2454228.81316 18.1501  0.0419 4.47 1407.0  544.13  140.22
2454229.79200 18.1824  0.0359 4.52  826.0  544.13  140.22
2454230.77896 18.1663  0.0264 3.35  634.0  544.13  140.22
2454231.80105 18.1810  0.0283 3.41  708.0  544.13  140.22
2454232.80929 18.1830  0.0407 5.00  890.0  544.13  140.22
2454234.75350 18.1719  0.0351 5.09  635.0  544.13  140.22
2454235.77836 18.1579  0.0312 3.98  754.0  544.13  140.22
2454238.80144 18.2319  0.0384 4.66  822.0  544.13  140.22
2454239.90035 18.1620  0.0472 5.80 1058.0  544.13  140.22
2454243.69595 18.1856  0.0381 5.54  629.0  544.13  140.22
2454244.85776 18.1995  0.0349 4.49  817.0  544.13  140.22
2454245.85100 18.1523  0.0307 4.71  631.0  544.13  140.22
2454246.90576 18.1772  0.0359 4.42  885.0  544.13  140.22
2454250.87159 18.1653  0.0448 5.46 1057.0  544.13  140.22
2454256.71664 18.1481  0.0439 5.90  816.0  544.13  140.22
2454258.71403 18.2018  0.0334 4.28  700.0  544.13  140.22
2454268.61753 18.2397  0.0442 5.90  738.0  544.13  140.22
2454269.65767 18.1738  0.0330 4.90  592.0  544.13  140.22
2454272.70830 18.1952  0.0286 3.83  649.0  544.13  140.22
2454273.66837 18.1798  0.0350 4.73  710.0  544.13  140.22
2454274.65206 18.2118  0.0363 4.42  836.0  544.13  140.22
2454275.70895 18.2233  0.0387 4.73  871.0  544.13  140.22
2454277.60802 18.1689  0.0362 4.83  740.0  544.13  140.22
2454278.68230 18.1794  0.0383 4.87  725.0  544.13  140.22
2454283.62769 18.1362  0.0332 3.68 1046.0  544.13  140.22
2454284.61153 18.1796  0.0390 4.44 1033.0  544.13  140.22
2454285.61828 18.1656  0.0457 5.84  943.0  544.13  140.22
2454286.71213 18.0994  0.0432 4.71 1583.0  544.13  140.22
2454289.65762 18.1779  0.0396 5.45  753.0  544.13  140.22
2454290.70820 18.1865  0.0414 6.31  578.0  544.13  140.22
2454291.73582 18.2155  0.0369 5.19  629.0  544.13  140.22
2454292.59690 18.1929  0.0290 3.73  637.0  544.13  140.22
2454293.62437 18.1878  0.0280 3.71  615.0  544.13  140.22
2454294.59613 18.1768  0.0336 4.68  633.0  544.13  140.22
2454295.62548 18.1783  0.0285 4.55  469.0  544.13  140.22
2454296.60495 18.1901  0.0280 4.21  507.0  544.13  140.22
2454297.59875 18.1776  0.0267 3.70  522.0  544.13  140.22
2454298.70828 18.1623  0.0320 5.21  534.0  544.13  140.22
2454299.67525 18.1749  0.0269 4.32  475.0  544.13  140.22
2454300.80009 18.2082  0.0373 4.48  787.0  544.13  140.22
2454301.47760 18.1783  0.0377 5.13  876.0  544.13  140.22
2454302.75670 18.1930  0.0312 4.72  510.0  544.13  140.22
2454307.59175 18.1850  0.0363 3.81 1023.0  544.13  140.22
2454310.74148 18.1523  0.0458 4.43 1604.0  544.13  140.22
2454312.63753 18.1870  0.0329 4.34  991.0  544.13  140.22
2454315.67139 18.1907  0.0454 6.05  810.0  544.13  140.22
2454317.62487 18.2244  0.0356 5.06  617.0  544.13  140.22
2454319.63265 18.1712  0.0340 4.96  651.0  544.13  140.22
2454320.73404 18.2380  0.0434 6.23  643.0  544.13  140.22
2454326.64362 18.1524  0.0346 5.12  623.0  544.13  140.22
2454327.67143 18.1975  0.0425 5.86  657.0  544.13  140.22
2454328.61248 18.1956  0.0346 5.17  586.0  544.13  140.22
2454328.74487 18.1716  0.0475 5.92  955.0  544.13  140.22
2454329.60377 18.2005  0.0393 5.65  613.0  544.13  140.22
2454330.58600 18.1955  0.0348 5.00  627.0  544.13  140.22
2454331.61245 18.1932  0.0350 5.38  553.0  544.13  140.22
2454332.60985 18.1980  0.0357 5.13  676.0  544.13  140.22
2454333.61293 18.1746  0.0389 5.50  711.0  544.13  140.22
2454334.60717 18.2153  0.0557 4.99 1826.0  544.13  140.22
2454338.64711 18.2097  0.0427 4.68 1117.0  544.13  140.22
2454339.61613 18.1635  0.0375 4.72  984.0  544.13  140.22
2454340.52771 18.2440  0.0509 5.27 1080.0  544.13  140.22
2454341.61452 18.1985  0.0463 5.46  974.0  544.13  140.22
2454342.65077 18.2102  0.0377 4.74  777.0  544.13  140.22
2454343.63013 18.1969  0.0347 4.72  783.0  544.13  140.22
2454344.67957 18.1685  0.0378 4.19 1110.0  544.13  140.22
2454345.62995 18.1504  0.0401 5.43  806.0  544.13  140.22
2454346.63524 18.1906  0.0356 4.65  717.0  544.13  140.22
2454347.64927 18.1800  0.0340 4.95  654.0  544.13  140.22
2454349.62105 18.1823  0.0301 4.46  524.0  544.13  140.22
2454351.61973 18.1721  0.0444 6.34  642.0  544.13  140.22
2454353.64285 18.1538  0.0530 6.46 1002.0  544.13  140.22
2454357.63116 18.1663  0.0395 5.91  692.0  544.13  140.22
2454359.60230 18.1893  0.0391 5.75  688.0  544.13  140.22
2454367.60138 18.1085  0.0512 6.72 1165.0  544.13  140.22
2454370.60036 18.2041  0.0423 4.65 1218.0  544.13  140.22
2454372.57241 18.1906  0.0368 4.84  807.0  544.13  140.22
2454380.58214 18.1677  0.0343 4.36  787.0  544.13  140.22
2454515.87738 18.2087  0.0403 5.51  725.0  544.13  140.22
2454519.84893 18.2247  0.0458 5.72  902.0  544.13  140.22
2454520.84135 18.2080  0.0492 6.23  918.0  544.13  140.22
2454523.83971 18.1227  0.0396 5.10  998.0  544.13  140.22
2454524.89077 18.1487  0.0333 4.36  821.0  544.13  140.22
2454530.88028 18.1456  0.0273 3.66  657.0  544.13  140.22
2454534.82698 18.1674  0.0395 5.98  650.0  544.13  140.22
2454536.82666 18.1498  0.0371 5.24  772.0  544.13  140.22
2454538.84506 18.1765  0.0314 4.02  710.0  544.13  140.22
2454540.87488 18.1673  0.0293 4.04  660.0  544.13  140.22
2454542.90124 18.1446  0.0278 3.77  647.0  544.13  140.22
2454543.86266 18.1846  0.0285 4.51  561.0  544.13  140.22
2454544.85946 18.1645  0.0281 4.10  644.0  544.13  140.22
2454545.87701 18.1494  0.0331 4.65  731.0  544.13  140.22
2454550.85078 18.1800  0.0343 4.55  764.0  544.13  140.22
2454556.86984 18.1277  0.0279 4.21  622.0  544.13  140.22
2454557.89589 18.1632  0.0274 4.26  644.0  544.13  140.22
2454558.83095 18.1900  0.0284 3.82  624.0  544.13  140.22
2454559.86012 18.1524  0.0279 4.20  542.0  544.13  140.22
2454560.86059 18.1603  0.0246 3.39  535.0  544.13  140.22
2454561.84946 18.1596  0.0251 3.99  554.0  544.13  140.22
2454564.85363 18.1759  0.0266 4.02  514.0  544.13  140.22
2454565.84255 18.1714  0.0234 3.09  560.0  544.13  140.22
2454566.84460 18.1140  0.0250 3.81  550.0  544.13  140.22
2454567.84888 18.1392  0.0247 3.41  563.0  544.13  140.22
2454568.87891 18.2247  0.0337 4.45  801.0  544.13  140.22
2454569.86481 18.1847  0.0295 4.08  619.0  544.13  140.22
2454570.87011 18.1974  0.0300 4.10  647.0  544.13  140.22
2454571.83559 18.1547  0.0279 4.12  584.0  544.13  140.22
2454572.87339 18.1693  0.0438 6.09  733.0  544.13  140.22
2454573.84916 18.1205  0.0256 3.63  603.0  544.13  140.22
2454574.85128 18.1929  0.0364 4.45  793.0  544.13  140.22
2454575.86298 18.1487  0.0297 3.72  797.0  544.13  140.22
2454579.91529 18.1490  0.0340 4.04 1019.0  544.13  140.22
2454583.83510 18.1233  0.0327 3.66 1152.0  544.13  140.22
2454586.81558 18.1135  0.0345 5.06  706.0  544.13  140.22
2454587.85337 18.1487  0.0315 4.52  669.0  544.13  140.22
2454588.74170 18.1464  0.0288 4.22  632.0  544.13  140.22
2454589.77545 18.1440  0.0309 4.30  616.0  544.13  140.22
2454590.78983 18.1489  0.0314 4.48  659.0  544.13  140.22
2454591.76707 18.1027  0.0285 3.93  751.0  544.13  140.22
2454592.77923 18.1362  0.0325 3.92  908.0  544.13  140.22
2454593.76463 18.1080  0.0306 4.41  696.0  544.13  140.22
2454594.79298 18.1198  0.0272 3.98  631.0  544.13  140.22
2454595.78349 18.1532  0.0283 4.28  594.0  544.13  140.22
2454596.80403 18.1175  0.0282 4.17  581.0  544.13  140.22
2454597.80128 18.1414  0.0294 4.00  688.0  544.13  140.22
2454598.77060 18.1084  0.0230 3.39  496.0  544.13  140.22
2454599.75007 18.1092  0.0262 4.18  542.0  544.13  140.22
2454600.75562 18.1373  0.0244 3.60  537.0  544.13  140.22
2454601.76025 18.1274  0.0243 3.40  578.0  544.13  140.22
2454602.75781 18.1438  0.0258 3.46  666.0  544.13  140.22
2454606.77849 18.1529  0.0271 3.08  910.0  544.13  140.22
2454610.88072 18.1107  0.0308 3.88 1003.0  544.13  140.22
2454611.74190 18.0763  0.0278 3.66  778.0  544.13  140.22
2454611.92845 18.1419  0.0381 4.34 1198.0  544.13  140.22
2454616.73073 18.1057  0.0274 4.18  562.0  544.13  140.22
2454617.89868 18.1246  0.0416 5.90  828.0  544.13  140.22
2454622.71053 18.0949  0.0382 6.12  622.0  544.13  140.22
2454623.79035 18.0901  0.0397 5.94  742.0  544.13  140.22
2454624.72917 18.0675  0.0301 4.39  696.0  544.13  140.22
2454625.71050 18.0951  0.0349 5.57  635.0  544.13  140.22
2454626.76543 18.1156  0.0370 5.94  585.0  544.13  140.22
2454627.68982 18.0763  0.0228 3.60  486.0  544.13  140.22
2454628.68000 18.0634  0.0246 3.63  589.0  544.13  140.22
2454629.74569 18.0979  0.0257 3.48  625.0  544.13  140.22
2454630.68551 18.1049  0.0282 3.99  655.0  544.13  140.22
2454631.70382 18.1123  0.0231 3.22  546.0  544.13  140.22
2454632.72652 18.0921  0.0284 4.13  686.0  544.13  140.22
2454633.86639 18.1423  0.0411 5.27 1002.0  544.13  140.22
2454639.80691 18.1251  0.0454 5.00 1245.0  544.13  140.22
2454640.78245 18.0536  0.0274 4.24  647.0  544.13  140.22
2454641.86768 18.1068  0.0424 5.56 1018.0  544.13  140.22
2454642.70536 18.0679  0.0291 4.47  630.0  544.13  140.22
2454643.67146 18.1109  0.0306 4.93  577.0  544.13  140.22
2454644.75453 18.1133  0.0302 4.39  634.0  544.13  140.22
2454645.67324 18.0551  0.0273 4.13  556.0  544.13  140.22
2454646.64093 18.0955  0.0234 3.54  538.0  544.13  140.22
2454647.65193 18.0479  0.0260 3.79  640.0  544.13  140.22
2454648.65325 18.0708  0.0275 4.08  650.0  544.13  140.22
2454648.76264 18.0581  0.0289 4.85  608.0  544.13  140.22
2454649.64625 18.0160  0.0255 4.26  534.0  544.13  140.22
2454650.67771 18.0875  0.0293 4.42  629.0  544.13  140.22
2454651.68856 18.0939  0.0317 4.56  668.0  544.13  140.22
2454652.61744 18.0690  0.0292 4.16  691.0  544.13  140.22
2454653.61132 18.0785  0.0315 5.10  700.0  544.13  140.22
2454654.65048 18.0505  0.0277 4.29  642.0  544.13  140.22
2454655.61476 18.1032  0.0282 3.71  756.0  544.13  140.22
2454656.61799 18.0691  0.0287 3.93  649.0  544.13  140.22
2454658.77522 18.0223  0.0337 5.24  685.0  544.13  140.22
2454660.72489 18.0940  0.0374 5.74  703.0  544.13  140.22
2454661.60737 18.0304  0.0246 3.17  798.0  544.13  140.22
2454666.54013 18.0502  0.0354 4.62 1152.0  544.13  140.22
2454671.66402 18.0088  0.0258 4.31  552.0  544.13  140.22
2454672.62351 17.9652  0.0268 4.29  631.0  544.13  140.22
2454674.65167 18.0283  0.0302 5.12  568.0  544.13  140.22
2454677.67637 18.0012  0.0373 6.36  684.0  544.13  140.22
2454681.67966 18.0225  0.0287 4.91  579.0  544.13  140.22
2454682.63535 17.9800  0.0271 4.71  556.0  544.13  140.22
2454683.63323 17.9602  0.0279 5.06  607.0  544.13  140.22
2454684.65178 17.9704  0.0293 4.81  653.0  544.13  140.22
2454685.67789 17.9439  0.0238 4.05  613.0  544.13  140.22
2454686.75044 17.9645  0.0281 5.20  639.0  544.13  140.22
2454687.66593 17.9741  0.0290 4.59  668.0  544.13  140.22
2454688.61211 17.9627  0.0273 4.32  675.0  544.13  140.22
2454694.69616 17.9749  0.0382 5.38  959.0  544.13  140.22
2454697.61744 17.9050  0.0305 5.38  689.0  544.13  140.22
2454698.63902 17.8932  0.0265 4.66  661.0  544.13  140.22
2454700.63424 17.9337  0.0293 5.48  566.0  544.13  140.22
2454701.61714 17.8478  0.0249 4.79  569.0  544.13  140.22
2454702.63197 17.8924  0.0265 5.07  565.0  544.13  140.22
2454704.69319 17.8857  0.0330 6.33  667.0  544.13  140.22
2454708.65358 17.8671  0.0260 4.79  649.0  544.13  140.22
2454710.67150 17.8091  0.0272 5.84  642.0  544.13  140.22
2454720.58466 17.7636  0.0261 4.39  976.0  544.13  140.22
2454721.61929 17.7135  0.0325 5.84  999.0  544.13  140.22
2454724.63697 17.7489  0.0323 5.57 1162.0  544.13  140.22
2454725.65291 17.7142  0.0363 6.26 1180.0  544.13  140.22
2454726.61315 17.7190  0.0325 6.52  810.0  544.13  140.22
2454726.63033 17.7310  0.0317 6.88  803.0  544.13  140.22
2454733.57737 17.6157  0.0256 6.00  659.0  544.13  140.22
2454738.53747 17.5213  0.0211 5.13  623.0  544.13  140.22
2454741.61954 17.4120  0.0184 4.97  678.0  544.13  140.22
2454755.55861 17.1913  0.0217 5.95  972.0  544.13  140.22
2454763.50032 17.0292  0.0169 5.67  872.0  544.13  140.22
2454774.51398 16.9162  0.0155 5.43 1021.0  544.13  140.22
2454776.50888 16.9468  0.0193 6.33 1383.0  544.13  140.22
2454876.87365 18.0731  0.0336 5.05  848.0  544.13  140.22
2454883.85943 18.1041  0.0357 5.65  737.0  544.13  140.22
2454885.89966 18.1122  0.0495 4.66 2008.0  544.13  140.22
2454888.85389 18.1390  0.0325 4.69  690.0  544.13  140.22
2454892.84797 18.1215  0.0393 5.41  784.0  544.13  140.22
2454898.81823 18.1003  0.0351 4.81  830.0  544.13  140.22
2454901.82111 18.1356  0.0313 3.61  934.0  544.13  140.22
2454902.90996 18.1240  0.0333 3.66 1140.0  544.13  140.22
2454903.86847 18.1470  0.0278 3.39  783.0  544.13  140.22
2454905.86486 18.1090  0.0356 4.43  878.0  544.13  140.22
2454912.84967 18.1348  0.0234 3.27  533.0  544.13  140.22
2454914.89571 18.1335  0.0285 4.41  549.0  544.13  140.22
2454924.74560 18.1547  0.0300 4.62  690.0  544.13  140.22
2454925.86333 18.1560  0.0281 4.01  641.0  544.13  140.22
2454928.75359 18.1657  0.0316 4.15  739.0  544.13  140.22
2454930.79764 18.1398  0.0363 4.55  961.0  544.13  140.22
2454931.84210 18.1732  0.0326 4.02  852.0  544.13  140.22
2454932.85063 18.1486  0.0277 3.32  818.0  544.13  140.22
2454933.84552 18.1756  0.0335 4.17  862.0  544.13  140.22
2454938.82545 18.2182  0.0451 4.63 1172.0  544.13  140.22
2454940.76694 18.1338  0.0304 4.58  619.0  544.13  140.22
2454941.80268 18.1385  0.0293 4.01  646.0  544.13  140.22
2454942.74574 18.1756  0.0271 3.90  570.0  544.13  140.22
2454944.74808 18.1690  0.0290 3.57  671.0  544.13  140.22
2454945.80115 18.1190  0.0229 3.10  594.0  544.13  140.22
2454950.86094 18.2328  0.0296 4.09  639.0  544.13  140.22
2454953.84033 18.1609  0.0339 4.66  714.0  544.13  140.22
2454954.80999 18.1811  0.0292 4.40  579.0  544.13  140.22
2454955.80138 18.1988  0.0370 5.63  598.0  544.13  140.22
