2106.77737 18.6153 0.0602
2112.76568 18.5729 0.0492
2128.58275 18.6034 0.0477
2131.57614 18.6112 0.0483
2134.67978 18.5984 0.0652
2138.55990 18.6803 0.0687
2158.52784 18.6937 0.0515
2162.51316 18.6160 0.0656
2168.54798 18.6647 0.0792
2173.50600 18.6379 0.0890
2180.50461 18.6763 0.0554
2184.50932 18.6828 0.0931
2194.56439 18.6910 0.0672
2321.88195 18.6500 0.0797
2326.81506 18.5797 0.0774
2345.82461 18.6612 0.0474
2350.82868 18.6426 0.0440
2358.89339 18.5703 0.0567
2370.82158 18.6851 0.0608
2381.82885 18.6117 0.0476
2384.80172 18.6324 0.0526
2388.85949 18.6211 0.0521
2391.74551 18.6042 0.0717
2396.77699 18.6080 0.0874
2400.70495 18.5855 0.0599
2402.81921 18.6648 0.0493
2404.85184 18.6267 0.0486
2406.93579 18.7062 0.0845
2415.73265 18.6773 0.0656
2417.70947 18.6236 0.0617
2426.68762 18.6153 0.0536
2431.81831 18.6058 0.0560
2433.74547 18.6353 0.0585
2434.81856 18.6408 0.0499
2436.59308 18.6823 0.0633
2438.62346 18.6336 0.0592
2440.60492 18.6714 0.0611
2442.62219 18.5352 0.0502
2444.71852 18.6549 0.0590
2446.68701 18.6563 0.0596
2453.74996 18.6360 0.0606
2458.74301 18.5691 0.0569
2462.73174 18.6396 0.0454
2463.83239 18.6364 0.0516
2466.76229 18.6368 0.0582
2468.47465 18.6017 0.0704
2470.47758 18.5225 0.0699
2472.48145 19.0300 0.1190
2474.47980 18.7693 0.1092
2482.63139 18.6064 0.0610
2485.64138 18.6409 0.0693
2489.71204 18.5464 0.0459
2492.65740 18.6260 0.0490
2494.71107 18.5299 0.0504
2497.51364 18.6957 0.0607
2499.54962 18.6263 0.0478
2501.57721 18.6596 0.0507
2503.50243 18.5403 0.1560
2511.55755 18.6043 0.0742
2517.49443 18.6870 0.0796
2520.68356 18.5768 0.0516
2526.53779 18.6704 0.0557
2537.48785 18.6519 0.0775
2540.50385 18.5720 0.0680
2546.51435 18.6836 0.0685
2550.49572 18.5669 0.0827
2554.56758 18.6281 0.0633
2558.50410 18.5897 0.0796
2565.50480 18.5492 0.0766
2698.89907 18.5646 0.0644
2711.88210 18.6082 0.0495
2721.90379 18.6791 0.1042
2730.90269 18.6034 0.0470
2743.77918 18.6479 0.0499
2748.79785 18.6483 0.0616
2755.78789 18.6825 0.0492
2759.78293 18.6426 0.0566
2765.79604 18.6559 0.0515
2769.78069 18.7389 0.0483
2782.71894 18.6408 0.0662
2784.71177 18.6436 0.0439
2786.59830 18.6556 0.0827
2788.69597 18.5988 0.0441
2788.73165 18.5891 0.0425
2788.81973 18.6119 0.0504
2788.93236 18.5410 0.0500
2789.61901 18.5945 0.0466
2789.73310 18.6112 0.0427
2790.82455 18.5437 0.0467
2791.71572 18.6286 0.0482
2791.93904 18.5818 0.0517
2792.58554 18.6832 0.0848
2792.62317 18.6077 0.0584
2794.61897 18.5894 0.0633
2796.57352 18.6793 0.0554
2802.58994 18.5993 0.0816
2808.63984 18.5744 0.0540
2810.57817 18.6101 0.0541
2812.57976 18.6926 0.0564
2813.82358 18.6108 0.0487
2815.60210 18.5952 0.0538
2816.66782 18.6120 0.0489
2817.78225 18.6737 0.0630
2818.67744 18.6578 0.0485
2819.77137 18.6038 0.0587
2821.66942 18.5423 0.0592
2826.66026 18.4523 0.0420
2826.68916 18.6475 0.0464
2830.79053 18.6905 0.1086
2835.48752 18.6996 0.0827
2837.50646 18.6924 0.0929
2838.73686 18.5804 0.0523
2840.50761 18.6397 0.0645
2842.56549 18.5462 0.0541
2844.62030 18.6507 0.0484
2848.55979 18.7101 0.0840
2851.54619 18.5927 0.0497
2853.54994 18.6314 0.0550
2854.74554 18.7033 0.0727
2857.73259 18.5792 0.0577
2862.51378 18.5353 0.0733
2864.51149 18.7012 0.0730
2867.66502 18.6380 0.0585
2868.52698 18.6785 0.0565
2871.49287 18.6806 0.0556
2875.64264 18.6101 0.0598
2877.66295 18.5657 0.0521
2882.55284 18.6482 0.0571
2889.53966 18.5494 0.0812
2894.58707 18.5973 0.0579
2898.64282 18.6562 0.0713
2903.54552 18.5183 0.0465
2908.60365 18.5688 0.0742
2912.54945 18.6308 0.0595
2926.57301 18.6611 0.0669
3043.87242 18.7014 0.0661
3044.86716 18.7308 0.0726
3055.88322 18.6477 0.0529
3064.82722 18.6570 0.0670
3067.90064 18.6233 0.0474
3070.86220 18.5861 0.0633
3073.81760 18.5735 0.0549
3075.85629 18.7107 0.0609
3079.90081 18.5980 0.0609
3082.87177 18.5949 0.0488
3084.91420 18.6394 0.0510
3086.84576 18.6270 0.0404
3088.80322 18.5887 0.0408
3089.91249 18.6625 0.0529
3091.84071 18.6729 0.0550
3096.87367 18.6836 0.0661
3098.86270 18.6317 0.0412
3100.81180 18.6835 0.0508
3102.87776 18.6282 0.0520
3103.78306 18.6267 0.0536
3104.90377 18.5140 0.1451
3106.85378 18.6790 0.0598
3108.77565 18.6474 0.0441
3109.80783 18.6140 0.0426
3110.84222 18.5476 0.0466
3112.80054 18.5712 0.0450
3113.88156 18.5921 0.0476
3114.79239 18.5740 0.0436
3115.87585 18.6823 0.0548
3122.91837 18.5635 0.0589
3125.87874 18.5500 0.0623
3126.90430 18.6353 0.0506
3127.81854 18.6300 0.0558
3128.82822 18.6458 0.0499
3130.70614 18.5689 0.0597
3131.89528 18.5360 0.0781
3135.90747 18.6592 0.0572
3138.70919 18.6439 0.0611
3139.88648 18.6546 0.0485
3140.88627 18.6575 0.0502
3142.77455 18.6048 0.0447
3144.79551 18.6821 0.0542
3146.81814 18.6515 0.0570
3151.75814 18.5863 0.0608
3151.91079 18.6543 0.0656
3152.76222 18.6238 0.0543
3153.76614 18.7259 0.0674
3154.82767 18.5549 0.0652
3156.84743 18.6570 0.0666
3158.92154 18.5483 0.0894
3162.82241 18.5947 0.0568
3163.63530 18.5858 0.0440
3163.65706 18.6724 0.0460
3164.74466 18.5326 0.0441
3165.76477 18.5884 0.0379
3166.90996 18.5409 0.0857
3167.77020 18.5006 0.0573
3168.75800 18.6064 0.0496
3169.73435 18.6513 0.0529
3170.81140 18.6214 0.0413
3171.83417 18.5119 0.0364
3172.76115 18.5883 0.0468
3174.71806 18.6070 0.0405
3175.72741 18.6701 0.0456
3177.76458 18.5834 0.0700
3178.79110 18.5675 0.0381
3179.80083 18.5972 0.0554
3180.72975 18.6005 0.0371
3182.78073 18.5851 0.0495
3183.74930 18.5832 0.0592
3184.70710 18.6180 0.0423
3185.75974 18.5483 0.0487
3193.54537 18.6590 0.0519
3194.60394 18.6629 0.0559
3195.65594 18.6438 0.0409
3195.80897 18.6131 0.0462
3196.55442 18.6552 0.0631
3197.52191 18.6092 0.0444
3199.63174 18.6359 0.0572
3201.52356 18.6140 0.0491
3202.57797 18.6428 0.0500
3203.66754 18.6102 0.0452
3204.66185 18.6994 0.0459
3205.77549 18.6756 0.0474
3206.72632 18.6536 0.0531
3210.55169 18.6879 0.0785
3211.59214 18.5984 0.0586
3217.48224 18.6162 0.0588
3218.65921 18.6171 0.0645
3219.61505 18.5776 0.0723
3223.66038 18.6102 0.0630
3224.70587 18.6467 0.0524
3226.62991 18.5854 0.0602
3228.60968 18.6354 0.0537
3229.64216 18.5564 0.0519
3230.67574 18.6261 0.0477
3231.57942 18.6279 0.0488
3238.62808 18.5583 0.0697
3239.70680 18.6595 0.0711
3240.68794 18.6470 0.0687
3241.66284 18.6757 0.0657
3245.56271 18.6278 0.0638
3246.66642 18.6794 0.0741
3247.63262 18.5944 0.0536
3249.53463 18.6123 0.0540
3250.66728 18.6819 0.0755
3253.53507 18.5996 0.0503
3256.64434 18.5452 0.0657
3267.54041 18.6027 0.0548
3272.59581 18.5978 0.0668
3275.57879 18.6456 0.0792
3278.60768 18.5326 0.0600
3282.58171 18.6924 0.0387
3288.55423 18.6516 0.0568
3293.52485 18.5530 0.0390
3295.53504 18.8347 0.0409
3299.55932 18.7294 0.0380
3314.51954 18.4981 0.0860
3409.88570 18.5117 0.0587
3414.87418 18.6545 0.0542
3422.88009 18.7246 0.0652
3426.87121 18.6653 0.0516
3429.85323 18.5464 0.0534
3432.89666 18.6008 0.0494
3442.89913 18.6209 0.0503
3445.81188 18.5709 0.0378
3447.86253 18.5827 0.0514
3449.87517 18.5898 0.0389
3452.89572 18.6089 0.0400
3455.82999 18.6768 0.0685
3457.86351 18.6173 0.0461
3459.85872 18.5894 0.0461
3467.88854 18.6744 0.0475
3469.79450 18.5894 0.0409
3470.80739 18.6414 0.0367
3472.76986 18.6035 0.0458
3473.78965 18.6043 0.0530
3474.78631 18.6070 0.0605
3475.81190 18.6168 0.0430
3477.77369 18.5875 0.0433
3479.77251 18.6364 0.0361
3480.73268 18.6632 0.0422
3481.75064 18.6342 0.0426
3482.72739 18.5805 0.0437
3496.73019 18.5386 0.0479
3497.80172 18.6017 0.0521
3498.92602 18.6600 0.0585
3499.87290 18.6086 0.0410
3500.73912 18.5676 0.0430
3501.82986 18.6687 0.0411
3502.72861 18.6109 0.0366
3503.69778 18.5782 0.0392
3504.71250 18.5663 0.0446
3506.75637 18.6335 0.0457
3508.76591 18.6378 0.0632
3509.73902 18.6838 0.0448
3510.80875 18.5754 0.0421
3511.84790 18.5833 0.0431
3512.71763 18.6063 0.0529
3517.69854 18.6870 0.1166
3520.77202 18.5740 0.0501
3521.72879 18.6219 0.0381
3522.75671 18.5862 0.0368
3523.76193 18.6276 0.0365
3524.90364 18.6876 0.0674
3525.76009 18.6084 0.0394
3526.76307 18.5798 0.0413
3528.68400 18.6698 0.0421
3529.70626 18.5510 0.0302
3530.62139 18.6113 0.0352
3537.74661 18.7025 0.0453
3538.61792 18.6547 0.0452
3539.82821 18.5911 0.0346
3540.66125 18.6346 0.0484
3544.73345 18.5914 0.0621
3546.72680 18.5831 0.0768
3547.81961 18.6301 0.0724
3550.64608 18.5858 0.0395
3551.64742 18.5902 0.0332
3552.68203 18.6591 0.0455
3553.73141 18.5167 0.0510
3554.66995 18.5975 0.0586
3555.68834 18.6757 0.0563
3556.68441 18.6817 0.0475
3558.54146 18.5978 0.0570
3558.84015 18.6085 0.0575
3559.71005 18.7049 0.0460
3560.61143 18.6124 0.0411
3561.55639 18.6615 0.0463
3562.59981 18.6529 0.0619
3563.65060 18.6593 0.0439
3564.58557 18.6650 0.0624
3569.57372 18.6227 0.0720
3573.66865 18.5711 0.0589
3574.70005 18.6882 0.0582
3575.54756 18.5950 0.0369
3575.78417 18.6145 0.0546
3576.70140 18.6285 0.0507
3577.60151 18.5659 0.0411
3578.68616 18.6197 0.0423
3579.63167 18.6711 0.0426
3580.66487 18.7610 0.0561
3581.68469 18.5704 0.0373
3582.65657 18.6819 0.0495
3583.64702 18.6078 0.0429
3583.76689 18.6851 0.0654
3584.65566 18.5447 0.0361
3584.77033 18.5665 0.0500
3585.64600 18.5685 0.0469
3586.73110 18.6115 0.0429
3589.68466 18.6842 0.0400
3590.69375 18.5081 0.0451
3591.69218 18.5974 0.0376
3594.72130 18.5817 0.0447
3601.66984 18.5519 0.0476
3602.63046 18.6252 0.0522
3603.65049 18.6663 0.0532
3607.64882 18.5760 0.0402
3608.66420 18.6382 0.0488
3615.59194 18.6089 0.0451
3618.59357 18.5357 0.0460
3620.55675 18.5754 0.0401
3622.53464 18.5355 0.0707
3628.61548 18.6221 0.0819
3630.55017 18.7051 0.0693
3632.60182 18.7053 0.0833
3634.50089 18.6206 0.0508
3639.55979 18.6776 0.0395
3641.55818 18.6731 0.0832
3644.51857 18.6562 0.0467
3648.55170 18.6863 0.0688
3650.59883 18.6943 0.0823
3654.55437 18.4708 0.0738
3656.53563 18.6693 0.0674
3658.56746 18.7467 0.0972
3660.54014 18.5647 0.0640
3664.54130 18.4910 0.0467
3669.54081 18.5202 0.0598
3675.52218 18.7662 0.0770
3776.88070 18.6693 0.0639
3782.86534 18.5594 0.0478
3784.89062 18.6472 0.0564
3787.85260 18.6047 0.0482
3790.88334 18.4990 0.0528
3792.87994 18.5439 0.0349
3794.83693 18.5715 0.0567
3796.82648 18.5591 0.0487
3798.79763 18.6804 0.0610
3799.87129 18.6131 0.0632
3800.89764 18.6469 0.0539
3801.87983 18.7302 0.0595
3802.84534 18.5991 0.0460
3803.88067 18.5684 0.0396
3805.79667 18.5708 0.0536
3806.81680 18.5779 0.0489
3807.83050 18.5637 0.0567
3808.79019 18.6991 0.0550
3809.79303 18.6288 0.0472
3810.83758 18.6028 0.0455
3811.83356 18.6131 0.0498
3812.82534 18.6571 0.0619
3813.80399 18.6568 0.0472
3814.81821 18.6342 0.0445
3817.84961 18.5486 0.0573
3818.88043 18.5261 0.0383
3819.79600 18.5804 0.0350
3820.76631 18.5961 0.0405
3821.76940 18.6248 0.0448
3822.80883 18.5823 0.0484
3823.76497 18.5906 0.0431
3824.78242 18.6049 0.0581
3825.79985 18.5873 0.0521
3826.78250 18.6421 0.0503
3827.79570 18.6056 0.0440
3828.76927 18.4895 0.0633
3829.80460 18.5750 0.0391
3830.72628 18.5935 0.0486
3831.88952 18.5702 0.0410
3832.74785 18.5806 0.0433
3833.75557 18.6014 0.0417
3834.73454 18.5738 0.0520
3835.73032 18.5771 0.0552
3835.78453 18.5817 0.0412
3835.91635 18.5798 0.0421
3836.75867 18.6380 0.0710
3837.72523 18.6866 0.0581
3837.89805 18.6138 0.0407
3838.73269 18.6199 0.0685
3839.73401 18.6087 0.0718
3840.76021 18.6087 0.0485
3840.90480 18.5914 0.0492
3841.71545 18.4734 0.0494
3842.84027 18.5798 0.0445
3845.71374 18.5248 0.0848
3845.90163 18.7050 0.0971
3846.72466 18.5482 0.0401
3847.79097 18.5279 0.0637
3848.74587 18.5716 0.0558
3849.74505 18.5896 0.0444
3850.68884 18.5461 0.0451
3850.86080 18.5299 0.0429
3850.93227 18.6960 0.0798
3851.70404 18.5534 0.0572
3851.86729 18.6036 0.0514
3852.69276 18.4747 0.0463
3852.92129 18.6208 0.0533
3853.68102 18.5449 0.0420
3853.84866 18.5352 0.0338
3853.92020 18.5338 0.0357
3854.69765 18.5571 0.0478
3856.67106 18.5304 0.0466
3856.83736 18.5913 0.0497
3857.90895 18.5780 0.0440
3858.72755 18.6579 0.0532
3859.79013 18.5447 0.0420
3860.80632 18.5610 0.0631
3861.65992 18.6090 0.0561
3861.76692 18.4824 0.0370
3862.66495 18.5538 0.0521
3862.85531 18.5455 0.0400
3862.92899 18.5592 0.0543
3863.68113 18.5976 0.0507
3863.90090 18.5631 0.0362
3864.67097 18.5579 0.0503
3864.86109 18.5707 0.0365
3865.72861 18.4940 0.0423
3865.87215 18.5587 0.0423
3866.68026 18.6028 0.0441
3866.81978 18.4924 0.0428
3866.89795 18.5291 0.0432
3867.69504 18.4722 0.0406
3867.88173 18.5088 0.0442
3868.70297 18.4880 0.0501
3868.84707 18.4665 0.0524
3868.93516 18.5155 0.0662
3869.68169 18.5681 0.0454
3869.86300 18.6294 0.0588
3872.88291 18.5303 0.0448
3873.68694 18.5463 0.0434
3873.82908 18.4888 0.0448
3873.90021 18.5442 0.0429
3874.73787 18.4928 0.0529
3874.91272 18.6006 0.0447
3875.70660 18.5257 0.0345
3875.85344 18.5424 0.0383
3876.62562 18.5306 0.0376
3877.70251 18.5470 0.0323
3877.85223 18.5130 0.0391
3877.92531 18.4748 0.0532
3879.65853 18.5704 0.0363
3880.82776 18.5679 0.0532
3880.90683 18.5173 0.0468
3881.65330 18.5394 0.0445
3881.86875 18.5761 0.0407
3881.91539 18.4911 0.0359
3882.63821 18.5414 0.0380
3882.79174 18.5536 0.0458
3882.86562 18.5258 0.0387
3882.93425 18.4465 0.0369
3883.62577 18.5051 0.0477
3883.82287 18.4695 0.0445
3886.58789 18.5196 0.0540
3886.78639 18.5480 0.0416
3886.86159 18.4926 0.0446
3887.63889 18.5273 0.0390
3887.76587 18.5257 0.0398
3887.86944 18.5210 0.0431
3887.94145 18.4837 0.0523
3889.65290 18.5385 0.0413
3889.92772 18.5082 0.0464
3890.71918 18.4690 0.0305
3891.66226 18.5578 0.0408
3891.78395 18.5163 0.0611
3891.86627 18.5808 0.0505
3892.72893 18.4838 0.0401
3892.92064 18.4623 0.0458
3893.60259 18.5032 0.0510
3894.65709 18.5173 0.0617
3894.66667 18.5131 0.0535
3894.87243 18.3862 0.0471
3896.59313 18.5203 0.0782
3900.52096 18.5062 0.0663
3900.71130 18.4315 0.0470
3900.79063 18.3561 0.0396
3900.85920 18.4611 0.0430
3901.53572 18.4705 0.0512
3901.71200 18.4733 0.0382
3901.78977 18.4023 0.0417
3901.86285 18.4565 0.0472
3902.55128 18.5333 0.0494
3902.73433 18.4948 0.0437
3902.85186 18.4514 0.0502
3903.64316 18.4232 0.0415
3903.89168 18.3973 0.0483
3904.54671 18.4420 0.0412
3904.70913 18.4484 0.0340
3904.77855 18.3966 0.0333
3904.85133 18.5122 0.0426
3905.54351 18.4531 0.0415
3905.71985 18.4462 0.0315
3905.79014 18.4584 0.0327
3905.85873 18.4057 0.0329
3906.55485 18.4518 0.0481
3906.74420 18.4333 0.0396
3906.81743 18.4003 0.0412
3907.58567 18.4495 0.0444
3907.77098 18.4147 0.0508
3907.85548 18.4395 0.0618
3908.52364 18.3599 0.0422
3908.71045 18.4104 0.0389
3908.78736 18.4526 0.0407
3908.87017 18.5019 0.0494
3909.52336 18.4204 0.0513
3909.70617 18.4168 0.0301
3909.79652 18.3817 0.0324
3909.87608 18.4222 0.0447
3910.54376 18.4902 0.0566
3912.51820 18.4066 0.0353
3912.70989 18.3911 0.0295
3912.80093 18.4056 0.0324
3912.88876 18.3559 0.0393
3913.51109 18.3855 0.0333
3913.71296 18.4690 0.0475
3913.80849 18.3863 0.0323
3914.53714 18.4093 0.0491
3914.76868 18.4565 0.0410
3914.78226 18.4317 0.0371
3915.51284 18.3446 0.0430
3915.71785 18.4839 0.0421
3915.80904 18.4088 0.0356
3916.55762 18.3480 0.0477
3917.53569 18.4251 0.0524
3917.80856 18.3867 0.0508
3918.56609 18.3114 0.0408
3918.80326 18.3598 0.0444
3919.53030 18.4280 0.0530
3919.74315 18.3298 0.0337
3920.50049 18.4172 0.0568
3920.69709 18.4030 0.0473
3920.77901 18.3836 0.0316
3921.50039 18.3221 0.0450
3921.69957 18.3083 0.0530
3921.80231 18.3920 0.0573
3922.69767 18.3940 0.0581
3930.51810 18.3842 0.0432
3930.77470 18.2960 0.0544
3931.48545 18.3076 0.0473
3932.51697 18.2986 0.0419
3932.79230 18.2198 0.0429
3933.49804 18.3177 0.0362
3933.68780 18.2732 0.0297
3933.76341 18.2969 0.0322
3934.48080 18.2440 0.0355
3934.69756 18.2473 0.0333
3934.76668 18.2688 0.0339
3935.53071 18.2996 0.0367
3935.70197 18.3086 0.0442
3935.77061 18.1648 0.0367
3936.48406 18.2089 0.0448
3936.64941 18.2664 0.0316
3936.72594 18.2390 0.0364
3937.49037 18.3048 0.0574
3937.77043 18.3111 0.0529
3938.48878 18.2926 0.0470
3938.68267 18.2833 0.0382
3938.76553 18.1575 0.0376
3939.55615 18.2093 0.0338
3940.67445 18.2331 0.0272
3944.52914 18.2668 0.0330
3945.50201 18.1694 0.0358
3945.70449 18.1776 0.0330
3945.76035 18.1846 0.0376
3946.50334 18.1662 0.0385
3946.69265 18.1992 0.0372
3946.77407 18.2076 0.0385
3950.50913 18.1597 0.0315
3950.72278 18.1924 0.0315
3951.50382 18.1102 0.0380
3951.73629 18.1419 0.0392
3955.67793 18.1163 0.0702
3956.55756 18.0849 0.0494
3957.49698 18.0312 0.0357
3958.56768 18.0392 0.0314
3959.49351 18.1025 0.0388
3959.67489 17.9789 0.0302
3960.48980 18.0064 0.0269
3960.66886 18.0185 0.0243
3960.74090 17.9457 0.0299
3961.56116 17.9081 0.0337
3963.52246 17.9366 0.0281
3963.69979 18.0160 0.0278
3964.51450 17.9251 0.0240
3964.71939 17.9291 0.0282
3965.49583 17.9552 0.0246
3965.69017 17.8934 0.0226
3966.52577 17.8754 0.0242
3966.67885 17.9415 0.0277
3967.50729 17.9131 0.0350
3967.70420 17.8923 0.0268
3968.48758 17.8277 0.0279
3968.65954 17.8663 0.0252
3968.72864 17.7644 0.0291
3969.51616 17.8650 0.0293
3969.67007 17.8249 0.0279
3970.49681 17.8392 0.0324
3970.67765 17.8518 0.0246
3971.53652 17.7742 0.0301
3971.71091 17.8305 0.0293
3973.56206 17.8589 0.0322
3974.49660 17.8360 0.0290
3974.67555 17.6845 0.0277
3975.49924 17.7987 0.0273
3975.67453 17.8013 0.0272
3976.49592 17.7265 0.0200
3976.67320 17.6786 0.0274
3979.49903 17.7066 0.0298
3982.55799 17.5847 0.0237
3982.61980 17.6305 0.0238
3982.67523 17.5928 0.0296
3983.47648 17.5250 0.0293
3983.51375 17.4651 0.0338
3986.56878 17.4789 0.0271
3987.49670 17.4473 0.0210
3988.49953 17.4118 0.0169
3990.63070 17.3143 0.0199
3995.55738 17.1854 0.0140
3999.57817 17.0614 0.0149
4001.50837 16.9989 0.0160
4003.52872 16.9595 0.0118
4004.51487 16.9719 0.0122
4006.51074 16.9256 0.0137
4011.60749 16.8890 0.0174
4012.55881 16.9312 0.0155
4016.50630 17.0062 0.0158
4018.53150 17.0153 0.0170
4020.52938 17.1195 0.0178
4023.52973 17.2135 0.0186
4025.54914 17.2780 0.0184
4027.55407 17.3819 0.0217
4030.54583 17.4573 0.0228
4036.52709 17.6841 0.0347
4040.50826 17.7533 0.0375
4043.49773 17.8013 0.0501
4141.86827 18.5645 0.0556
4149.88512 18.6074 0.0629
4153.87143 18.6295 0.0572
4156.84993 18.7194 0.0716
4158.86939 18.6004 0.0570
4161.83733 18.5696 0.0580
4163.82019 18.5412 0.0662
4164.82587 18.6033 0.0549
4165.90624 18.6667 0.0859
4167.91365 18.5442 0.0810
4170.78719 18.7063 0.1305
4175.78114 18.6698 0.0684
4176.88970 18.5749 0.0520
4178.78197 18.6264 0.0530
4179.84081 18.6104 0.0480
4181.77714 18.5690 0.0556
4182.82203 18.6372 0.0464
4183.85817 18.5626 0.0537
4184.89863 18.6149 0.0435
4185.87455 18.6045 0.0520
4189.90910 18.5992 0.0722
4191.86425 18.6265 0.0712
4192.77948 18.5885 0.0712
4194.77892 18.5552 0.0521
4196.76917 18.5982 0.0648
4202.75060 18.5939 0.0508
4203.73879 18.5936 0.0409
4203.92316 18.5514 0.0451
4204.72709 18.6061 0.0563
4205.72752 18.5730 0.0591
4207.71697 18.6027 0.0554
4207.89218 18.6535 0.0441
4208.73913 18.5534 0.0556
4211.78327 18.5331 0.0616
4212.91922 18.5727 0.0575
4213.74580 18.6136 0.0508
4215.73570 18.6230 0.0605
4216.69310 18.5684 0.0588
4216.88594 18.5224 0.0286
4217.69869 18.5891 0.0485
4218.72288 18.6005 0.0679
4219.74434 18.6250 0.0596
4220.68680 18.5680 0.0602
4221.72992 18.6250 0.0673
4222.90440 18.6020 0.0506
4223.73285 18.6523 0.0720
4224.77640 18.6383 0.0629
4228.67058 18.6625 0.0671
4228.90239 18.6473 0.0766
4229.66545 18.5708 0.0671
4229.86245 18.6055 0.0514
4229.92412 18.5918 0.0525
4230.67527 18.6183 0.0489
4230.86323 18.6457 0.0588
4230.92496 18.7341 0.0847
4231.65960 18.6373 0.0624
4231.83519 18.6166 0.0490
4231.92798 18.6502 0.0600
4232.74240 18.5865 0.0578
4232.90946 18.5764 0.0620
4233.79148 18.5918 0.0642
4234.70247 18.5833 0.0621
4235.88469 18.6355 0.0511
4237.68572 18.7034 0.0621
4238.72337 18.6439 0.0470
4238.86932 18.6546 0.0628
4238.93106 18.6723 0.0851
4239.61384 18.5952 0.0566
4240.67085 18.6443 0.0462
4240.80522 18.6505 0.0577
4240.93640 18.6580 0.0627
4243.63340 18.6517 0.0664
4243.72965 18.6293 0.0561
4243.82324 18.6737 0.0614
4243.94089 18.4886 0.0676
4244.60921 18.6726 0.0730
4244.70527 18.6525 0.0521
4244.79835 18.6519 0.0511
4245.60188 18.5804 0.0542
4245.69560 18.5639 0.0433
4245.79204 18.6467 0.0459
4246.66066 18.6585 0.0574
4246.75363 18.6465 0.0636
4246.84687 18.5855 0.0551
4247.67585 18.6495 0.0551
4247.81378 18.5587 0.0456
4250.72396 18.6101 0.0554
4251.79550 18.5905 0.0829
4256.61077 18.6322 0.0713
4256.75759 18.6836 0.0899
4256.85543 18.5901 0.0850
4257.64267 18.6227 0.0749
4258.62592 18.7115 0.0768
4258.74919 18.5507 0.0513
4258.84388 18.6857 0.0670
4267.58596 18.6062 0.0775
4268.77338 18.5886 0.0534
4268.89373 18.6504 0.0635
4269.56830 18.6206 0.0606
4269.68933 18.6530 0.0503
4269.78010 18.6013 0.0488
4270.56385 18.5386 0.0595
4272.63224 18.5980 0.0500
4272.78136 18.5847 0.0484
4272.85284 18.5875 0.0649
4273.60925 18.6933 0.0854
4273.79007 18.5908 0.0652
4273.84988 18.6150 0.0672
4274.60172 18.6561 0.0751
4274.75623 18.6112 0.0512
4274.81538 18.6234 0.0629
4275.59444 18.6410 0.0509
4275.76985 18.5946 0.0595
4275.82831 18.6422 0.0726
4275.88951 18.6940 0.1009
4276.57922 18.6870 0.0662
4277.52306 18.5991 0.0741
4277.69870 18.6380 0.0540
4277.75871 18.6092 0.0618
4277.81731 18.5914 0.0803
4278.56007 18.5056 0.0758
4278.74405 18.6769 0.0727
4278.81707 18.7123 0.0956
4283.50253 18.6176 0.0717
4283.72270 18.5818 0.0846
4284.49756 18.6302 0.0692
4284.72804 18.6626 0.0529
4284.79024 18.6351 0.0603
4284.85531 18.5545 0.0742
4285.49600 18.6143 0.0662
4285.68811 18.5538 0.0615
4285.75491 18.5819 0.0530
4285.82038 18.5755 0.0613
4286.50029 18.6347 0.0708
4286.79721 18.5467 0.0671
4289.50502 18.5640 0.0721
4289.72341 18.6055 0.0618
4289.78846 18.6237 0.0576
4290.55447 18.6168 0.0607
4291.65686 18.6840 0.0600
4291.77926 18.6028 0.0684
4292.48257 18.6365 0.0530
4292.66068 18.6270 0.0511
4292.72031 18.6031 0.0445
4292.77903 18.6891 0.0522
4292.84304 18.6473 0.0627
4293.48295 18.6318 0.0571
4293.68883 18.6460 0.0512
4293.74764 18.6145 0.0456
4293.82523 18.5389 0.0513
4294.48221 18.5907 0.0534
4295.48373 18.6070 0.0698
4295.68723 18.6122 0.0439
4295.74595 18.6212 0.0433
4295.82819 18.6111 0.0612
4296.48501 18.7011 0.0654
4296.67347 18.6142 0.0482
4296.78964 18.6027 0.0509
4297.50582 18.6245 0.0625
4297.70671 18.6363 0.0444
4297.81920 18.6143 0.0659
4298.54052 18.5480 0.0651
4298.64635 18.6519 0.0602
4298.73984 18.6149 0.0561
4299.52338 18.6155 0.0514
4299.61672 18.5898 0.0421
4299.70889 18.5838 0.0404
4299.79909 18.6576 0.0759
4300.51928 18.5892 0.0509
4300.63868 18.6654 0.0505
4300.73510 18.5869 0.0511
4301.50929 18.5763 0.0554
4301.60158 18.6218 0.0442
4301.70429 18.5906 0.0482
4301.79678 18.5968 0.0458
4302.58307 18.5735 0.0498
4302.67695 18.6223 0.0591
4303.66469 18.5707 0.0704
4304.54307 18.5990 0.0733
4304.65246 18.6398 0.0784
4306.53280 18.6283 0.0789
4306.66787 18.6323 0.0622
4307.76842 18.5908 0.0568
4311.74390 18.5493 0.0822
4312.51368 18.6765 0.0759
4312.70886 18.6264 0.0503
4312.80646 18.6374 0.0753
4315.54785 18.6712 0.0564
4316.57670 18.5773 0.0437
4317.49908 18.6635 0.0609
4319.50817 18.6464 0.0628
4319.76260 18.6697 0.0649
4320.53113 18.6859 0.0579
4326.48669 18.6898 0.0642
4327.58038 18.5126 0.0673
4328.50741 18.6623 0.0660
4328.68441 18.5523 0.0568
4329.51756 18.5467 0.0545
4329.66543 18.7446 0.0668
4329.72418 18.4992 0.0651
4330.53016 18.6684 0.0536
4330.68109 18.5892 0.0465
4331.51034 18.5964 0.0511
4331.67690 18.5694 0.0633
4332.48810 18.6250 0.0473
4333.51917 18.5683 0.0563
4333.68025 18.5979 0.0589
4334.49238 18.5760 0.1307
4334.59007 18.5796 0.0881
4338.49253 18.7344 0.0780
4339.51198 18.6368 0.0581
4339.68321 18.5452 0.0853
4340.58065 18.5794 0.0659
4341.49294 18.5735 0.0708
4342.52222 18.6628 0.0663
4343.49824 18.6259 0.0453
4343.69807 18.5742 0.0621
4344.52896 18.5506 0.0751
4345.49436 18.6512 0.0445
4346.50297 18.6264 0.0641
4347.52193 18.6691 0.0704
4348.63329 18.6487 0.0601
4350.51753 18.5493 0.0476
4351.49278 18.6473 0.0520
4352.54028 18.6669 0.0772
4353.50019 18.6169 0.0519
4354.52878 18.6423 0.0565
4355.53037 18.5715 0.0569
4356.49679 18.6191 0.0504
4357.58009 18.5869 0.0709
4358.53734 18.6132 0.0628
4359.50612 18.6089 0.0614
4361.55913 18.6157 0.0762
4362.49452 18.5459 0.0772
4365.55150 18.5775 0.0752
4367.52788 18.6159 0.0573
4368.56339 18.5697 0.0768
4369.57652 18.7337 0.1092
4370.55035 18.6064 0.0494
4371.52378 18.6039 0.0500
4372.50829 18.6206 0.0448
4373.57377 18.5898 0.0531
4375.56472 18.6315 0.0824
4377.59794 18.6026 0.0683
4378.50799 18.6255 0.0557
4379.52339 18.5055 0.0676
4380.53487 18.5660 0.0525
4381.51283 18.5877 0.0831
4382.60136 18.5246 0.0619
4383.52632 18.6714 0.0743
4384.58336 18.5046 0.0724
4387.56174 18.5743 0.0577
4393.52066 18.6226 0.0582
4394.57804 18.5829 0.0723
4395.54943 18.6754 0.0738
4396.56197 18.5827 0.0778
4397.52084 18.5716 0.0642
4398.52850 18.6247 0.0751
4399.56402 18.5517 0.0702
4400.52342 18.6902 0.0902
4402.53803 18.5727 0.0912
4403.53903 18.4687 0.0726
4506.88978 18.6177 0.1047
4511.84125 18.6631 0.0508
4513.85083 18.5460 0.0538
4517.84488 18.6751 0.0813
4519.83080 18.6788 0.0804
4522.86392 18.6281 0.0792
4524.84332 18.6453 0.0669
4530.80551 18.6137 0.0446
4533.83923 18.6551 0.0624
4535.88924 18.6553 0.0612
4537.78886 18.6328 0.0667
4538.88280 18.6160 0.0561
4539.84402 18.6241 0.0509
4540.85391 18.5960 0.0492
4541.78296 18.6174 0.0535
4542.77748 18.6225 0.0692
4543.77312 18.6283 0.0641
4544.76997 18.5949 0.0597
4545.75670 18.7393 0.0795
4546.76328 18.6576 0.0679
4547.77745 18.6607 0.0644
4548.83037 18.6712 0.0661
4550.80261 18.6266 0.0674
4551.74895 18.6630 0.0614
4552.79257 18.6296 0.0847
4556.74524 18.5834 0.0550
4557.76284 18.6170 0.0551
4558.78304 18.6086 0.0431
4559.73590 18.6218 0.0501
4559.92479 18.6244 0.0858
4560.73825 18.6536 0.0548
4561.72869 18.6170 0.0474
4561.91476 18.5841 0.0428
4564.71892 18.6214 0.0523
4564.91916 18.5964 0.0535
4565.71707 18.6143 0.0424
4565.90763 18.6687 0.0370
4566.71637 18.6631 0.0495
4566.91290 18.5910 0.0397
4567.70857 18.6352 0.0538
4567.91526 18.6554 0.0471
4568.71409 18.6870 0.0576
4569.72378 18.6582 0.0575
4570.71508 18.6681 0.0700
4571.90106 18.6682 0.0472
4572.74000 18.5765 0.0593
4573.72844 18.6588 0.0600
4574.73088 18.6544 0.0665
4575.73630 18.6393 0.0540
4576.74400 18.6324 0.0529
4577.82817 18.6397 0.0531
4578.77931 18.6383 0.0761
4579.85599 18.6120 0.0558
4583.72294 18.6506 0.0739
4583.90807 18.6977 0.0562
4585.74346 18.6528 0.0661
4586.75133 18.6216 0.0569
4587.75958 18.6512 0.0633
4587.91801 18.5638 0.0656
4588.72476 18.6341 0.0553
4589.70709 18.6203 0.0554
4589.86237 18.5731 0.0600
4589.92440 18.6007 0.0575
4590.68448 18.6324 0.0593
4590.69337 18.6264 0.0667
4590.70483 18.6671 0.0527
4590.71599 18.5761 0.0485
4590.73878 18.6666 0.0597
4590.77236 18.5814 0.0502
4590.80681 18.5914 0.0503
4590.85572 18.6172 0.0480
4590.89010 18.5530 0.0467
4590.93237 18.6379 0.0593
4591.64008 18.6203 0.0675
4591.69627 18.5936 0.0591
4591.78551 18.5997 0.0466
4591.86829 18.5856 0.0556
4591.93043 18.6783 0.0622
4592.65476 18.6645 0.0611
4592.84396 18.5387 0.0646
4592.90727 18.6118 0.0538
4593.64405 18.6169 0.0576
4593.85363 18.5845 0.0515
4593.91562 18.5492 0.0479
4594.66505 18.6117 0.0706
4594.85983 18.5701 0.0505
4594.92561 18.6717 0.0572
4595.65053 18.6111 0.0620
4595.84872 18.6598 0.0536
4595.91085 18.5553 0.0529
4596.64385 18.6165 0.0624
4596.92356 18.6644 0.0515
4597.67434 18.7189 0.0607
4597.86566 18.6291 0.0521
4597.93677 18.6031 0.0761
4598.64410 18.6337 0.0418
4598.88894 18.6256 0.0475
4599.62295 18.7450 0.0747
4599.82696 18.5930 0.0393
4600.63215 18.5929 0.0506
4600.93873 18.6264 0.0635
4601.63775 18.6480 0.0532
4601.85401 18.5750 0.0397
4601.91595 18.5745 0.0536
4602.62515 18.6797 0.0542
4602.83974 18.6043 0.0425
4603.75777 18.6124 0.0497
4606.62552 18.6126 0.0671
4610.72725 18.6224 0.0467
4610.93470 18.6156 0.0603
4611.61729 18.6065 0.0735
4611.85017 18.5926 0.0479
4612.63868 18.5659 0.0707
4615.78037 18.5487 0.0513
4616.58942 18.6506 0.0787
4616.80588 18.6031 0.0484
4616.87569 18.5921 0.0532
4617.65292 18.6425 0.0535
4618.60092 18.5965 0.0573
4621.70157 18.6221 0.0423
4621.82349 18.6552 0.0393
4621.84228 18.6525 0.0461
4621.89837 18.5573 0.0504
4622.56277 18.6744 0.0820
4622.63673 18.6320 0.0587
4622.69326 18.5722 0.0528
4622.79955 18.6638 0.0560
4622.90089 18.5905 0.0675
4622.94298 18.6330 0.0732
4623.61432 18.5651 0.0692
4623.85837 18.5644 0.0684
4623.92559 18.6824 0.0785
4624.57473 18.6453 0.0794
4624.79831 18.5694 0.0554
4624.86491 18.6732 0.0560
4624.93390 18.6352 0.0660
4625.59261 18.6330 0.0633
4625.78074 18.6654 0.0697
4625.87466 18.5320 0.0618
4626.59104 18.5997 0.0613
4626.84304 18.6321 0.0540
4627.54796 18.6122 0.0581
4627.81852 18.6686 0.0431
4627.90321 18.6343 0.0454
4628.58127 18.6880 0.0605
4628.74505 18.7175 0.0531
4628.81066 18.6230 0.0548
4628.87260 18.6706 0.0555
4629.61626 18.5583 0.0451
4629.81871 18.6380 0.0509
4629.89647 18.6606 0.0602
4630.54796 18.6834 0.0686
4630.75800 18.6307 0.0492
4630.84118 18.5943 0.0497
4630.90416 18.5966 0.0615
4631.55347 18.6012 0.0479
4631.76935 18.6868 0.0494
4631.84707 18.6403 0.0476
4631.92206 18.6467 0.0691
4632.55665 18.6361 0.0619
4632.82748 18.5941 0.0473
4633.55687 18.6386 0.0560
4633.65871 18.6158 0.0638
4633.78032 18.6410 0.0564
4638.74238 18.6143 0.0548
4638.84003 18.6481 0.0626
4639.56371 18.6836 0.0699
4639.66119 18.6025 0.0466
4639.84059 18.7144 0.0925
4640.58113 18.6121 0.0453
4640.71222 18.5963 0.0458
4640.81933 18.6415 0.0643
4641.60399 18.6216 0.0499
4641.75959 18.6192 0.0538
4642.57972 18.6466 0.0528
4642.74026 18.5943 0.0482
4642.81818 18.6129 0.0566
4643.53987 18.6482 0.0651
4644.65235 18.6130 0.0570
4644.83163 18.5635 0.0435
4645.50654 18.6763 0.0665
4645.75718 18.6781 0.0685
4645.83308 18.6147 0.0630
4646.50838 18.5822 0.0586
4646.84046 18.6457 0.0599
4647.50288 18.5571 0.0602
4647.72771 18.6274 0.0605
4647.83447 18.5393 0.0605
4648.53130 18.5995 0.0588
4648.62075 18.6276 0.0507
4648.69709 18.6448 0.0551
4648.84868 18.6080 0.0682
4649.51142 18.6149 0.0616
4649.72193 18.5843 0.0478
4649.83650 18.7009 0.0638
4650.54293 18.6140 0.0597
4650.76037 18.6132 0.0480
4650.84539 18.6154 0.0586
4651.50319 18.5943 0.0641
4651.79875 18.6091 0.0580
4652.49475 18.5500 0.0714
4652.69732 18.5335 0.0499
4652.77888 18.6891 0.0562
4652.83251 18.6305 0.0610
4653.49119 18.6314 0.0800
4653.71024 18.5699 0.0504
4653.77548 18.6218 0.0647
4654.52653 18.6360 0.0688
4654.73818 18.6200 0.0525
4654.80646 18.5086 0.0701
4655.49097 18.6225 0.0659
4655.71538 18.5860 0.0444
4655.77731 18.6147 0.0517
4656.49299 18.6204 0.0445
4656.68273 18.6681 0.0557
4656.79835 18.5367 0.0518
4657.56755 18.6497 0.0741
4658.65133 18.7071 0.0681
4659.58541 18.6525 0.0761
4660.60348 18.5588 0.0548
4661.48109 18.5846 0.0622
4661.67864 18.6677 0.0556
4661.74321 18.5543 0.0543
4661.81034 18.5847 0.0634
4665.64834 18.5797 0.0697
4666.49258 18.6966 0.0849
4666.67726 18.6009 0.0576
4669.60266 18.5386 0.0782
4670.63868 18.6273 0.0627
4671.56607 18.5803 0.0608
4671.76664 18.6216 0.0653
4672.49437 18.6733 0.0496
4672.75785 18.5874 0.0530
4672.79684 18.6649 0.0607
4674.52831 18.6086 0.0555
4675.66917 18.6127 0.0486
4677.47945 18.5738 0.0526
4677.62584 18.6126 0.0608
4677.70955 18.5605 0.0562
4678.67984 18.6141 0.0490
4679.57218 18.6710 0.0754
4681.52083 18.6822 0.0541
4681.62091 18.5414 0.0520
4682.49186 18.5872 0.0490
4682.56778 18.6003 0.0557
4682.74447 18.5891 0.0490
4683.51015 18.5753 0.0786
4683.69728 18.6361 0.0652
4684.50284 18.6582 0.0590
4684.75884 18.6049 0.0569
4685.53621 18.5023 0.0481
4686.49149 18.5977 0.0549
4687.51747 18.6983 0.0561
4687.73083 18.5664 0.0596
4688.48810 18.6597 0.0727
4688.67809 18.6835 0.0522
4688.73980 18.5156 0.0692
4693.53253 18.5599 0.0507
4694.53101 18.6947 0.0897
4697.49170 18.5466 0.0525
4698.49705 18.6528 0.0642
4699.49117 18.6227 0.0563
4700.49949 18.6588 0.0491
4701.49483 18.6869 0.0631
4702.49320 18.5664 0.0532
4703.60113 18.6089 0.0601
4704.60835 18.6203 0.0511
4705.49708 18.6128 0.0534
4707.59799 18.6046 0.0444
4708.52985 18.6124 0.0545
4709.50581 18.6532 0.0732
4710.53332 18.6213 0.0557
4711.51537 18.5706 0.0614
4715.57540 18.5457 0.0612
4716.56621 18.5431 0.0491
4720.51886 18.6631 0.0709
4721.51971 18.5210 0.0695
4722.63206 18.5443 0.0644
4724.49887 18.6155 0.0715
4725.57264 18.6088 0.0665
4726.53722 18.6011 0.0799
4728.58172 18.6273 0.0710
4729.52227 18.6018 0.0721
4730.60815 18.6230 0.0617
4731.54520 18.6499 0.0702
4733.49677 18.6224 0.0546
4734.54322 18.5815 0.0655
4737.53139 18.4938 0.0581
4740.54350 18.5082 0.0600
4741.59419 18.5748 0.0567
4743.52476 18.6729 0.0668
4750.59134 18.5608 0.0874
4756.54303 18.5670 0.0738
4765.50890 18.6330 0.0689
4867.88432 18.6132 0.0649
4872.85513 18.6586 0.0991
4873.86852 18.7112 0.0637
4876.85703 18.6281 0.0629
4884.84007 18.5987 0.0481
4886.89074 18.6234 0.0547
4890.87297 18.6206 0.0571
4896.86059 18.6122 0.0490
4899.83207 18.6360 0.0551
4900.81184 18.6666 0.0582
4901.87192 18.5932 0.0480
4902.87031 18.5573 0.0452
4904.79474 18.6865 0.0541
4905.89854 18.6814 0.0810
4910.80060 18.6349 0.0642
4911.77125 18.6333 0.0391
4912.76806 18.6251 0.0381
4914.77101 18.6519 0.0609
4916.75067 18.6882 0.0709
4916.77671 18.6102 0.0474
4916.81706 18.6720 0.0496
4916.86586 18.5977 0.0404
4916.89741 18.5792 0.0380
4917.77487 18.5929 0.0421
4917.90512 18.6432 0.0535
4918.76790 18.5859 0.0435
4918.77395 18.5839 0.0459
4920.72102 18.6174 0.0448
4920.92108 18.6154 0.0580
4921.72577 18.4958 0.0554
4924.72974 18.6415 0.0472
4925.77904 18.5766 0.0426
4925.89506 18.6277 0.0392
4926.74281 18.6122 0.0553
4927.83035 18.5981 0.0556
4928.72408 18.6336 0.0590
4929.72398 18.7413 0.0721
4930.78195 18.5795 0.0557
4931.70965 18.8200 0.0819
4931.82626 18.6236 0.0559
4932.78153 18.5994 0.0488
4933.70163 18.7343 0.0823
4933.82980 18.6823 0.0573
4934.80521 18.6453 0.0821
4938.70974 18.5776 0.0485
4938.80965 18.5397 0.0472
4939.75117 18.5530 0.0591
4939.89588 18.6776 0.0610
4940.73282 18.6588 0.0531
4941.70754 18.5943 0.0499
4941.83457 18.5731 0.0511
4942.68705 18.6194 0.0588
4942.85992 18.6131 0.0436
4943.69937 18.7050 0.0579
4943.76545 18.6476 0.0429
4944.70478 18.6145 0.0459
4944.77994 18.6313 0.0463
4945.70474 18.6399 0.0562
4945.85716 18.6706 0.0379
4946.76160 18.5923 0.0444
4947.84611 18.6046 0.0406
4949.66421 18.6406 0.0502
4950.70575 18.5872 0.0600
4951.79157 18.5738 0.0468
4952.80974 18.6136 0.0456
4953.66855 18.6163 0.0477
4953.77428 18.6397 0.0531
4954.68867 18.6270 0.0493
4954.79414 18.6872 0.0454
4955.69263 18.6209 0.0514
