2452127.58452 18.9213  0.0973 6.41  927.0  277.04  183.27
2452130.60585 18.7987  0.0522 4.07  748.0  277.04  183.27
2452133.61825 18.9803  0.0664 4.37  827.0  277.04  183.27
2452137.56971 19.0020  0.0559 4.24  589.0  277.04  183.27
2452142.55022 18.8820  0.0550 4.15  636.0  277.04  183.27
2452171.66496 19.0109  0.0828 5.57  820.0  277.04  183.27
2452179.59188 19.6076  0.2709 5.43 2931.0  277.04  183.27
2452190.52265 18.9748  0.0570 4.00  802.0  277.04  183.27
2452215.53293 18.5747  0.0906 6.58 1466.0  277.04  183.27
2452338.83610 18.9316  0.0904 4.53 1768.0  277.04  183.27
2452353.86774 18.8065  0.0627 4.35  936.0  277.04  183.27
2452363.84433 18.9794  0.0763 4.92  984.0  277.04  183.27
2452377.78957 18.8780  0.0778 6.47  651.0  277.04  183.27
2452384.87183 18.8465  0.0500 3.55  817.0  277.04  183.27
2452388.89067 18.8675  0.0702 5.14  755.0  277.04  183.27
2452390.90989 18.9071  0.0621 3.84 1085.0  277.04  183.27
2452393.83197 18.8757  0.0874 4.78 1665.0  277.04  183.27
2452400.83307 18.9736  0.0630 4.33  761.0  277.04  183.27
2452404.70777 18.8001  0.0486 4.45  650.0  277.04  183.27
2452406.81091 18.9019  0.0638 4.90  733.0  277.04  183.27
2452416.83153 18.9192  0.0763 5.33  827.0  277.04  183.27
2452424.92317 19.0004  0.1316 6.95 1303.0  277.04  183.27
2452431.76832 18.9478  0.0655 4.81  760.0  277.04  183.27
2452433.75843 18.8698  0.0590 4.47  731.0  277.04  183.27
2452434.92914 18.8411  0.0941 5.98 1254.0  277.04  183.27
2452436.91590 18.8611  0.0871 5.51 1126.0  277.04  183.27
2452439.87701 18.8870  0.0580 4.50  732.0  277.04  183.27
2452441.83155 18.7331  0.0619 5.75  666.0  277.04  183.27
2452444.88667 18.8793  0.0905 6.02 1047.0  277.04  183.27
2452445.74039 18.9112  0.0542 3.61  748.0  277.04  183.27
2452448.79069 18.9685  0.1173 4.23 3050.0  277.04  183.27
2452454.59200 18.8372  0.0479 3.84  751.0  277.04  183.27
2452460.66113 18.9671  0.0624 4.93  585.0  277.04  183.27
2452463.64976 18.8687  0.0483 4.19  576.0  277.04  183.27
2452466.47489 19.0323  0.0850 6.03  865.0  277.04  183.27
2452468.82130 18.8587  0.0670 4.74  966.0  277.04  183.27
2452469.65534 18.8847  0.0418 3.73  474.0  277.04  183.27
2452471.61733 18.8784  0.0500 4.13  595.0  277.04  183.27
2452473.63155 18.9125  0.0609 4.84  611.0  277.04  183.27
2452481.77055 18.9709  0.0865 5.36  994.0  277.04  183.27
2452485.51375 18.8836  0.0893 7.02  722.0  277.04  183.27
2452488.56187 18.8561  0.0824 6.92  668.0  277.04  183.27
2452489.58714 18.9323  0.0593 4.92  617.0  277.04  183.27
2452489.77705 18.7148  0.0546 5.59  602.0  277.04  183.27
2452490.48003 19.0900  0.1022 6.76  757.0  277.04  183.27
2452491.48090 18.9667  0.0824 6.14  724.0  277.04  183.27
2452491.55872 18.8913  0.0820 6.60  688.0  277.04  183.27
2452492.50961 18.9911  0.0757 5.28  804.0  277.04  183.27
2452493.48486 18.9055  0.0640 4.58  875.0  277.04  183.27
2452493.74879 18.9952  0.0879 5.99  791.0  277.04  183.27
2452495.47299 18.9833  0.0856 4.80 1284.0  277.04  183.27
2452496.48204 18.8644  0.0520 3.79  736.0  277.04  183.27
2452496.59016 18.8979  0.0433 3.49  542.0  277.04  183.27
2452497.48596 18.9819  0.0725 4.92  781.0  277.04  183.27
2452498.56469 18.8638  0.0444 3.47  607.0  277.04  183.27
2452498.62990 18.8997  0.0445 3.31  641.0  277.04  183.27
2452499.46673 19.0241  0.1480 5.29 2753.0  277.04  183.27
2452500.47700 18.8461  0.0794 5.34  995.0  277.04  183.27
2452500.65517 18.8714  0.0447 3.24  658.0  277.04  183.27
2452501.47194 18.7909  0.0983 5.11 1897.0  277.04  183.27
2452502.48328 18.9911  0.0704 4.33 1016.0  277.04  183.27
2452502.67362 18.9616  0.0929 4.93 1310.0  277.04  183.27
2452503.46398 19.0759  0.2741 5.47 7552.0  277.04  183.27
2452508.47445 18.9467  0.0705 4.42 1121.0  277.04  183.27
2452509.55559 18.9518  0.1373 6.01 2170.0  277.04  183.27
2452510.52130 19.0061  0.0763 5.15  889.0  277.04  183.27
2452510.57139 18.8349  0.0591 4.18  982.0  277.04  183.27
2452511.48610 18.9510  0.0884 6.07  829.0  277.04  183.27
2452512.49688 18.9135  0.0696 4.85  883.0  277.04  183.27
2452516.67663 18.9287  0.0971 6.21 1028.0  277.04  183.27
2452519.60789 18.9215  0.0525 4.09  675.0  277.04  183.27
2452524.63582 18.9892  0.0760 5.58  765.0  277.04  183.27
2452529.55651 18.9278  0.0631 4.49  834.0  277.04  183.27
2452538.60574 18.9715  0.0839 4.72 1132.0  277.04  183.27
2452543.50457 18.9294  0.0645 4.39  869.0  277.04  183.27
2452548.55978 18.9651  0.0762 4.79  926.0  277.04  183.27
2452552.59576 18.9416  0.0745 5.09  852.0  277.04  183.27
2452557.55941 18.9176  0.0600 4.08  802.0  277.04  183.27
2452564.56002 18.9610  0.0987 5.37 1304.0  277.04  183.27
2452583.50780 19.0484  0.1185 5.76 1307.0  277.04  183.27
2452709.88097 18.9683  0.0536 3.89  665.0  277.04  183.27
2452719.91408 18.7595  0.0646 3.83 1621.0  277.04  183.27
2452730.82471 18.8847  0.0482 3.43  711.0  277.04  183.27
2452735.80854 18.9338  0.0528 3.53  737.0  277.04  183.27
2452747.79861 18.8574  0.0871 5.62 1087.0  277.04  183.27
2452754.80676 18.9139  0.0589 4.36  708.0  277.04  183.27
2452757.89048 18.9485  0.0751 4.48 1023.0  277.04  183.27
2452763.84979 18.8714  0.0532 3.56  839.0  277.04  183.27
2452767.91935 18.8510  0.0760 4.71 1135.0  277.04  183.27
2452768.85510 18.8707  0.0512 3.74  789.0  277.04  183.27
2452776.70500 19.0186  0.1164 5.12 2031.0  277.04  183.27
2452783.91512 18.9506  0.0610 3.92  898.0  277.04  183.27
2452785.69359 18.8583  0.0580 4.55  711.0  277.04  183.27
2452787.79461 18.9054  0.0624 3.88  974.0  277.04  183.27
2452790.58870 18.9544  0.0563 4.13  719.0  277.04  183.27
2452793.73048 18.9885  0.0599 4.74  600.0  277.04  183.27
2452795.69821 18.8904  0.0542 4.34  677.0  277.04  183.27
2452797.70251 18.8410  0.0458 3.45  637.0  277.04  183.27
2452802.75319 18.7453  0.0959 5.63 1508.0  277.04  183.27
2452809.82723 18.8448  0.0577 3.56  974.0  277.04  183.27
2452811.74660 18.8391  0.0693 4.77  898.0  277.04  183.27
2452812.87153 19.0068  0.0804 5.40  856.0  277.04  183.27
2452814.82358 18.8362  0.0625 4.50  768.0  277.04  183.27
2452816.73150 18.8530  0.0604 4.81  557.0  277.04  183.27
2452818.70849 18.9111  0.0553 3.84  728.0  277.04  183.27
2452820.83219 18.8712  0.0637 4.58  905.0  277.04  183.27
2452829.83633 18.7933  0.0786 5.71 1006.0  277.04  183.27
2452835.73844 18.8703  0.0638 3.97 1049.0  277.04  183.27
2452837.75232 18.9530  0.0960 5.71 1123.0  277.04  183.27
2452838.79367 19.0211  0.1049 6.06 1048.0  277.04  183.27
2452840.76522 18.9119  0.0738 5.09  959.0  277.04  183.27
2452843.75845 19.0125  0.0695 4.72  838.0  277.04  183.27
2452845.74398 18.9637  0.0664 4.81  722.0  277.04  183.27
2452850.69032 18.8449  0.0510 3.80  745.0  277.04  183.27
2452852.68798 19.0657  0.0700 4.67  746.0  277.04  183.27
2452854.65484 18.9012  0.0621 4.81  695.0  277.04  183.27
2452857.55541 18.8708  0.0562 3.82  945.0  277.04  183.27
2452862.68178 18.8258  0.0972 6.18 1126.0  277.04  183.27
2452865.57105 18.8819  0.0578 4.14  863.0  277.04  183.27
2452868.65493 18.9410  0.0620 4.16  768.0  277.04  183.27
2452872.51738 18.8342  0.0537 3.98  749.0  277.04  183.27
2452877.68079 18.7837  0.0635 4.85  782.0  277.04  183.27
2452883.66646 18.8483  0.0567 4.50  713.0  277.04  183.27
2452883.67906 18.8724  0.0625 4.82  719.0  277.04  183.27
2452893.54258 18.8567  0.0582 3.46 1113.0  277.04  183.27
2452896.65716 18.9141  0.0712 5.15  932.0  277.04  183.27
2452902.60622 18.8646  0.0848 5.36 1101.0  277.04  183.27
2452907.58025 18.8551  0.0760 5.63  750.0  277.04  183.27
2452911.58781 18.8379  0.0648 4.81  868.0  277.04  183.27
2452927.55700 19.0189  0.0882 5.39  934.0  277.04  183.27
2453053.83174 18.8949  0.0713 5.74  840.0  277.04  183.27
2453066.81215 18.8587  0.0739 6.38  746.0  277.04  183.27
2453068.87268 18.8572  0.0589 4.81  637.0  277.04  183.27
2453072.79175 18.8156  0.0760 5.16 1173.0  277.04  183.27
2453076.82072 18.8845  0.0691 4.92 1004.0  277.04  183.27
2453077.84443 18.8880  0.1747 5.85 3665.0  277.04  183.27
2453081.82661 18.7931  0.0486 3.93  707.0  277.04  183.27
2453084.80444 18.9333  0.0534 4.12  594.0  277.04  183.27
2453086.86586 18.8293  0.0452 3.63  630.0  277.04  183.27
2453088.85527 18.8449  0.0393 3.15  558.0  277.04  183.27
2453090.76844 18.8166  0.0440 3.62  633.0  277.04  183.27
2453097.87062 19.0029  0.0621 4.44  640.0  277.04  183.27
2453099.84695 18.8431  0.0622 4.93  753.0  277.04  183.27
2453101.86587 18.9023  0.0698 4.94  802.0  277.04  183.27
2453103.83135 18.8558  0.0562 3.89  848.0  277.04  183.27
2453104.81744 18.8439  0.1173 3.88 4168.0  277.04  183.27
2453107.82084 18.7603  0.0521 3.74  851.0  277.04  183.27
2453108.87055 18.7964  0.0469 3.63  701.0  277.04  183.27
2453112.92023 18.8776  0.0493 4.11  558.0  277.04  183.27
2453114.90681 18.8684  0.0491 3.61  675.0  277.04  183.27
2453115.91859 18.9355  0.0510 3.62  644.0  277.04  183.27
2453116.82996 18.8311  0.0549 4.16  734.0  277.04  183.27
2453124.84792 18.8867  0.0692 5.42  729.0  277.04  183.27
2453126.73029 18.8254  0.0483 3.80  689.0  277.04  183.27
2453127.93157 18.8573  0.0535 3.28  939.0  277.04  183.27
2453128.92079 18.9763  0.0656 4.00  805.0  277.04  183.27
2453130.79858 18.7710  0.0632 4.06 1075.0  277.04  183.27
2453131.74214 18.8797  0.0819 4.84 1103.0  277.04  183.27
2453135.75444 18.8713  0.0486 3.95  679.0  277.04  183.27
2453138.75605 18.9603  0.0561 4.18  613.0  277.04  183.27
2453140.73140 18.7684  0.0454 4.12  578.0  277.04  183.27
2453141.79339 18.8838  0.0460 4.22  468.0  277.04  183.27
2453142.86734 18.8896  0.0509 3.76  761.0  277.04  183.27
2453144.88532 18.9838  0.0667 4.52  735.0  277.04  183.27
2453147.70879 18.9328  0.0591 4.90  552.0  277.04  183.27
2453151.86155 18.8307  0.0589 5.12  588.0  277.04  183.27
2453152.85870 18.8258  0.0588 4.65  682.0  277.04  183.27
2453153.86345 18.7782  0.0702 5.45  849.0  277.04  183.27
2453156.91479 18.8214  0.0592 4.28  885.0  277.04  183.27
2453162.62849 18.8107  0.0786 4.22 1602.0  277.04  183.27
2453163.86566 18.9259  0.0683 4.21  954.0  277.04  183.27
2453164.84679 18.7766  0.0503 4.11  690.0  277.04  183.27
2453165.62890 18.9536  0.0491 4.19  518.0  277.04  183.27
2453167.71029 18.9501  0.0618 5.30  517.0  277.04  183.27
2453168.78323 18.8245  0.0476 3.92  602.0  277.04  183.27
2453169.88886 18.9372  0.0664 4.66  807.0  277.04  183.27
2453170.91822 18.7358  0.0665 5.46  871.0  277.04  183.27
2453171.76010 18.7641  0.0400 3.32  638.0  277.04  183.27
2453173.79753 18.8197  0.0593 4.76  704.0  277.04  183.27
2453174.81062 18.7845  0.0491 3.86  778.0  277.04  183.27
2453175.92349 18.7412  0.0669 5.15 1031.0  277.04  183.27
2453177.86732 19.0253  0.1141 6.84  932.0  277.04  183.27
2453178.58535 18.7858  0.0667 5.71  692.0  277.04  183.27
2453179.82439 18.9472  0.0591 4.32  654.0  277.04  183.27
2453180.49233 18.9595  0.0858 6.05  893.0  277.04  183.27
2453180.56358 18.8574  0.0521 4.14  684.0  277.04  183.27
2453180.61163 18.8198  0.0381 3.31  574.0  277.04  183.27
2453180.69845 18.9180  0.0408 3.52  470.0  277.04  183.27
2453180.75975 18.8437  0.0400 3.59  461.0  277.04  183.27
2453180.81152 18.9041  0.0439 3.77  479.0  277.04  183.27
2453180.83165 18.7981  0.0467 4.31  524.0  277.04  183.27
2453180.89920 19.0567  0.0891 6.00  742.0  277.04  183.27
2453182.52387 18.8159  0.0895 6.94  855.0  277.04  183.27
2453182.60475 18.8353  0.0612 5.46  602.0  277.04  183.27
2453182.66921 18.8881  0.0566 4.86  501.0  277.04  183.27
2453182.79434 18.7700  0.0486 4.36  582.0  277.04  183.27
2453182.84570 18.8421  0.0569 4.45  699.0  277.04  183.27
2453182.88881 18.8169  0.0559 4.31  781.0  277.04  183.27
2453183.51588 19.2349  0.0934 6.42  460.0  277.04  183.27
2453183.60663 18.8511  0.0536 4.55  548.0  277.04  183.27
2453183.68944 18.8392  0.0593 5.06  591.0  277.04  183.27
2453183.77892 18.9829  0.0688 5.30  569.0  277.04  183.27
2453183.85962 18.6768  0.0736 6.52  791.0  277.04  183.27
2453184.49762 18.9125  0.0786 5.59  936.0  277.04  183.27
2453184.55437 18.8280  0.0512 4.38  631.0  277.04  183.27
2453184.63549 18.8652  0.0402 3.46  465.0  277.04  183.27
2453184.71034 18.8331  0.0465 3.97  578.0  277.04  183.27
2453184.81837 18.7280  0.0485 4.18  673.0  277.04  183.27
2453184.85126 18.8499  0.0664 4.99  775.0  277.04  183.27
2453184.88128 18.9164  0.0951 6.21  941.0  277.04  183.27
2453185.50243 18.9722  0.0837 4.91 1180.0  277.04  183.27
2453185.59922 18.9130  0.0540 3.95  745.0  277.04  183.27
2453185.88555 18.7778  0.0689 5.15  987.0  277.04  183.27
2453191.79759 18.9219  0.0694 5.01  748.0  277.04  183.27
2453193.65674 18.9380  0.0562 4.32  612.0  277.04  183.27
2453194.50292 18.9649  0.0942 5.70 1147.0  277.04  183.27
2453194.84707 18.9259  0.0631 4.18  866.0  277.04  183.27
2453195.77694 18.8450  0.0451 3.48  674.0  277.04  183.27
2453195.85213 18.7242  0.0646 5.36  864.0  277.04  183.27
2453196.58076 18.9164  0.0648 4.95  630.0  277.04  183.27
2453197.83138 19.1173  0.1138 6.45  914.0  277.04  183.27
2453201.58796 18.6731  0.0422 4.47  592.0  277.04  183.27
2453202.81259 19.0002  0.0692 5.13  674.0  277.04  183.27
2453203.82194 18.9209  0.0667 5.34  713.0  277.04  183.27
2453204.82984 18.9583  0.0881 5.85  901.0  277.04  183.27
2453206.70057 18.8637  0.0502 5.42  473.0  277.04  183.27
2453210.75395 18.8620  0.0617 5.81  605.0  277.04  183.27
2453211.78621 18.7497  0.0773 7.49  613.0  277.04  183.27
2453217.75969 18.7835  0.0766 4.94 1287.0  277.04  183.27
2453218.76730 18.8790  0.0988 6.00 1262.0  277.04  183.27
2453224.52254 18.8151  0.0490 3.85  719.0  277.04  183.27
2453229.70695 18.8184  0.0591 5.74  514.0  277.04  183.27
2453231.69921 18.8557  0.0757 6.06  719.0  277.04  183.27
2453239.50414 18.8661  0.0521 4.36  657.0  277.04  183.27
2453240.57051 18.8936  0.0738 6.44  567.0  277.04  183.27
2453245.68217 18.7034  0.0670 6.14  854.0  277.04  183.27
2453247.54432 18.8449  0.0634 4.59  761.0  277.04  183.27
2453249.66420 18.8130  0.0702 5.91  792.0  277.04  183.27
2453251.55942 18.7792  0.0541 5.01  575.0  277.04  183.27
2453254.64316 18.7115  0.0623 6.56  504.0  277.04  183.27
2453257.58327 18.7896  0.0406 3.88  494.0  277.04  183.27
2453261.51593 18.8307  0.0614 5.34  637.0  277.04  183.27
2453265.57756 18.7754  0.0552 5.20  623.0  277.04  183.27
2453267.63513 18.7801  0.0573 5.19  640.0  277.04  183.27
2453273.53914 18.7630  0.0831 5.87 1014.0  277.04  183.27
2453277.49960 18.8251  0.0660 4.73  886.0  277.04  183.27
2453280.49851 18.7212  0.0550 5.10  601.0  277.04  183.27
2453283.50693 18.7162  0.0470 4.51  486.0  277.04  183.27
2453289.56048 18.5135  0.0533 6.46  500.0  277.04  183.27
2453294.55532 19.0796  0.0639 5.76  358.0  277.04  183.27
2453296.50366 18.6509  0.0599 5.37  725.0  277.04  183.27
2453305.56569 19.0292  0.1064 6.01 1238.0  277.04  183.27
2453419.87353 18.5180  0.0403 5.35  611.0  277.04  183.27
2453424.87715 18.4940  0.0442 4.55  846.0  277.04  183.27
2453427.89635 18.4111  0.0399 4.11  854.0  277.04  183.27
2453430.86237 18.4122  0.0334 4.16  678.0  277.04  183.27
2453436.90710 18.4387  0.0487 4.84  983.0  277.04  183.27
2453443.87919 18.3457  0.0268 3.43  594.0  277.04  183.27
2453445.90671 18.3597  0.0284 3.42  635.0  277.04  183.27
2453448.81336 18.3668  0.0367 4.79  645.0  277.04  183.27
2453450.83087 18.3056  0.0256 3.99  435.0  277.04  183.27
2453453.87422 18.2492  0.0338 4.51  758.0  277.04  183.27
2453457.91922 18.3764  0.0397 4.28  847.0  277.04  183.27
2453458.90923 18.2603  0.0291 3.43  792.0  277.04  183.27
2453468.90846 18.1574  0.0257 3.67  607.0  277.04  183.27
2453470.92602 18.0866  0.0356 4.59 1011.0  277.04  183.27
2453472.90121 18.1637  0.0271 4.21  533.0  277.04  183.27
2453474.82920 18.1397  0.0267 4.53  473.0  277.04  183.27
2453476.92604 18.0862  0.0300 3.88  850.0  277.04  183.27
2453479.85278 18.1023  0.0200 3.34  458.0  277.04  183.27
2453481.83304 18.1184  0.0223 3.37  581.0  277.04  183.27
2453484.88342 18.1027  0.0314 3.20 1436.0  277.04  183.27
2453508.94284 17.8475  0.0401 6.12 1201.0  277.04  183.27
2453520.70278 17.7699  0.0282 5.92  631.0  277.04  183.27
2453521.94776 17.8375  0.0352 4.64 1685.0  277.04  183.27
2453522.84955 17.8282  0.0230 3.98  689.0  277.04  183.27
2453523.87634 17.8308  0.0266 5.02  645.0  277.04  183.27
2453526.92104 17.8668  0.0262 5.13  665.0  277.04  183.27
2453528.87214 17.8647  0.0255 4.71  700.0  277.04  183.27
2453538.89862 17.8944  0.0298 5.56  757.0  277.04  183.27
2453544.87051 17.8659  0.0355 4.70 1496.0  277.04  183.27
2453547.88535 17.8289  0.0323 6.05  910.0  277.04  183.27
2453550.86835 17.9190  0.0300 5.10  917.0  277.04  183.27
2453551.87428 17.8262  0.0328 6.08  875.0  277.04  183.27
2453552.86962 17.8357  0.0385 7.22  779.0  277.04  183.27
2453553.84067 17.8609  0.0380 6.58  917.0  277.04  183.27
2453556.77128 17.9165  0.0263 5.48  515.0  277.04  183.27
2453558.76687 17.9150  0.0226 4.88  447.0  277.04  183.27
2453560.68565 17.9443  0.0215 3.79  451.0  277.04  183.27
2453561.82107 17.8938  0.0234 4.65  540.0  277.04  183.27
2453562.70109 17.9305  0.0220 3.92  475.0  277.04  183.27
2453563.76911 17.9188  0.0252 4.75  556.0  277.04  183.27
2453574.80063 17.9966  0.0371 5.59  935.0  277.04  183.27
2453575.73452 18.0032  0.0251 4.15  631.0  277.04  183.27
2453579.72391 17.9342  0.0221 4.49  425.0  277.04  183.27
2453581.78980 18.0408  0.0294 5.67  574.0  277.04  183.27
2453582.72267 18.0630  0.0266 4.80  487.0  277.04  183.27
2453583.74054 17.9858  0.0319 5.88  619.0  277.04  183.27
2453584.74456 18.0977  0.0273 4.95  467.0  277.04  183.27
2453585.75301 18.0389  0.0234 5.01  377.0  277.04  183.27
2453618.69432 18.2245  0.0375 5.70  650.0  277.04  183.27
2453631.60362 18.1900  0.0393 4.60 1120.0  277.04  183.27
2453635.59797 18.1401  0.0284 4.85  595.0  277.04  183.27
2453652.58644 18.1759  0.0526 6.58 1119.0  277.04  183.27
2453669.50861 18.2997  0.0470 5.98  715.0  277.04  183.27
2453778.87586 18.7666  0.0609 4.10 1116.0  277.04  183.27
2454153.85155 18.9239  0.0654 4.44  891.0  277.04  183.27
2454155.88627 18.8040  0.0578 4.45  737.0  277.04  183.27
2454158.84799 18.7635  0.0552 4.18  855.0  277.04  183.27
2454161.81585 18.8574  0.0928 5.69 1244.0  277.04  183.27
2454162.89875 18.8967  0.0710 4.26 1103.0  277.04  183.27
2454165.88312 18.9389  0.0755 4.37 1111.0  277.04  183.27
2454167.88672 18.8736  0.0636 4.24  907.0  277.04  183.27
2454169.89036 18.8716  0.0512 3.38  822.0  277.04  183.27
2454174.89239 18.8485  0.0572 4.37  706.0  277.04  183.27
2454176.86972 18.8429  0.0561 3.98  800.0  277.04  183.27
2454178.79600 18.8316  0.0597 4.98  695.0  277.04  183.27
2454179.82087 18.8330  0.0558 4.05  743.0  277.04  183.27
2454180.89739 18.7745  0.0693 5.92  687.0  277.04  183.27
2454182.80195 18.8590  0.0528 4.30  599.0  277.04  183.27
2454183.83478 18.9128  0.0685 5.26  664.0  277.04  183.27
2454185.81057 18.8597  0.0512 4.16  593.0  277.04  183.27
2454190.91342 18.9006  0.0601 4.49  666.0  277.04  183.27
2454192.91280 18.8357  0.0493 3.69  707.0  277.04  183.27
2454193.92440 18.8277  0.0753 4.04 1609.0  277.04  183.27
2454196.90369 18.8827  0.0595 4.21  826.0  277.04  183.27
2454202.91500 18.8139  0.0536 4.30  651.0  277.04  183.27
2454203.90321 18.8589  0.0517 3.76  784.0  277.04  183.27
2454204.91003 18.8029  0.0549 4.54  679.0  277.04  183.27
2454205.89956 18.8656  0.0546 4.04  701.0  277.04  183.27
2454207.92985 18.9303  0.0784 4.37 1230.0  277.04  183.27
2454208.93218 18.7460  0.0959 4.23 2490.0  277.04  183.27
2454213.90373 18.8951  0.0575 4.22  700.0  277.04  183.27
2454216.86236 18.9462  0.0541 4.84  477.0  277.04  183.27
2454217.88533 18.8984  0.0489 3.56  632.0  277.04  183.27
2454218.93264 18.8485  0.0862 4.74 1500.0  277.04  183.27
2454220.92149 18.8137  0.0827 6.29  803.0  277.04  183.27
2454222.87871 18.8932  0.0629 4.08  921.0  277.04  183.27
2454228.87684 18.9658  0.0885 4.89 1225.0  277.04  183.27
2454229.84282 18.8517  0.0594 4.22  813.0  277.04  183.27
2454230.82389 18.9077  0.0571 4.32  634.0  277.04  183.27
2454231.86580 18.8415  0.0604 4.66  716.0  277.04  183.27
2454232.88671 18.8594  0.0857 5.98  829.0  277.04  183.27
2454234.82478 18.9665  0.0589 3.82  745.0  277.04  183.27
2454235.84529 18.8475  0.0519 4.15  625.0  277.04  183.27
2454237.66208 18.8712  0.0746 6.02  700.0  277.04  183.27
2454238.84972 18.9722  0.0650 4.15  820.0  277.04  183.27
2454240.64777 18.8670  0.0702 5.43  749.0  277.04  183.27
2454243.89609 18.8656  0.0772 5.84  801.0  277.04  183.27
2454244.90681 18.8230  0.0666 5.05  878.0  277.04  183.27
2454247.60982 18.9376  0.0909 6.10  903.0  277.04  183.27
2454250.93648 19.1321  0.0955 5.21  968.0  277.04  183.27
2454256.83490 19.0015  0.0972 5.79  957.0  277.04  183.27
2454257.76918 18.9093  0.0732 4.88  872.0  277.04  183.27
2454258.82043 18.9014  0.0791 5.46  819.0  277.04  183.27
2454268.60149 18.7559  0.0651 5.42  741.0  277.04  183.27
2454269.74190 18.8995  0.0620 4.96  603.0  277.04  183.27
2454272.66314 18.8847  0.0470 3.55  648.0  277.04  183.27
2454273.71114 18.8468  0.0635 4.60  779.0  277.04  183.27
2454274.69442 18.9688  0.0650 4.34  782.0  277.04  183.27
2454275.75121 18.8871  0.0717 4.74  898.0  277.04  183.27
2454277.59204 18.8004  0.0637 5.16  816.0  277.04  183.27
2454278.72540 18.7767  0.0819 6.64  788.0  277.04  183.27
2454283.67239 18.8489  0.0616 3.86 1137.0  277.04  183.27
2454284.65366 18.8224  0.0662 4.20  907.0  277.04  183.27
2454285.66063 18.7503  0.0648 4.48  951.0  277.04  183.27
2454286.75434 18.7370  0.0761 4.64 1583.0  277.04  183.27
2454289.70415 18.8963  0.0755 5.55  744.0  277.04  183.27
2454291.59851 18.8549  0.0611 4.91  653.0  277.04  183.27
2454292.63900 18.8635  0.0495 3.88  627.0  277.04  183.27
2454293.66743 18.9176  0.0521 3.87  566.0  277.04  183.27
2454294.70803 18.7079  0.0469 5.34  440.0  277.04  183.27
2454295.66868 18.8331  0.0559 5.11  475.0  277.04  183.27
2454296.65262 18.8609  0.0439 3.76  466.0  277.04  183.27
2454297.57867 18.8198  0.0513 4.53  558.0  277.04  183.27
2454298.81088 18.9809  0.0978 6.74  801.0  277.04  183.27
2454299.78042 18.9017  0.0566 4.87  559.0  277.04  183.27
2454300.71654 18.9371  0.0584 4.42  533.0  277.04  183.27
2454301.57968 18.7941  0.0481 4.01  672.0  277.04  183.27
2454302.81364 18.9296  0.0681 5.16  645.0  277.04  183.27
2454306.57071 19.0340  0.0942 6.07  816.0  277.04  183.27
2454311.72320 18.9357  0.1004 5.50 1344.0  277.04  183.27
2454312.68050 18.7590  0.0651 4.88  917.0  277.04  183.27
2454317.67561 18.8926  0.0750 5.95  641.0  277.04  183.27
2454319.67662 18.8393  0.0692 5.54  713.0  277.04  183.27
2454326.68569 18.8734  0.0607 5.18  536.0  277.04  183.27
2454327.72219 18.8423  0.0861 6.63  781.0  277.04  183.27
2454328.65699 18.7446  0.0592 5.36  619.0  277.04  183.27
2454329.64692 18.8012  0.0687 5.87  633.0  277.04  183.27
2454330.66165 18.8200  0.0572 5.15  610.0  277.04  183.27
2454331.65703 18.7944  0.0618 5.73  584.0  277.04  183.27
2454332.71898 19.0219  0.0919 5.90  915.0  277.04  183.27
2454333.66078 18.8967  0.0623 4.57  708.0  277.04  183.27
2454334.67433 18.9077  0.1214 6.27 1541.0  277.04  183.27
2454338.69392 18.9357  0.1030 5.46 1426.0  277.04  183.27
2454339.66381 18.7956  0.0736 5.24 1062.0  277.04  183.27
2454340.72704 18.9497  0.1096 5.07 1914.0  277.04  183.27
2454341.70846 18.8067  0.0925 5.63 1330.0  277.04  183.27
2454342.70495 18.8167  0.0916 6.68  985.0  277.04  183.27
2454343.67479 18.9090  0.0902 6.76  800.0  277.04  183.27
2454345.67464 18.7384  0.0958 6.76 1064.0  277.04  183.27
2454346.67977 18.9106  0.0924 6.80  734.0  277.04  183.27
2454347.69390 18.9080  0.0795 6.60  737.0  277.04  183.27
2454349.66899 18.9595  0.0763 6.19  676.0  277.04  183.27
2454351.66439 18.9922  0.0808 6.31  635.0  277.04  183.27
2454354.67315 18.8851  0.0825 6.56  719.0  277.04  183.27
2454357.61302 18.9153  0.0788 5.83  717.0  277.04  183.27
2454359.58468 18.8754  0.0604 4.93  683.0  277.04  183.27
2454365.63280 18.8352  0.1202 6.44 1621.0  277.04  183.27
2454370.58364 18.9366  0.0682 4.04 1105.0  277.04  183.27
2454372.61761 18.8017  0.0726 5.03 1023.0  277.04  183.27
2454377.57825 18.8228  0.0866 6.71  822.0  277.04  183.27
2454383.58362 18.7647  0.0797 5.69 1089.0  277.04  183.27
2454392.53163 19.0090  0.0877 4.90 1107.0  277.04  183.27
2454519.87111 18.9183  0.0682 4.84  837.0  277.04  183.27
2454520.90128 18.9252  0.1064 4.90 1836.0  277.04  183.27
2454523.88425 18.9422  0.0788 5.30  851.0  277.04  183.27
2454525.87889 18.8734  0.1002 4.38 2309.0  277.04  183.27
2454532.90439 18.8568  0.0781 5.39  944.0  277.04  183.27
2454535.86932 18.9917  0.0799 5.72  701.0  277.04  183.27
2454537.81916 18.8739  0.0604 5.09  621.0  277.04  183.27
2454539.82402 18.9048  0.0566 4.32  658.0  277.04  183.27
2454541.85595 18.8827  0.0483 3.87  631.0  277.04  183.27
2454543.84565 18.9015  0.0485 3.98  548.0  277.04  183.27
2454544.84248 18.8990  0.0505 3.66  718.0  277.04  183.27
2454545.86003 18.8849  0.0693 4.93  781.0  277.04  183.27
2454547.83393 18.8217  0.0629 4.42  900.0  277.04  183.27
2454550.83277 18.8942  0.0623 4.56  755.0  277.04  183.27
2454552.82291 18.8001  0.0587 4.63  753.0  277.04  183.27
2454556.91468 18.8925  0.0605 3.71 1062.0  277.04  183.27
2454558.90976 18.8615  0.0479 3.76  649.0  277.04  183.27
2454559.90480 18.9218  0.0533 4.10  576.0  277.04  183.27
2454560.90494 18.9319  0.0527 4.08  553.0  277.04  183.27
2454561.89404 18.8486  0.0402 3.32  560.0  277.04  183.27
2454564.89845 18.9187  0.0461 3.90  527.0  277.04  183.27
2454565.88773 18.8823  0.0422 3.52  573.0  277.04  183.27
2454566.88902 18.8575  0.0457 3.79  586.0  277.04  183.27
2454567.89494 18.8505  0.0512 4.12  653.0  277.04  183.27
2454569.91279 19.0454  0.0735 5.04  641.0  277.04  183.27
2454570.91841 18.7854  0.0576 4.77  735.0  277.04  183.27
2454571.88002 18.8781  0.0533 4.37  568.0  277.04  183.27
2454572.91863 18.9258  0.0748 5.56  769.0  277.04  183.27
2454573.89443 18.8880  0.0530 4.71  545.0  277.04  183.27
2454574.90219 18.8035  0.0581 4.43  720.0  277.04  183.27
2454575.91338 18.8933  0.0583 4.13  823.0  277.04  183.27
2454583.88363 19.1246  0.1077 4.82 1584.0  277.04  183.27
2454585.86739 18.9282  0.0603 4.59  727.0  277.04  183.27
2454586.88615 18.9322  0.0682 4.92  768.0  277.04  183.27
2454587.89801 18.7765  0.0673 5.89  737.0  277.04  183.27
2454588.78825 18.7841  0.0465 3.97  640.0  277.04  183.27
2454589.75767 18.8378  0.0656 5.27  630.0  277.04  183.27
2454590.87037 18.7480  0.0552 4.92  687.0  277.04  183.27
2454591.75016 18.9081  0.0620 4.37  761.0  277.04  183.27
2454592.82358 18.8984  0.0780 5.03  943.0  277.04  183.27
2454593.80924 18.8616  0.0500 3.85  662.0  277.04  183.27
2454594.83977 18.8847  0.0592 4.52  690.0  277.04  183.27
2454595.82879 18.8710  0.0562 4.73  589.0  277.04  183.27
2454596.78388 18.8785  0.0458 3.82  545.0  277.04  183.27
2454597.84578 18.8807  0.0577 4.65  725.0  277.04  183.27
2454598.81529 18.8117  0.0410 4.03  494.0  277.04  183.27
2454599.79448 18.8787  0.0461 3.77  598.0  277.04  183.27
2454600.81773 18.8291  0.0441 4.00  527.0  277.04  183.27
2454601.80596 18.8870  0.0494 4.22  563.0  277.04  183.27
2454602.80943 18.8414  0.0473 3.50  802.0  277.04  183.27
2454606.87578 18.8925  0.0753 4.04 1496.0  277.04  183.27
2454611.78806 18.8575  0.0598 4.29  861.0  277.04  183.27
2454616.78263 18.9412  0.0588 4.97  536.0  277.04  183.27
2454618.68313 18.9571  0.0719 5.60  650.0  277.04  183.27
2454622.76262 18.8012  0.0572 4.59  653.0  277.04  183.27
2454623.83498 18.9554  0.0746 5.40  771.0  277.04  183.27
2454624.77373 18.7965  0.0579 4.87  644.0  277.04  183.27
2454625.75729 19.0254  0.0834 5.54  685.0  277.04  183.27
2454626.81871 18.8842  0.0586 5.09  593.0  277.04  183.27
2454627.79634 18.9501  0.0480 4.28  486.0  277.04  183.27
2454628.72499 18.8456  0.0560 4.53  588.0  277.04  183.27
2454629.79431 18.7803  0.0630 5.43  713.0  277.04  183.27
2454630.73412 18.9023  0.0559 4.48  602.0  277.04  183.27
2454631.74935 18.7968  0.0500 4.48  625.0  277.04  183.27
2454632.78317 18.8343  0.0527 4.18  723.0  277.04  183.27
2454633.91867 18.9737  0.1013 5.90 1181.0  277.04  183.27
2454642.55921 18.8499  0.0693 5.07  864.0  277.04  183.27
2454643.71629 18.8056  0.0605 5.67  553.0  277.04  183.27
2454644.80580 18.8196  0.0631 5.34  666.0  277.04  183.27
2454645.71838 18.7881  0.0674 6.46  596.0  277.04  183.27
2454646.68579 18.9280  0.0499 4.32  498.0  277.04  183.27
2454647.70736 18.8066  0.0622 4.90  709.0  277.04  183.27
2454649.69189 18.8588  0.0574 4.65  594.0  277.04  183.27
2454650.72992 18.7554  0.0563 5.04  613.0  277.04  183.27
2454651.73049 18.7216  0.0762 6.87  674.0  277.04  183.27
2454652.66305 18.8472  0.0543 4.41  640.0  277.04  183.27
2454653.69051 18.9079  0.0645 5.09  708.0  277.04  183.27
2454654.69537 18.9264  0.0736 5.73  688.0  277.04  183.27
2454655.69596 18.8621  0.0457 4.04  549.0  277.04  183.27
2454656.66289 18.8036  0.0673 5.16  798.0  277.04  183.27
2454661.65275 18.9037  0.0635 4.56  834.0  277.04  183.27
2454666.52332 18.8610  0.0687 3.89 1310.0  277.04  183.27
2454670.75492 18.8629  0.0957 6.94  867.0  277.04  183.27
2454671.70841 18.9411  0.0632 5.37  593.0  277.04  183.27
2454672.66817 18.9504  0.0665 5.25  622.0  277.04  183.27
2454674.69615 18.8367  0.0602 5.12  627.0  277.04  183.27
2454677.74028 18.9659  0.0756 6.11  579.0  277.04  183.27
2454681.72420 18.9148  0.0806 6.98  642.0  277.04  183.27
2454682.72184 18.8449  0.0516 4.27  573.0  277.04  183.27
2454683.67786 18.8456  0.0561 4.67  594.0  277.04  183.27
2454684.69665 18.8727  0.0594 5.12  592.0  277.04  183.27
2454685.72247 18.7639  0.0603 5.57  690.0  277.04  183.27
2454685.77463 18.8684  0.0751 5.43  889.0  277.04  183.27
2454687.71070 18.8974  0.0729 4.95  855.0  277.04  183.27
2454688.65663 18.9759  0.0620 4.59  629.0  277.04  183.27
2454694.74455 18.8642  0.1248 7.42 1282.0  277.04  183.27
2454697.69017 18.8837  0.1039 7.66  812.0  277.04  183.27
2454698.68361 18.7219  0.0770 7.26  714.0  277.04  183.27
2454700.67881 18.9971  0.0811 6.55  604.0  277.04  183.27
2454701.66218 18.9852  0.0810 7.16  518.0  277.04  183.27
2454702.67659 18.7553  0.0720 7.64  527.0  277.04  183.27
2454708.69827 18.8468  0.0712 5.62  765.0  277.04  183.27
2454715.65935 18.9017  0.0890 6.79  749.0  277.04  183.27
2454720.66980 18.8263  0.1573 6.55 2950.0  277.04  183.27
2454722.66306 19.0822  0.1088 5.99 1064.0  277.04  183.27
2454725.63592 18.8855  0.0867 5.09 1161.0  277.04  183.27
2454733.62521 19.0575  0.0925 6.60  646.0  277.04  183.27
2454739.51794 18.9987  0.0879 5.95  735.0  277.04  183.27
2454750.56727 18.9243  0.0885 5.41 1042.0  277.04  183.27
2454758.56163 18.8625  0.0733 4.53  992.0  277.04  183.27
2454763.55047 18.8085  0.0810 6.06  878.0  277.04  183.27
2454877.89037 18.8172  0.0655 3.95 1178.0  277.04  183.27
2454884.84388 18.8702  0.0698 5.18  921.0  277.04  183.27
2454886.87094 18.7853  0.0609 4.82  783.0  277.04  183.27
2454890.84345 18.7627  0.0523 4.61  688.0  277.04  183.27
2454894.89442 18.8799  0.0863 6.93  675.0  277.04  183.27
2454899.81205 18.9897  0.0814 4.67 1031.0  277.04  183.27
2454900.87320 18.8544  0.0546 3.67  831.0  277.04  183.27
2454902.85037 18.9048  0.0596 4.20  816.0  277.04  183.27
2454904.87855 18.9178  0.0643 4.84  737.0  277.04  183.27
2454911.91378 18.8344  0.0565 3.86 1108.0  277.04  183.27
2454914.91846 18.8721  0.0666 4.08 1242.0  277.04  183.27
2454924.92143 18.9663  0.0807 4.71 1128.0  277.04  183.27
2454926.78232 18.8770  0.0620 4.92  799.0  277.04  183.27
2454928.91572 18.8523  0.0602 5.06  728.0  277.04  183.27
2454930.76317 18.8238  0.0635 4.04 1043.0  277.04  183.27
2454932.81318 18.9568  0.0600 4.14  820.0  277.04  183.27
2454933.76074 19.0787  0.0863 4.84  951.0  277.04  183.27
2454934.71593 18.8501  0.0955 5.81 1252.0  277.04  183.27
2454934.85901 18.8612  0.0771 5.30  878.0  277.04  183.27
2454940.81227 18.7699  0.0608 5.66  631.0  277.04  183.27
2454941.86429 18.8441  0.0617 6.94  593.0  277.04  183.27
2454943.74668 18.8711  0.0476 3.98  556.0  277.04  183.27
2454944.81157 18.8583  0.0524 4.75  587.0  277.04  183.27
2454949.82606 18.8046  0.0489 4.77  613.0  277.04  183.27
2454951.85843 18.7629  0.0656 6.31  835.0  277.04  183.27
2454953.75553 18.7577  0.0582 5.19  646.0  277.04  183.27
