2452124.48763 17.6187  0.0254 4.37 1083.0  445.76  315.17
2452128.50945 17.6024  0.0168 4.00  479.0  445.76  315.17
2452131.51180 17.5979  0.0195 4.07  759.0  445.76  315.17
2452134.47992 17.6660  0.0265 5.88  661.0  445.76  315.17
2452137.49753 17.6385  0.0182 5.19  520.0  445.76  315.17
2452141.48279 17.6219  0.0193 3.76  717.0  445.76  315.17
2452144.48357 17.6522  0.0274 5.89  666.0  445.76  315.17
2452168.49266 17.5691  0.0233 5.73  642.0  445.76  315.17
2452175.49171 17.7250  0.0384 4.83 2306.0  445.76  315.17
2452194.51129 17.6244  0.0244 4.88  747.0  445.76  315.17
2452345.88551 17.6052  0.0199 3.82  686.0  445.76  315.17
2452356.82995 17.6206  0.0196 3.96  595.0  445.76  315.17
2452369.90777 17.6186  0.0202 3.97  674.0  445.76  315.17
2452379.80817 17.6096  0.0231 6.27  416.0  445.76  315.17
2452385.82189 17.6198  0.0188 4.05  532.0  445.76  315.17
2452389.81892 17.6256  0.0206 4.25  685.0  445.76  315.17
2452396.83105 17.6472  0.0204 3.98  762.0  445.76  315.17
2452401.91771 17.6387  0.0230 4.56  855.0  445.76  315.17
2452404.80720 17.5559  0.0163 3.54  486.0  445.76  315.17
2452406.68401 17.5994  0.0229 5.94  547.0  445.76  315.17
2452414.62303 17.5811  0.0248 6.73  621.0  445.76  315.17
2452416.69901 17.5985  0.0213 5.30  548.0  445.76  315.17
2452417.59753 17.6602  0.0373 7.70  992.0  445.76  315.17
2452424.59675 17.6185  0.0265 6.38  784.0  445.76  315.17
2452432.65726 17.5928  0.0261 6.64  631.0  445.76  315.17
2452434.88754 17.5514  0.0265 5.89  913.0  445.76  315.17
2452436.87635 17.6399  0.0264 5.38  787.0  445.76  315.17
2452439.79886 17.5949  0.0182 3.95  577.0  445.76  315.17
2452443.75657 17.6155  0.0203 4.80  458.0  445.76  315.17
2452446.69904 17.6316  0.0205 3.77  614.0  445.76  315.17
2452453.69989 17.6023  0.0236 5.57  598.0  445.76  315.17
2452459.54429 17.6337  0.0213 5.78  525.0  445.76  315.17
2452462.76134 17.5971  0.0181 4.46  485.0  445.76  315.17
2452463.72525 17.6125  0.0166 3.84  420.0  445.76  315.17
2452465.57763 17.6077  0.0181 4.30  482.0  445.76  315.17
2452467.72662 17.6023  0.0208 5.84  364.0  445.76  315.17
2452469.77271 17.6174  0.0184 4.32  449.0  445.76  315.17
2452471.48263 17.6117  0.0214 4.47  757.0  445.76  315.17
2452473.76420 17.6216  0.0205 5.01  467.0  445.76  315.17
2452484.54330 17.6081  0.0221 5.45  505.0  445.76  315.17
2452489.66079 17.6157  0.0160 4.25  444.0  445.76  315.17
2452492.61336 17.6093  0.0212 5.23  510.0  445.76  315.17
2452494.66617 17.6489  0.0223 5.13  488.0  445.76  315.17
2452496.72747 17.5819  0.0212 5.23  609.0  445.76  315.17
2452499.50504 17.6258  0.0197 4.53  524.0  445.76  315.17
2452501.52940 17.6337  0.0217 4.56  632.0  445.76  315.17
2452511.50107 17.6065  0.0249 5.96  653.0  445.76  315.17
2452516.53412 17.5847  0.0204 4.62  609.0  445.76  315.17
2452519.56966 17.6218  0.0179 3.61  599.0  445.76  315.17
2452524.61604 17.6431  0.0224 5.22  646.0  445.76  315.17
2452528.51867 17.6126  0.0231 4.88  699.0  445.76  315.17
2452539.55812 17.5997  0.0231 4.51  824.0  445.76  315.17
2452544.58604 17.6452  0.0234 5.14  594.0  445.76  315.17
2452549.54876 17.6938  0.0392 7.26  887.0  445.76  315.17
2452554.52391 17.6297  0.0269 5.53  812.0  445.76  315.17
2452566.51934 17.5937  0.0319 5.45 1278.0  445.76  315.17
2452711.83893 17.5672  0.0159 3.47  530.0  445.76  315.17
2452726.85134 17.5942  0.0166 3.31  506.0  445.76  315.17
2452731.85845 17.6100  0.0176 3.21  578.0  445.76  315.17
2452752.75429 17.6112  0.0220 4.81  639.0  445.76  315.17
2452754.91666 17.5778  0.0194 4.32  568.0  445.76  315.17
2452758.89675 17.6005  0.0285 5.24  985.0  445.76  315.17
2452764.90545 17.6149  0.0218 4.24  783.0  445.76  315.17
2452769.74056 17.6329  0.0183 3.82  674.0  445.76  315.17
2452783.69559 17.5614  0.0163 3.66  495.0  445.76  315.17
2452785.60124 17.5580  0.0201 4.28  730.0  445.76  315.17
2452787.65837 17.5785  0.0185 3.76  678.0  445.76  315.17
2452789.89885 17.5806  0.0235 5.11  719.0  445.76  315.17
2452791.88204 17.5746  0.0195 4.21  570.0  445.76  315.17
2452793.94745 17.5961  0.0401 6.82 1498.0  445.76  315.17
2452794.56633 17.5516  0.0300 6.97  808.0  445.76  315.17
2452796.85695 17.5628  0.0176 3.59  522.0  445.76  315.17
2452797.83363 17.5451  0.0178 3.91  525.0  445.76  315.17
2452809.63202 17.5870  0.0189 3.84  609.0  445.76  315.17
2452811.61563 17.5571  0.0256 7.11  456.0  445.76  315.17
2452813.56961 17.5426  0.0246 5.77  626.0  445.76  315.17
2452815.53702 17.5488  0.0231 5.29  626.0  445.76  315.17
2452817.60848 17.5367  0.0250 6.51  563.0  445.76  315.17
2452819.71686 17.5288  0.0190 4.37  553.0  445.76  315.17
2452821.77688 17.5473  0.0215 5.27  637.0  445.76  315.17
2452830.50750 17.5092  0.0397 6.08 2259.0  445.76  315.17
2452834.63810 17.5248  0.0312 3.73 2821.0  445.76  315.17
2452836.58992 17.4815  0.0216 3.82 1105.0  445.76  315.17
2452838.60268 17.4630  0.0170 3.70  619.0  445.76  315.17
2452840.62111 17.4462  0.0160 3.99  446.0  445.76  315.17
2452842.54122 17.4636  0.0167 4.30  625.0  445.76  315.17
2452844.57322 17.4701  0.0159 3.82  466.0  445.76  315.17
2452847.63318 17.4499  0.0240 5.88  746.0  445.76  315.17
2452851.49288 17.4155  0.0172 3.89  764.0  445.76  315.17
2452853.49816 17.4485  0.0177 4.35  635.0  445.76  315.17
2452855.59434 17.4360  0.0225 5.90  654.0  445.76  315.17
2452857.67975 17.4062  0.0195 4.59  768.0  445.76  315.17
2452861.56897 17.4205  0.0198 3.91  858.0  445.76  315.17
2452864.57922 17.3577  0.0202 5.05  805.0  445.76  315.17
2452867.49044 17.3692  0.0176 4.79  578.0  445.76  315.17
2452870.53260 17.3626  0.0191 4.66  643.0  445.76  315.17
2452870.57274 17.3546  0.0198 5.29  584.0  445.76  315.17
2452875.58126 17.3181  0.0160 4.95  453.0  445.76  315.17
2452879.50433 17.3049  0.0174 5.34  529.0  445.76  315.17
2452884.53373 17.2605  0.0166 4.07  687.0  445.76  315.17
2452888.54300 17.2351  0.0285 4.43 2879.0  445.76  315.17
2452894.48157 17.1630  0.0158 4.59  741.0  445.76  315.17
2452898.49937 17.1342  0.0174 4.98  830.0  445.76  315.17
2452905.52853 17.0589  0.0198 6.86  753.0  445.76  315.17
2452910.52530 17.0353  0.0149 4.72  717.0  445.76  315.17
2452915.55097 16.9469  0.0221 3.60 4002.0  445.76  315.17
2452923.54226 16.9006  0.0136 3.80 1224.0  445.76  315.17
2452935.53387 16.8465  0.0155 5.11  993.0  445.76  315.17
2453055.84182 17.5465  0.0192 4.53  660.0  445.76  315.17
2453057.85937 17.5105  0.0166 3.42  715.0  445.76  315.17
2453060.89001 17.5562  0.0173 4.00  563.0  445.76  315.17
2453066.88362 17.5504  0.0159 3.50  527.0  445.76  315.17
2453069.83622 17.5536  0.0188 4.40  634.0  445.76  315.17
2453071.84206 17.5234  0.0196 4.02  818.0  445.76  315.17
2453074.79123 17.5679  0.0200 4.29  852.0  445.76  315.17
2453076.86860 17.5501  0.0256 4.35 1430.0  445.76  315.17
2453080.88510 17.5478  0.0181 4.03  628.0  445.76  315.17
2453083.83499 17.5458  0.0168 3.55  481.0  445.76  315.17
2453085.78356 17.5809  0.0174 4.07  487.0  445.76  315.17
2453087.74420 17.5529  0.0228 5.89  543.0  445.76  315.17
2453089.73282 17.5680  0.0202 4.84  622.0  445.76  315.17
2453090.88475 17.5456  0.0170 4.10  414.0  445.76  315.17
2453092.80268 17.5744  0.0224 6.36  394.0  445.76  315.17
2453097.76547 17.5725  0.0242 5.66  712.0  445.76  315.17
2453098.72677 17.5803  0.0271 5.89  815.0  445.76  315.17
2453100.77040 17.5425  0.0175 3.57  732.0  445.76  315.17
2453102.75462 17.4974  0.0194 3.82  962.0  445.76  315.17
2453107.72883 17.5140  0.0178 4.08  559.0  445.76  315.17
2453108.72764 17.5534  0.0167 3.65  623.0  445.76  315.17
2453110.68987 17.5268  0.0234 4.85 1054.0  445.76  315.17
2453112.69273 17.5210  0.0185 4.90  569.0  445.76  315.17
2453113.73081 17.5248  0.0148 3.61  402.0  445.76  315.17
2453115.72984 17.5312  0.0200 5.17  555.0  445.76  315.17
2453116.77492 17.5019  0.0167 4.17  529.0  445.76  315.17
2453122.74443 17.4904  0.0210 5.79  491.0  445.76  315.17
2453124.92093 17.5139  0.0220 5.04  756.0  445.76  315.17
2453126.65987 17.4484  0.0172 4.63  618.0  445.76  315.17
2453127.66069 17.4695  0.0201 4.90  792.0  445.76  315.17
2453128.68035 17.4909  0.0180 3.51  822.0  445.76  315.17
2453129.65976 17.5057  0.0223 4.24 1006.0  445.76  315.17
2453130.65612 17.5153  0.0297 5.19 1500.0  445.76  315.17
2453134.62878 17.4954  0.0281 4.37 2166.0  445.76  315.17
2453135.69516 17.4629  0.0178 4.51  607.0  445.76  315.17
2453137.80254 17.5904  0.0197 4.40  919.0  445.76  315.17
2453139.69083 17.4686  0.0160 4.51  415.0  445.76  315.17
2453140.65437 17.4882  0.0176 4.10  580.0  445.76  315.17
2453141.74037 17.4617  0.0174 5.71  399.0  445.76  315.17
2453142.64123 17.4653  0.0167 4.86  466.0  445.76  315.17
2453144.64336 17.4930  0.0169 4.91  429.0  445.76  315.17
2453145.72197 17.5043  0.0206 6.14  402.0  445.76  315.17
2453147.81536 17.4978  0.0180 4.54  498.0  445.76  315.17
2453151.61069 17.4655  0.0197 5.57  561.0  445.76  315.17
2453152.61975 17.4807  0.0173 4.93  496.0  445.76  315.17
2453153.61954 17.4774  0.0182 4.73  639.0  445.76  315.17
2453154.69746 17.5035  0.0192 5.10  522.0  445.76  315.17
2453156.60179 17.5369  0.0238 5.40  832.0  445.76  315.17
2453158.64570 17.5049  0.0284 4.23 2045.0  445.76  315.17
2453162.66334 17.4915  0.0165 3.52  663.0  445.76  315.17
2453163.57451 17.5260  0.0205 5.61  472.0  445.76  315.17
2453164.57507 17.5111  0.0162 4.10  473.0  445.76  315.17
2453165.57468 17.5231  0.0206 5.44  532.0  445.76  315.17
2453166.78536 17.5395  0.0244 6.01  618.0  445.76  315.17
2453167.79544 17.5620  0.0190 4.78  503.0  445.76  315.17
2453168.61053 17.5206  0.0165 4.56  409.0  445.76  315.17
2453169.58058 17.6030  0.0178 4.08  581.0  445.76  315.17
2453170.67979 17.5608  0.0201 5.83  429.0  445.76  315.17
2453171.57398 17.5558  0.0163 3.83  482.0  445.76  315.17
2453172.58845 17.5360  0.0163 3.78  466.0  445.76  315.17
2453174.57482 17.5377  0.0167 3.66  688.0  445.76  315.17
2453174.89393 17.5516  0.0217 4.22 1034.0  445.76  315.17
2453175.56859 17.5225  0.0165 4.01  548.0  445.76  315.17
2453176.60199 17.5429  0.0197 5.06  456.0  445.76  315.17
2453178.63775 17.5478  0.0195 4.87  530.0  445.76  315.17
2453179.66207 17.5504  0.0158 4.18  384.0  445.76  315.17
2453180.53675 17.5670  0.0186 4.46  603.0  445.76  315.17
2453182.57113 17.5646  0.0205 5.45  494.0  445.76  315.17
2453183.54365 17.5628  0.0180 4.18  506.0  445.76  315.17
2453184.54767 17.5743  0.0181 4.15  562.0  445.76  315.17
2453185.57599 17.5643  0.0181 4.13  708.0  445.76  315.17
2453191.85327 17.5637  0.0261 5.67  949.0  445.76  315.17
2453193.72491 17.5789  0.0178 4.47  453.0  445.76  315.17
2453194.75124 17.6114  0.0230 5.16  618.0  445.76  315.17
2453195.50860 17.6134  0.0204 4.48  695.0  445.76  315.17
2453196.48109 17.5724  0.0267 5.68  880.0  445.76  315.17
2453197.71067 17.6086  0.0182 4.03  501.0  445.76  315.17
2453199.54299 17.6118  0.0241 6.73  452.0  445.76  315.17
2453202.49923 17.5851  0.0176 4.28  507.0  445.76  315.17
2453203.52413 17.5884  0.0154 3.20  477.0  445.76  315.17
2453204.80169 17.5872  0.0257 5.98  764.0  445.76  315.17
2453205.51568 17.5868  0.0158 3.67  431.0  445.76  315.17
2453206.49213 17.5831  0.0188 4.96  478.0  445.76  315.17
2453207.52747 17.5944  0.0236 6.92  428.0  445.76  315.17
2453210.73019 17.5780  0.0214 5.75  542.0  445.76  315.17
2453211.51492 17.5947  0.0199 5.25  461.0  445.76  315.17
2453217.52044 17.5962  0.0185 3.09 1048.0  445.76  315.17
2453218.51772 17.6182  0.0245 4.84  967.0  445.76  315.17
2453219.57823 17.5997  0.0290 6.57  681.0  445.76  315.17
2453224.63589 17.5829  0.0169 3.61  581.0  445.76  315.17
2453228.55438 17.6027  0.0181 4.72  407.0  445.76  315.17
2453230.52756 17.5770  0.0170 4.13  457.0  445.76  315.17
2453232.54639 17.6534  0.0267 6.97  478.0  445.76  315.17
2453239.60605 17.6023  0.0182 5.05  466.0  445.76  315.17
2453239.63319 17.5868  0.0209 5.97  472.0  445.76  315.17
2453240.66122 17.6567  0.0259 6.73  550.0  445.76  315.17
2453244.62257 17.6171  0.0356 4.58 2286.0  445.76  315.17
2453245.63828 17.6443  0.0263 5.90  777.0  445.76  315.17
2453246.52450 17.6119  0.0220 4.90  652.0  445.76  315.17
2453247.58809 17.5712  0.0205 4.26  702.0  445.76  315.17
2453250.51698 17.6143  0.0204 4.62  533.0  445.76  315.17
2453251.64559 17.6020  0.0220 6.01  520.0  445.76  315.17
2453254.51774 17.6335  0.0239 5.99  463.0  445.76  315.17
2453257.65333 17.5954  0.0221 5.73  593.0  445.76  315.17
2453266.53119 17.5678  0.0276 6.85  606.0  445.76  315.17
2453268.59928 17.6149  0.0254 4.24 1277.0  445.76  315.17
2453270.54818 17.6010  0.0330 4.85 1812.0  445.76  315.17
2453271.54742 17.6308  0.0253 5.41  771.0  445.76  315.17
2453279.53980 17.6089  0.0199 4.72  571.0  445.76  315.17
2453283.57527 17.6406  0.0162 4.02  399.0  445.76  315.17
2453291.53274 17.8304  0.0316 7.25  469.0  445.76  315.17
2453431.87487 17.6263  0.0189 4.35  579.0  445.76  315.17
2453438.87295 17.6580  0.0195 4.76  528.0  445.76  315.17
2453444.80968 17.6288  0.0159 4.03  491.0  445.76  315.17
2453446.83450 17.6647  0.0198 4.91  434.0  445.76  315.17
2453448.86442 17.5944  0.0151 3.58  436.0  445.76  315.17
2453450.86239 17.6253  0.0149 4.06  346.0  445.76  315.17
2453454.80992 17.6820  0.0311 6.68  875.0  445.76  315.17
2453456.81789 17.6002  0.0196 4.02  782.0  445.76  315.17
2453468.78859 17.6277  0.0170 4.19  478.0  445.76  315.17
2453470.76143 17.5992  0.0161 4.58  389.0  445.76  315.17
2453473.74239 17.6554  0.0187 4.93  420.0  445.76  315.17
2453475.76273 17.6234  0.0157 4.32  382.0  445.76  315.17
2453478.74570 17.6128  0.0169 4.74  358.0  445.76  315.17
2453480.79565 17.6308  0.0159 3.97  372.0  445.76  315.17
2453483.86084 17.5979  0.0188 3.91  713.0  445.76  315.17
2453496.67486 17.6238  0.0215 5.28  591.0  445.76  315.17
2453497.86463 17.6579  0.0203 4.70  584.0  445.76  315.17
2453499.68768 17.6481  0.0159 4.67  423.0  445.76  315.17
2453501.66392 17.6437  0.0205 5.28  605.0  445.76  315.17
2453502.83607 17.6397  0.0162 3.21  570.0  445.76  315.17
2453503.65305 17.6341  0.0163 4.46  480.0  445.76  315.17
2453504.65948 17.5853  0.0200 5.40  444.0  445.76  315.17
2453508.79101 17.6337  0.0181 4.62  450.0  445.76  315.17
2453509.88281 17.6279  0.0162 3.55  536.0  445.76  315.17
2453510.87008 17.5953  0.0156 3.49  489.0  445.76  315.17
2453511.90664 17.6283  0.0181 3.75  663.0  445.76  315.17
2453512.63337 17.6094  0.0246 5.36  874.0  445.76  315.17
2453520.91060 17.6739  0.0270 5.32  857.0  445.76  315.17
2453521.87447 17.6166  0.0201 4.15  713.0  445.76  315.17
2453522.61277 17.6410  0.0149 3.96  440.0  445.76  315.17
2453523.63128 17.6352  0.0171 4.41  371.0  445.76  315.17
2453524.60681 17.6720  0.0179 4.63  421.0  445.76  315.17
2453525.65014 17.6466  0.0164 4.27  373.0  445.76  315.17
2453527.62167 17.6800  0.0165 4.61  466.0  445.76  315.17
2453530.71459 17.6019  0.0128 2.99  383.0  445.76  315.17
2453538.59382 17.6779  0.0195 4.93  467.0  445.76  315.17
2453539.58668 17.6417  0.0211 4.63  768.0  445.76  315.17
2453547.52795 17.6818  0.0283 6.67  658.0  445.76  315.17
2453550.69812 17.6230  0.0142 3.47  431.0  445.76  315.17
2453551.72669 17.6320  0.0112 3.45  328.0  445.76  315.17
2453552.75782 17.6225  0.0188 4.75  479.0  445.76  315.17
2453553.61348 17.6067  0.0199 5.38  442.0  445.76  315.17
2453554.56255 17.6711  0.0264 6.13  591.0  445.76  315.17
2453556.57758 17.6201  0.0211 5.66  488.0  445.76  315.17
2453558.70804 17.6145  0.0161 4.32  345.0  445.76  315.17
2453560.49805 17.6898  0.0187 4.69  449.0  445.76  315.17
2453561.76460 17.6059  0.0147 3.53  396.0  445.76  315.17
2453562.75568 17.6256  0.0181 4.02  507.0  445.76  315.17
2453563.50913 17.5963  0.0179 4.90  446.0  445.76  315.17
2453573.49631 17.6669  0.0308 6.11  859.0  445.76  315.17
2453574.55409 17.6231  0.0202 4.54  573.0  445.76  315.17
2453575.50096 17.6174  0.0171 4.22  483.0  445.76  315.17
2453576.50199 17.6667  0.0188 4.57  467.0  445.76  315.17
2453577.55784 17.6352  0.0167 4.37  380.0  445.76  315.17
2453578.53044 17.6124  0.0139 3.50  310.0  445.76  315.17
2453579.48951 17.6378  0.0162 4.33  401.0  445.76  315.17
2453580.50040 17.6447  0.0177 4.22  512.0  445.76  315.17
2453581.53491 17.6225  0.0170 4.20  476.0  445.76  315.17
2453582.48884 17.6551  0.0179 4.00  520.0  445.76  315.17
2453583.53335 17.6513  0.0169 4.03  439.0  445.76  315.17
2453584.51956 17.6307  0.0160 4.08  386.0  445.76  315.17
2453585.51018 17.5832  0.0148 3.57  483.0  445.76  315.17
2453586.53439 17.6453  0.0151 3.15  436.0  445.76  315.17
2453587.62431 17.6507  0.0194 4.80  431.0  445.76  315.17
2453588.54666 17.6181  0.0166 4.56  444.0  445.76  315.17
2453589.51949 17.6228  0.0145 3.21  428.0  445.76  315.17
2453590.49971 17.6300  0.0155 3.71  427.0  445.76  315.17
2453591.53092 17.6149  0.0137 3.07  416.0  445.76  315.17
2453592.50763 17.6473  0.0167 3.34  563.0  445.76  315.17
2453593.57186 17.6289  0.0149 3.28  418.0  445.76  315.17
2453594.53297 17.6291  0.0178 4.29  453.0  445.76  315.17
2453600.50802 17.6040  0.0241 4.07 1386.0  445.76  315.17
2453601.61373 17.6370  0.0186 3.84  688.0  445.76  315.17
2453602.49598 17.6771  0.0219 4.28  769.0  445.76  315.17
2453603.49003 17.6529  0.0228 5.94  450.0  445.76  315.17
2453604.57661 17.6089  0.0207 4.87  567.0  445.76  315.17
2453606.58397 17.6679  0.0248 6.42  507.0  445.76  315.17
2453607.49417 17.6343  0.0162 3.52  558.0  445.76  315.17
2453608.49729 17.5977  0.0190 4.93  463.0  445.76  315.17
2453617.60333 17.6330  0.0190 5.29  412.0  445.76  315.17
2453621.54802 17.5838  0.0189 5.00  421.0  445.76  315.17
2453632.56964 17.6526  0.0227 4.54  836.0  445.76  315.17
2453635.55954 17.5736  0.0144 3.84  556.0  445.76  315.17
2453640.56557 17.6272  0.0189 5.19  456.0  445.76  315.17
2453644.56921 17.6082  0.0185 4.52  613.0  445.76  315.17
2453650.54088 17.5994  0.0185 4.28  606.0  445.76  315.17
2453773.87337 17.6179  0.0242 5.49  672.0  445.76  315.17
2453779.87851 17.5205  0.0251 4.94 1217.0  445.76  315.17
