2452127.49264 17.8264  0.0354 5.75 1067.0  192.36  324.19
2452130.52548 17.8384  0.0248 4.11  834.0  192.36  324.19
2452133.53959 17.8617  0.0258 4.28  818.0  192.36  324.19
2452136.66080 17.6977  0.0282 5.59  772.0  192.36  324.19
2452141.65157 17.7215  0.0322 5.52 1051.0  192.36  324.19
2452165.57403 17.8444  0.0335 5.84  894.0  192.36  324.19
2452171.64107 17.7908  0.0292 5.45  926.0  192.36  324.19
2452179.53142 17.7685  0.0351 5.48 1197.0  192.36  324.19
2452189.52642 17.7431  0.0369 5.92 1102.0  192.36  324.19
2452212.55151 17.8278  0.0406 5.64 1599.0  192.36  324.19
2452214.50881 17.7863  0.0448 5.69 1638.0  192.36  324.19
2452337.83855 17.8196  0.0256 3.61 1282.0  192.36  324.19
2452352.85604 17.8306  0.0284 4.73  940.0  192.36  324.19
2452361.85051 17.8247  0.0319 5.00 1088.0  192.36  324.19
2452373.80531 17.7975  0.0291 5.11  859.0  192.36  324.19
2452384.84115 17.8102  0.0226 3.42  930.0  192.36  324.19
2452388.84047 17.8073  0.0245 4.07  891.0  192.36  324.19
2452390.87877 17.8258  0.0326 4.52 1366.0  192.36  324.19
2452393.87268 17.8208  0.0378 4.76 1864.0  192.36  324.19
2452400.82005 17.7951  0.0235 4.00  883.0  192.36  324.19
2452402.92676 17.8966  0.0345 4.85 1173.0  192.36  324.19
2452406.86951 17.8368  0.0317 5.20  952.0  192.36  324.19
2452411.72756 17.8622  0.0269 4.88  820.0  192.36  324.19
2452415.90281 17.7498  0.0282 4.90 1131.0  192.36  324.19
2452417.87361 17.8070  0.0256 4.06 1094.0  192.36  324.19
2452425.90547 17.6384  0.0443 5.80 2586.0  192.36  324.19
2452428.88365 17.7260  0.0347 6.36  997.0  192.36  324.19
2452434.80022 17.8137  0.0235 3.86  901.0  192.36  324.19
2452436.84892 17.8095  0.0319 4.99 1061.0  192.36  324.19
2452438.83028 17.7938  0.0266 4.75  888.0  192.36  324.19
2452441.78511 17.7232  0.0226 4.15  901.0  192.36  324.19
2452445.70148 17.7390  0.0217 3.57  803.0  192.36  324.19
2452448.73852 17.7311  0.0455 3.87 4375.0  192.36  324.19
2452454.75937 17.7869  0.0274 4.07 1474.0  192.36  324.19
2452460.73247 17.7068  0.0320 6.30  878.0  192.36  324.19
2452463.61209 17.7810  0.0223 3.90  815.0  192.36  324.19
2452466.58608 17.7961  0.0232 4.00  787.0  192.36  324.19
2452468.77360 17.8081  0.0271 4.76  949.0  192.36  324.19
2452470.75755 17.7275  0.0245 4.95  741.0  192.36  324.19
2452472.79014 17.9320  0.0296 5.35  732.0  192.36  324.19
2452481.63002 17.6894  0.0333 6.19  959.0  192.36  324.19
2452484.69221 17.7203  0.0309 5.89  832.0  192.36  324.19
2452493.71270 17.6837  0.0265 5.50  819.0  192.36  324.19
2452496.55867 17.8220  0.0204 3.69  720.0  192.36  324.19
2452498.59676 17.8397  0.0195 3.19  769.0  192.36  324.19
2452500.62291 17.8026  0.0225 3.51  844.0  192.36  324.19
2452502.64108 17.7698  0.0273 4.48  958.0  192.36  324.19
2452510.53823 17.8926  0.0277 4.10 1020.0  192.36  324.19
2452516.50144 17.8201  0.0313 5.13  937.0  192.36  324.19
2452517.54832 17.8731  0.0383 6.00  953.0  192.36  324.19
2452520.65706 17.8171  0.0264 4.46  802.0  192.36  324.19
2452529.52356 17.8587  0.0273 4.10  965.0  192.36  324.19
2452538.57282 17.7812  0.0336 4.84 1192.0  192.36  324.19
2452542.56177 17.8856  0.0344 3.67 2073.0  192.36  324.19
2452548.52699 17.8605  0.0333 4.82  970.0  192.36  324.19
2452552.56361 17.7223  0.0304 5.22 1015.0  192.36  324.19
2452557.52859 17.7617  0.0282 4.49  961.0  192.36  324.19
2452561.52454 17.8006  0.0392 5.09 1576.0  192.36  324.19
2452568.55905 17.7505  0.0429 5.90 1745.0  192.36  324.19
2452708.87664 17.7816  0.0245 4.24  806.0  192.36  324.19
2452719.88282 17.8073  0.0257 3.77 1180.0  192.36  324.19
2452729.90836 17.7702  0.0285 4.92  984.0  192.36  324.19
2452734.88191 17.8264  0.0263 4.32  935.0  192.36  324.19
2452747.76627 17.7600  0.0374 5.81 1326.0  192.36  324.19
2452754.77630 17.8027  0.0254 4.42  860.0  192.36  324.19
2452757.84134 17.8536  0.0316 5.02 1107.0  192.36  324.19
2452763.79445 17.8245  0.0274 4.49  987.0  192.36  324.19
2452767.88675 17.7603  0.0384 6.18 1182.0  192.36  324.19
2452775.79219 17.7807  0.0448 6.25 1596.0  192.36  324.19
2452776.74712 17.7198  0.0645 6.65 3417.0  192.36  324.19
2452783.88124 17.8576  0.0249 3.78  953.0  192.36  324.19
2452785.74758 17.8869  0.0319 5.13  956.0  192.36  324.19
2452788.62706 17.7658  0.0256 3.93 1107.0  192.36  324.19
2452790.77342 17.8216  0.0286 4.96  861.0  192.36  324.19
2452793.70035 17.8192  0.0311 6.27  728.0  192.36  324.19
2452795.66008 17.8264  0.0238 4.54  734.0  192.36  324.19
2452797.67119 17.8116  0.0215 3.49  795.0  192.36  324.19
2452809.79129 17.7642  0.0291 4.53 1153.0  192.36  324.19
2452811.71174 17.8248  0.0329 5.23  985.0  192.36  324.19
2452812.84101 17.7793  0.0272 4.44  965.0  192.36  324.19
2452813.88477 17.7331  0.0296 4.68 1048.0  192.36  324.19
2452815.86552 17.7823  0.0317 4.99 1040.0  192.36  324.19
2452817.76399 17.7341  0.0260 4.68  867.0  192.36  324.19
2452819.67439 17.7688  0.0240 3.93  854.0  192.36  324.19
2452821.72355 17.7684  0.0242 3.70  912.0  192.36  324.19
2452830.69583 17.7468  0.0390 5.29 1934.0  192.36  324.19
2452835.70531 17.7457  0.0288 4.29 1138.0  192.36  324.19
2452837.71574 17.7139  0.0474 6.75 1595.0  192.36  324.19
2452837.72636 17.7381  0.0353 5.36 1280.0  192.36  324.19
2452839.77552 17.7498  0.0338 5.03 1083.0  192.36  324.19
2452841.79666 17.8844  0.0312 4.07 1051.0  192.36  324.19
2452843.72394 17.7365  0.0276 4.89  943.0  192.36  324.19
2452845.71360 17.7991  0.0269 4.38  767.0  192.36  324.19
2452857.52473 17.8021  0.0292 4.57 1034.0  192.36  324.19
2452871.70514 17.7637  0.0251 4.06  841.0  192.36  324.19
2452876.70616 17.7642  0.0308 5.31  835.0  192.36  324.19
2452879.67149 17.8202  0.0341 5.57  844.0  192.36  324.19
2452884.70266 17.8632  0.0356 5.64  910.0  192.36  324.19
2452893.57912 17.7847  0.0247 3.45 1132.0  192.36  324.19
2452894.68868 17.8213  0.0479 6.55 1339.0  192.36  324.19
2452900.52069 17.8008  0.0365 5.69  975.0  192.36  324.19
2452902.50765 17.6870  0.0359 6.04  985.0  192.36  324.19
2452902.56893 17.7646  0.0361 5.43 1112.0  192.36  324.19
2452911.48851 17.5104  0.0343 6.78  948.0  192.36  324.19
2452911.57467 17.7716  0.0268 4.02  958.0  192.36  324.19
2452915.50114 17.8113  0.0401 5.44 1637.0  192.36  324.19
2452916.53807 17.7735  0.0298 4.23 1158.0  192.36  324.19
2452918.51439 17.6571  0.0380 5.97 1184.0  192.36  324.19
2452918.61736 17.6976  0.0376 5.68 1302.0  192.36  324.19
2452920.53590 17.7542  0.0411 6.11 1286.0  192.36  324.19
2452923.53261 17.8001  0.0281 3.94 1218.0  192.36  324.19
2452925.51987 17.7806  0.0305 5.28 1017.0  192.36  324.19
2452928.53355 17.7843  0.0291 4.35 1000.0  192.36  324.19
2452931.57537 17.8420  0.0295 4.02 1045.0  192.36  324.19
2452941.53293 17.7601  0.0349 5.06 1334.0  192.36  324.19
2452943.51756 17.6359  0.0487 6.18 2269.0  192.36  324.19
2452945.52105 17.8638  0.0475 5.48 1647.0  192.36  324.19
2452946.53105 17.5186  0.0374 6.54 1429.0  192.36  324.19
2452947.50418 17.8732  0.0477 5.55 1683.0  192.36  324.19
2452949.52444 17.8106  0.0435 5.31 1663.0  192.36  324.19
2452952.51303 17.7063  0.0356 5.42 1259.0  192.36  324.19
2453052.88528 17.8124  0.0224 3.47 1079.0  192.36  324.19
2453059.87127 17.7945  0.0230 4.29  748.0  192.36  324.19
2453064.88260 17.7899  0.0217 3.67  883.0  192.36  324.19
2453068.83566 17.7655  0.0225 3.84  915.0  192.36  324.19
2453071.88823 17.7883  0.0267 4.30  970.0  192.36  324.19
2453073.89738 17.8206  0.0220 3.46  943.0  192.36  324.19
2453077.78752 17.7950  0.0520 6.30 3675.0  192.36  324.19
2453080.83666 17.8663  0.0263 3.95  981.0  192.36  324.19
2453083.78214 17.8162  0.0222 3.72  726.0  192.36  324.19
2453085.89478 17.8185  0.0219 4.20  680.0  192.36  324.19
2453087.82941 17.8168  0.0240 4.45  694.0  192.36  324.19
2453089.84616 17.8233  0.0201 3.75  709.0  192.36  324.19
2453091.84716 17.8816  0.0249 4.45  732.0  192.36  324.19
2453097.82977 17.7893  0.0219 4.13  759.0  192.36  324.19
2453099.85579 17.7932  0.0260 4.78  856.0  192.36  324.19
2453101.82508 17.8690  0.0298 4.64  966.0  192.36  324.19
2453102.85744 17.7598  0.0252 4.22  987.0  192.36  324.19
2453104.77304 17.7816  0.0470 3.40 4887.0  192.36  324.19
2453106.91961 17.7682  0.0285 4.27 1404.0  192.36  324.19
2453108.80978 17.7903  0.0209 3.65  781.0  192.36  324.19
2453109.92371 17.7797  0.0258 4.39 1021.0  192.36  324.19
2453110.89960 17.8526  0.0255 4.43  833.0  192.36  324.19
2453112.85658 17.8021  0.0246 5.29  677.0  192.36  324.19
2453114.85159 17.7716  0.0233 4.48  774.0  192.36  324.19
2453116.83917 17.8023  0.0272 4.90  844.0  192.36  324.19
2453122.84571 17.7867  0.0327 6.44  758.0  192.36  324.19
2453125.91211 17.8515  0.0339 5.65  875.0  192.36  324.19
2453126.80864 17.8115  0.0231 4.37  819.0  192.36  324.19
2453127.89468 17.7622  0.0262 4.69  828.0  192.36  324.19
2453128.88396 17.8041  0.0311 5.04 1094.0  192.36  324.19
2453130.76155 17.7342  0.0294 4.38 1281.0  192.36  324.19
2453131.62683 17.8217  0.0468 5.90 1749.0  192.36  324.19
2453134.89694 17.7133  0.0556 5.46 3494.0  192.36  324.19
2453135.78184 17.7918  0.0215 3.81  827.0  192.36  324.19
2453137.83266 17.7196  0.0309 6.15 1046.0  192.36  324.19
2453138.71898 17.7378  0.0253 4.49  815.0  192.36  324.19
2453140.69072 17.7835  0.0246 4.08  837.0  192.36  324.19
2453140.92453 17.8420  0.0282 5.00  791.0  192.36  324.19
2453141.75583 17.7777  0.0248 4.80  655.0  192.36  324.19
2453142.83011 17.7811  0.0247 4.82  832.0  192.36  324.19
2453144.84808 17.7982  0.0248 4.70  760.0  192.36  324.19
2453146.91449 17.8343  0.0257 4.51  712.0  192.36  324.19
2453147.93011 17.7233  0.0278 5.18  860.0  192.36  324.19
2453151.82208 17.8588  0.0369 6.95  721.0  192.36  324.19
2453152.82177 17.7459  0.0264 4.72  803.0  192.36  324.19
2453153.82032 17.8153  0.0309 5.45  867.0  192.36  324.19
2453154.91417 17.7491  0.0354 5.82 1074.0  192.36  324.19
2453157.89424 17.7906  0.0280 4.21 1077.0  192.36  324.19
2453158.70679 17.8288  0.0420 4.66 2348.0  192.36  324.19
2453162.85806 17.8063  0.0270 3.73 1092.0  192.36  324.19
2453163.82039 17.8871  0.0258 3.81  940.0  192.36  324.19
2453164.80613 17.7756  0.0256 4.58  796.0  192.36  324.19
2453164.91362 17.8905  0.0343 5.18  964.0  192.36  324.19
2453165.65940 17.8014  0.0199 3.75  673.0  192.36  324.19
2453167.66895 17.7625  0.0299 5.96  736.0  192.36  324.19
2453168.81925 17.8131  0.0233 4.07  797.0  192.36  324.19
2453169.84520 17.8032  0.0272 4.47  815.0  192.36  324.19
2453170.87472 17.7770  0.0221 3.72  822.0  192.36  324.19
2453171.72096 17.7408  0.0211 4.11  679.0  192.36  324.19
2453173.80646 17.7939  0.0268 4.82  829.0  192.36  324.19
2453174.77372 17.7746  0.0237 3.92  899.0  192.36  324.19
2453175.85466 17.9022  0.0289 4.18  932.0  192.36  324.19
2453177.83028 17.8206  0.0380 6.47  959.0  192.36  324.19
2453177.87045 17.7072  0.0360 6.73  963.0  192.36  324.19
2453178.73862 17.7434  0.0271 5.01  889.0  192.36  324.19
2453179.57316 17.8320  0.0268 4.63  797.0  192.36  324.19
2453179.87501 17.7879  0.0279 4.93  854.0  192.36  324.19
2453180.79155 17.8020  0.0215 4.10  617.0  192.36  324.19
2453182.85180 17.8082  0.0265 4.39  852.0  192.36  324.19
2453183.80760 17.7962  0.0388 6.79  833.0  192.36  324.19
2453184.80213 17.7459  0.0254 4.64  832.0  192.36  324.19
2453185.62111 17.8390  0.0225 3.47  859.0  192.36  324.19
2453193.61639 17.8408  0.0222 3.77  696.0  192.36  324.19
2453194.51607 17.7819  0.0281 4.34 1188.0  192.36  324.19
2453194.80682 17.7931  0.0255 4.40  788.0  192.36  324.19
2453195.73994 17.7936  0.0211 3.72  720.0  192.36  324.19
2453196.59282 17.7495  0.0247 4.56  799.0  192.36  324.19
2453196.83560 17.8298  0.0272 4.54  821.0  192.36  324.19
2453197.78129 17.8146  0.0260 4.33  827.0  192.36  324.19
2453199.77783 17.7419  0.0280 5.73  693.0  192.36  324.19
2453201.82500 17.7932  0.0278 5.27  773.0  192.36  324.19
2453202.77239 17.8638  0.0242 4.22  687.0  192.36  324.19
2453203.60153 17.8031  0.0194 3.61  643.0  192.36  324.19
2453204.74958 17.7782  0.0241 4.12  733.0  192.36  324.19
2453205.67988 17.7782  0.0211 4.35  582.0  192.36  324.19
2453206.78635 17.8722  0.0325 5.85  752.0  192.36  324.19
2453210.56345 17.8122  0.0322 6.32  904.0  192.36  324.19
2453211.74340 17.8616  0.0313 5.88  668.0  192.36  324.19
2453217.71929 17.8248  0.0299 4.23 1195.0  192.36  324.19
2453218.73029 17.6995  0.0346 5.58 1179.0  192.36  324.19
2453223.71933 17.7846  0.0304 5.41  819.0  192.36  324.19
2453224.76382 17.9204  0.0333 4.93  929.0  192.36  324.19
2453226.70093 17.5034  0.0282 6.80  705.0  192.36  324.19
2453228.68484 17.7414  0.0261 5.28  671.0  192.36  324.19
2453229.71559 17.7516  0.0265 5.28  690.0  192.36  324.19
2453230.73148 17.7836  0.0268 5.21  656.0  192.36  324.19
2453231.65872 17.7666  0.0336 6.16  797.0  192.36  324.19
2453238.68330 17.8597  0.0301 5.65  712.0  192.36  324.19
2453240.53246 17.8002  0.0241 4.31  802.0  192.36  324.19
2453241.71615 17.7616  0.0379 4.88 1769.0  192.36  324.19
2453245.64511 17.8028  0.0283 4.75  940.0  192.36  324.19
2453247.50641 17.8429  0.0263 3.89 1020.0  192.36  324.19
2453249.61883 17.8529  0.0310 4.76  862.0  192.36  324.19
2453251.52181 17.7548  0.0319 6.02  751.0  192.36  324.19
2453254.58523 17.5701  0.0331 7.38  724.0  192.36  324.19
2453254.60337 17.7818  0.0346 6.53  706.0  192.36  324.19
2453257.54135 17.8172  0.0211 4.03  644.0  192.36  324.19
2453260.58683 17.6014  0.0334 7.53  737.0  192.36  324.19
2453265.53978 17.8679  0.0298 5.21  739.0  192.36  324.19
2453267.59805 17.9096  0.0328 5.48  897.0  192.36  324.19
2453273.49303 17.6342  0.0359 6.16 1135.0  192.36  324.19
2453277.51639 17.7293  0.0295 5.13  974.0  192.36  324.19
2453280.51728 17.7111  0.0282 5.73  714.0  192.36  324.19
2453282.58800 17.8339  0.0203 4.04  454.0  192.36  324.19
2453289.52213 17.5703  0.0280 6.53  706.0  192.36  324.19
2453294.51743 17.6905  0.0253 5.96  549.0  192.36  324.19
2453296.51654 17.6334  0.0242 5.53  618.0  192.36  324.19
2453302.51368 17.7374  0.0347 6.06 1071.0  192.36  324.19
2453418.85647 17.8721  0.0242 3.98  806.0  192.36  324.19
2453423.88449 17.8861  0.0199 3.77  623.0  192.36  324.19
2453427.83821 17.7175  0.0253 4.59  950.0  192.36  324.19
2453430.82363 17.8293  0.0270 4.84  908.0  192.36  324.19
2453436.87024 17.7367  0.0278 5.67  720.0  192.36  324.19
2453443.84135 17.7465  0.0179 3.47  720.0  192.36  324.19
2453445.86984 17.8280  0.0193 3.42  675.0  192.36  324.19
2453447.91417 17.7690  0.0259 3.80 1182.0  192.36  324.19
2453450.79379 17.7976  0.0184 3.68  619.0  192.36  324.19
2453453.83722 17.7377  0.0249 4.23  946.0  192.36  324.19
2453455.90273 17.8457  0.0300 4.77 1021.0  192.36  324.19
2453458.87243 17.8084  0.0246 3.98  969.0  192.36  324.19
2453459.88767 17.7754  0.0242 4.09  937.0  192.36  324.19
2453468.87111 17.7533  0.0207 3.72  768.0  192.36  324.19
2453469.87383 17.8483  0.0209 3.59  700.0  192.36  324.19
2453472.85873 17.8070  0.0210 3.74  671.0  192.36  324.19
2453474.79238 17.7703  0.0295 5.69  673.0  192.36  324.19
2453476.76889 17.7900  0.0198 3.58  667.0  192.36  324.19
2453478.86428 17.8597  0.0235 3.91  685.0  192.36  324.19
2453480.87992 17.6937  0.0237 4.75  689.0  192.36  324.19
2453483.81316 17.8025  0.0225 3.59  861.0  192.36  324.19
2453496.90816 17.7552  0.0323 5.61 1001.0  192.36  324.19
2453497.89513 17.7345  0.0252 4.70  892.0  192.36  324.19
2453500.90419 17.7672  0.0261 4.43  820.0  192.36  324.19
2453502.88603 17.9082  0.0270 3.94  902.0  192.36  324.19
2453503.86558 17.9704  0.0263 4.26  739.0  192.36  324.19
2453506.92865 17.7440  0.0262 4.55  896.0  192.36  324.19
2453508.90602 17.9039  0.0397 6.01  954.0  192.36  324.19
2453509.88882 17.7714  0.0235 4.34  792.0  192.36  324.19
2453511.91239 17.7760  0.0216 3.52  912.0  192.36  324.19
2453512.89895 17.7981  0.0262 3.88 1151.0  192.36  324.19
2453520.66452 17.9214  0.0279 4.39  843.0  192.36  324.19
2453521.79522 17.8070  0.0273 4.46  878.0  192.36  324.19
2453522.86285 17.7373  0.0273 4.51  897.0  192.36  324.19
2453524.85412 17.8781  0.0260 3.85  865.0  192.36  324.19
2453527.63741 17.6554  0.0212 4.69  737.0  192.36  324.19
2453528.88175 17.7359  0.0255 4.52  886.0  192.36  324.19
2453529.92056 17.8513  0.0252 3.89  906.0  192.36  324.19
2453530.86006 17.8006  0.0208 3.67  689.0  192.36  324.19
2453530.89144 17.7881  0.0203 3.45  748.0  192.36  324.19
2453538.84960 17.7598  0.0229 4.20  817.0  192.36  324.19
2453541.88376 17.7350  0.0271 4.30 1175.0  192.36  324.19
2453544.88117 17.8089  0.0345 4.51 1590.0  192.36  324.19
2453547.84861 17.8586  0.0302 4.88  942.0  192.36  324.19
2453550.82541 17.8634  0.0226 3.56  901.0  192.36  324.19
2453551.83741 17.7467  0.0203 3.96  713.0  192.36  324.19
2453552.83279 17.7967  0.0288 5.10  837.0  192.36  324.19
2453553.84921 17.8036  0.0380 5.95 1102.0  192.36  324.19
2453554.86177 17.7784  0.0271 4.67  913.0  192.36  324.19
2453556.84383 17.7644  0.0339 6.11  860.0  192.36  324.19
2453558.62075 17.7384  0.0224 4.40  668.0  192.36  324.19
2453559.62914 17.7058  0.0215 4.63  644.0  192.36  324.19
2453560.70553 17.7304  0.0206 4.10  613.0  192.36  324.19
2453561.61274 17.7606  0.0218 3.85  719.0  192.36  324.19
2453562.66012 17.8022  0.0228 4.04  694.0  192.36  324.19
2453563.72478 17.7642  0.0223 4.31  711.0  192.36  324.19
2453569.65276 17.7268  0.0440 5.72 1914.0  192.36  324.19
2453573.78319 17.8594  0.0338 4.70 1216.0  192.36  324.19
2453574.75539 17.8515  0.0297 4.39 1009.0  192.36  324.19
2453575.69734 17.7548  0.0206 3.82  726.0  192.36  324.19
2453576.76398 17.8991  0.0322 5.42  783.0  192.36  324.19
2453578.73843 17.8196  0.0223 4.26  599.0  192.36  324.19
2453579.68698 17.7751  0.0213 4.48  587.0  192.36  324.19
2453580.72663 17.7248  0.0248 4.83  770.0  192.36  324.19
2453581.73649 17.7992  0.0313 5.95  673.0  192.36  324.19
2453582.68542 17.8002  0.0207 3.82  656.0  192.36  324.19
2453583.70361 17.7687  0.0223 4.36  686.0  192.36  324.19
2453584.70750 17.8200  0.0207 4.33  592.0  192.36  324.19
2453585.70614 17.7590  0.0182 3.80  522.0  192.36  324.19
2453586.76021 17.8644  0.0223 3.72  748.0  192.36  324.19
2453589.74962 17.7883  0.0282 5.34  744.0  192.36  324.19
2453590.74584 17.7958  0.0245 4.19  854.0  192.36  324.19
2453591.72745 17.8025  0.0205 3.69  665.0  192.36  324.19
2453592.69868 17.8236  0.0204 3.86  632.0  192.36  324.19
2453602.72243 17.7297  0.0302 4.64 1349.0  192.36  324.19
2453603.71741 17.8137  0.0293 5.07  878.0  192.36  324.19
2453607.70138 17.6630  0.0317 6.58  754.0  192.36  324.19
2453608.69401 17.7166  0.0212 4.10  693.0  192.36  324.19
2453615.65173 17.7640  0.0230 4.71  680.0  192.36  324.19
2453617.61334 17.7707  0.0288 5.69  723.0  192.36  324.19
2453619.61046 17.8011  0.0218 4.10  732.0  192.36  324.19
2453621.65213 17.7933  0.0249 4.42  701.0  192.36  324.19
2453629.53639 17.7249  0.0228 4.34  973.0  192.36  324.19
2453631.56527 17.8338  0.0325 4.32 1190.0  192.36  324.19
2453633.59022 17.7912  0.0353 5.87  997.0  192.36  324.19
2453640.52361 17.8478  0.0309 5.46  693.0  192.36  324.19
2453644.59942 17.7941  0.0256 4.45  875.0  192.36  324.19
2453649.57542 17.7240  0.0268 5.44  740.0  192.36  324.19
2453652.54937 17.7184  0.0328 4.37 1575.0  192.36  324.19
2453656.54217 17.6985  0.0280 3.99 1124.0  192.36  324.19
2453660.54635 17.7387  0.0294 4.07 1401.0  192.36  324.19
2453665.52914 17.7653  0.0301 4.67 1064.0  192.36  324.19
2453670.51476 17.7810  0.0420 7.05 1006.0  192.36  324.19
2453778.83898 17.1361  0.0191 4.62 1385.0  192.36  324.19
2453783.87785 17.0094  0.0111 3.39  856.0  192.36  324.19
2453785.88885 16.9996  0.0122 3.47  960.0  192.36  324.19
2453788.89285 16.9346  0.0136 3.85 1197.0  192.36  324.19
2453792.88301 16.9628  0.0109 3.69  728.0  192.36  324.19
2453794.88217 16.9979  0.0110 3.51  679.0  192.36  324.19
2453796.87393 17.0246  0.0135 4.64  712.0  192.36  324.19
2453797.87358 17.0213  0.0120 3.62  832.0  192.36  324.19
2453800.85466 17.0663  0.0165 5.55  757.0  192.36  324.19
2453802.80158 17.1079  0.0139 4.40  754.0  192.36  324.19
2453803.83417 17.1213  0.0137 3.45  934.0  192.36  324.19
2453804.88134 17.1607  0.0153 5.00  645.0  192.36  324.19
2453806.89384 17.1707  0.0133 4.10  695.0  192.36  324.19
2453808.87882 17.2408  0.0160 4.34  856.0  192.36  324.19
2453810.79480 17.1955  0.0161 4.17 1049.0  192.36  324.19
2453812.78097 17.2864  0.0186 4.68  954.0  192.36  324.19
2453814.77188 17.3004  0.0174 4.06 1074.0  192.36  324.19
2453818.83681 17.2883  0.0148 3.56  874.0  192.36  324.19
2453819.89625 17.3033  0.0133 3.77  657.0  192.36  324.19
2453820.88848 17.3137  0.0143 3.94  689.0  192.36  324.19
2453821.89985 17.3521  0.0150 4.14  683.0  192.36  324.19
2453822.91170 17.3211  0.0145 3.59  749.0  192.36  324.19
2453824.90671 17.3291  0.0203 5.62  766.0  192.36  324.19
2453825.89881 17.3631  0.0169 4.48  728.0  192.36  324.19
2453827.89794 17.3610  0.0141 3.84  634.0  192.36  324.19
2453828.91008 17.3382  0.0175 4.63  699.0  192.36  324.19
2453829.90596 17.3794  0.0148 3.73  672.0  192.36  324.19
2453830.87240 17.3846  0.0160 4.00  736.0  192.36  324.19
2453832.90017 17.4127  0.0182 4.93  685.0  192.36  324.19
2453833.88858 17.4112  0.0158 3.66  746.0  192.36  324.19
2453834.81375 17.4154  0.0149 3.62  642.0  192.36  324.19
2453835.86617 17.4234  0.0145 3.60  622.0  192.36  324.19
2453836.87564 17.3908  0.0160 3.97  752.0  192.36  324.19
2453837.85442 17.4226  0.0201 4.67  813.0  192.36  324.19
2453838.85856 17.4327  0.0191 4.42  824.0  192.36  324.19
2453839.87761 17.5266  0.0271 5.82  985.0  192.36  324.19
2453840.86161 17.4437  0.0178 3.98  888.0  192.36  324.19
2453841.84491 17.4555  0.0178 3.75  985.0  192.36  324.19
2453842.75882 17.4245  0.0211 4.18 1249.0  192.36  324.19
2453842.91983 17.3751  0.0300 4.34 2678.0  192.36  324.19
2453845.84883 17.3563  0.0199 4.83  840.0  192.36  324.19
2453846.71510 17.4376  0.0171 4.19  711.0  192.36  324.19
2453846.80557 17.4304  0.0178 4.49  679.0  192.36  324.19
2453846.85327 17.5035  0.0166 3.64  751.0  192.36  324.19
2453846.87629 17.4910  0.0164 3.80  736.0  192.36  324.19
2453847.75226 17.4341  0.0252 6.49  743.0  192.36  324.19
2453847.82054 17.4747  0.0218 5.05  764.0  192.36  324.19
2453847.89514 17.4508  0.0201 4.31  810.0  192.36  324.19
2453848.72298 17.4737  0.0221 5.73  659.0  192.36  324.19
2453848.86886 17.4032  0.0184 4.35  752.0  192.36  324.19
2453849.79450 17.4863  0.0180 4.33  699.0  192.36  324.19
2453849.89807 17.4156  0.0202 5.24  727.0  192.36  324.19
2453850.77485 17.4510  0.0183 4.34  751.0  192.36  324.19
2453850.81814 17.5032  0.0193 4.15  797.0  192.36  324.19
2453851.82444 17.4100  0.0198 5.15  694.0  192.36  324.19
2453852.81654 17.4193  0.0160 3.95  681.0  192.36  324.19
2453853.80577 17.4717  0.0146 3.61  622.0  192.36  324.19
2453856.79449 17.4872  0.0186 4.11  764.0  192.36  324.19
2453858.85849 17.4170  0.0197 5.40  652.0  192.36  324.19
2453859.90354 17.3957  0.0253 6.38  778.0  192.36  324.19
2453860.84985 17.5019  0.0233 5.47  772.0  192.36  324.19
2453861.86512 17.4805  0.0176 4.54  726.0  192.36  324.19
2453862.80831 17.4942  0.0149 3.36  755.0  192.36  324.19
2453863.78655 17.5279  0.0166 3.74  701.0  192.36  324.19
2453864.80999 17.5214  0.0156 3.64  657.0  192.36  324.19
2453865.77276 17.4952  0.0181 4.16  752.0  192.36  324.19
2453866.73792 17.5102  0.0163 3.49  713.0  192.36  324.19
2453867.74527 17.5021  0.0190 3.75  932.0  192.36  324.19
2453868.74068 17.5192  0.0229 4.22 1074.0  192.36  324.19
2453869.72240 17.4869  0.0222 4.30 1202.0  192.36  324.19
2453873.72588 17.5023  0.0182 3.96  819.0  192.36  324.19
2453874.77265 17.5665  0.0258 5.89  716.0  192.36  324.19
2453875.75451 17.5560  0.0155 3.50  654.0  192.36  324.19
2453877.71423 17.5583  0.0173 4.16  607.0  192.36  324.19
2453880.78102 17.5463  0.0178 4.23  676.0  192.36  324.19
2453881.78959 17.5342  0.0156 3.57  694.0  192.36  324.19
2453882.72454 17.4982  0.0195 4.95  661.0  192.36  324.19
2453883.77631 17.5060  0.0194 4.78  646.0  192.36  324.19
2453886.73703 17.5522  0.0199 4.98  668.0  192.36  324.19
2453887.71964 17.5342  0.0163 4.26  604.0  192.36  324.19
2453889.88139 17.5673  0.0188 3.97  854.0  192.36  324.19
2453891.56362 17.5285  0.0229 5.67  760.0  192.36  324.19
2453891.61303 17.4886  0.0248 6.12  731.0  192.36  324.19
2453891.63945 17.5501  0.0186 4.44  672.0  192.36  324.19
2453891.69591 17.5720  0.0192 4.52  647.0  192.36  324.19
2453891.76121 17.5174  0.0205 5.10  681.0  192.36  324.19
2453891.79042 17.5275  0.0227 5.53  707.0  192.36  324.19
2453891.84331 17.5188  0.0180 4.14  710.0  192.36  324.19
2453891.87263 17.4971  0.0193 4.39  721.0  192.36  324.19
2453891.89888 17.5495  0.0178 4.01  697.0  192.36  324.19
2453891.92840 17.4750  0.0227 5.51  788.0  192.36  324.19
2453892.55994 17.6036  0.0271 5.80  959.0  192.36  324.19
2453892.60171 17.6565  0.0285 5.43 1077.0  192.36  324.19
2453892.65472 17.5393  0.0184 4.31  817.0  192.36  324.19
2453892.70783 17.5819  0.0190 4.29  720.0  192.36  324.19
2453892.74826 17.5609  0.0171 4.12  663.0  192.36  324.19
2453892.77152 17.5322  0.0227 5.68  720.0  192.36  324.19
2453892.78801 17.5603  0.0187 4.58  675.0  192.36  324.19
2453892.79952 17.6424  0.0257 5.85  720.0  192.36  324.19
2453892.81086 17.5084  0.0206 5.42  704.0  192.36  324.19
2453892.81945 17.5754  0.0198 4.81  700.0  192.36  324.19
2453892.82926 17.5424  0.0182 4.47  714.0  192.36  324.19
2453892.83880 17.5636  0.0189 4.52  731.0  192.36  324.19
2453892.84727 17.5349  0.0163 4.05  714.0  192.36  324.19
2453892.85576 17.6550  0.0200 4.63  700.0  192.36  324.19
2453892.86425 17.5861  0.0191 4.81  655.0  192.36  324.19
2453892.87280 17.5642  0.0179 4.55  665.0  192.36  324.19
2453892.87876 17.4697  0.0186 4.74  732.0  192.36  324.19
2453892.88172 17.5152  0.0171 4.08  732.0  192.36  324.19
2453892.88890 17.5341  0.0224 5.27  763.0  192.36  324.19
2453892.89802 17.5617  0.0183 4.12  764.0  192.36  324.19
2453892.90654 17.5697  0.0175 3.83  763.0  192.36  324.19
2453892.91499 17.5306  0.0192 4.55  771.0  192.36  324.19
2453892.92344 17.5564  0.0225 5.07  811.0  192.36  324.19
2453892.93584 17.4814  0.0224 5.44  814.0  192.36  324.19
2453892.94431 17.4930  0.0209 4.60  991.0  192.36  324.19
2453892.95031 17.5251  0.0304 4.97 1757.0  192.36  324.19
2453893.56991 17.5763  0.0261 5.96  909.0  192.36  324.19
2453893.58569 17.5539  0.0202 4.75  836.0  192.36  324.19
2453893.59690 17.5730  0.0240 5.60  849.0  192.36  324.19
2453893.61014 17.5164  0.0208 5.14  781.0  192.36  324.19
2453893.62494 17.4798  0.0181 4.56  746.0  192.36  324.19
2453893.63634 17.4942  0.0242 6.17  728.0  192.36  324.19
2453893.64795 17.4956  0.0169 4.25  680.0  192.36  324.19
2453893.65940 17.5257  0.0195 5.04  682.0  192.36  324.19
2453893.67057 17.6064  0.0184 4.26  639.0  192.36  324.19
2453893.68608 17.5576  0.0213 5.20  648.0  192.36  324.19
2453893.70033 17.5065  0.0233 6.09  646.0  192.36  324.19
2453893.71440 17.4985  0.0254 6.57  652.0  192.36  324.19
2453893.73205 17.4406  0.0248 6.78  650.0  192.36  324.19
2453893.74617 17.4804  0.0243 6.42  663.0  192.36  324.19
2453893.75753 17.5079  0.0269 6.77  693.0  192.36  324.19
2453893.76808 17.3973  0.0261 6.99  734.0  192.36  324.19
2453893.77947 17.4976  0.0231 5.68  758.0  192.36  324.19
2453893.78808 17.5208  0.0262 6.24  744.0  192.36  324.19
2453893.79661 17.5240  0.0210 5.15  731.0  192.36  324.19
2453893.80245 17.5547  0.0263 6.27  742.0  192.36  324.19
2453893.80847 17.4500  0.0225 5.74  747.0  192.36  324.19
2453893.81415 17.5482  0.0230 5.36  741.0  192.36  324.19
2453893.82352 17.4941  0.0216 5.46  714.0  192.36  324.19
2453893.83208 17.6285  0.0285 6.27  732.0  192.36  324.19
2453893.84058 17.5168  0.0250 6.01  742.0  192.36  324.19
2453893.85486 17.5999  0.0266 5.82  790.0  192.36  324.19
2453893.86397 17.5465  0.0224 4.99  767.0  192.36  324.19
2453893.87241 17.5735  0.0248 5.61  768.0  192.36  324.19
2453893.88944 17.5447  0.0222 5.00  796.0  192.36  324.19
2453893.89846 17.5291  0.0203 4.49  802.0  192.36  324.19
2453893.90467 17.4411  0.0255 6.11  849.0  192.36  324.19
2453893.91353 17.5668  0.0248 5.37  870.0  192.36  324.19
2453893.92196 17.5008  0.0275 6.41  880.0  192.36  324.19
2453893.93125 17.5763  0.0281 6.00  901.0  192.36  324.19
2453894.62941 17.4821  0.0237 6.10  676.0  192.36  324.19
2453894.71865 17.5796  0.0206 5.07  637.0  192.36  324.19
2453894.75976 17.4774  0.0222 5.80  679.0  192.36  324.19
2453894.79842 17.4829  0.0231 5.94  711.0  192.36  324.19
2453894.81652 17.4582  0.0226 5.76  747.0  192.36  324.19
2453894.84943 17.5439  0.0248 6.19  674.0  192.36  324.19
2453894.88216 17.5721  0.0230 5.26  671.0  192.36  324.19
2453896.56699 17.5479  0.0321 6.50 1231.0  192.36  324.19
2453896.76695 17.5879  0.0240 5.16  982.0  192.36  324.19
2453896.81567 17.4773  0.0326 7.13 1078.0  192.36  324.19
2453900.66370 17.5888  0.0276 4.07 2007.0  192.36  324.19
2453901.66924 17.5808  0.0207 4.62  752.0  192.36  324.19
2453902.68675 17.5462  0.0174 3.97  718.0  192.36  324.19
2453903.82755 17.5081  0.0191 4.57  723.0  192.36  324.19
2453904.66661 17.5410  0.0150 3.49  655.0  192.36  324.19
2453905.67729 17.5269  0.0159 3.66  624.0  192.36  324.19
2453906.65513 17.5421  0.0180 4.06  732.0  192.36  324.19
2453907.72116 17.5455  0.0239 5.68  730.0  192.36  324.19
2453908.66105 17.5642  0.0157 3.46  718.0  192.36  324.19
2453909.65918 17.5070  0.0139 3.50  547.0  192.36  324.19
2453912.66327 17.5324  0.0134 3.36  584.0  192.36  324.19
2453913.66345 17.5444  0.0156 3.89  587.0  192.36  324.19
2453914.71120 17.4664  0.0145 4.40  560.0  192.36  324.19
2453915.66035 17.5511  0.0170 4.45  574.0  192.36  324.19
2453916.74209 17.5325  0.0256 6.66  707.0  192.36  324.19
2453917.75925 17.5348  0.0199 5.06  691.0  192.36  324.19
2453918.75957 17.5474  0.0184 4.91  631.0  192.36  324.19
2453919.68974 17.4941  0.0157 4.20  621.0  192.36  324.19
2453920.64343 17.5416  0.0212 4.97  641.0  192.36  324.19
2453921.65189 17.5188  0.0244 5.65  735.0  192.36  324.19
2453930.71353 17.5792  0.0199 3.85  943.0  192.36  324.19
2453931.62970 17.5851  0.0193 4.19  781.0  192.36  324.19
2453932.59358 17.5418  0.0153 3.68  718.0  192.36  324.19
2453933.64044 17.6210  0.0145 3.45  582.0  192.36  324.19
2453934.60747 17.5492  0.0153 3.50  666.0  192.36  324.19
2453934.81265 17.5782  0.0226 5.15  755.0  192.36  324.19
2453935.58848 17.5473  0.0168 3.97  625.0  192.36  324.19
2453936.57355 17.5360  0.0184 4.39  680.0  192.36  324.19
2453937.65232 17.5905  0.0199 4.54  701.0  192.36  324.19
2453938.61780 17.5609  0.0172 4.20  630.0  192.36  324.19
2453940.75860 17.5600  0.0151 3.87  556.0  192.36  324.19
2453944.71363 17.5926  0.0168 4.13  591.0  192.36  324.19
2453945.64988 17.5548  0.0192 4.67  721.0  192.36  324.19
2453946.64570 17.5667  0.0192 5.06  608.0  192.36  324.19
2453950.66124 17.5485  0.0175 4.55  613.0  192.36  324.19
2453951.67204 17.7073  0.0389 5.50 1805.0  192.36  324.19
2453957.72126 17.6135  0.0321 6.52 1027.0  192.36  324.19
2453959.63284 17.5117  0.0190 4.83  716.0  192.36  324.19
2453960.62396 17.5512  0.0172 4.34  654.0  192.36  324.19
2453963.62937 17.6126  0.0182 4.20  641.0  192.36  324.19
2453964.66553 17.6091  0.0170 3.96  574.0  192.36  324.19
2453965.64038 17.5442  0.0151 3.43  596.0  192.36  324.19
2453966.63486 17.6051  0.0194 4.45  640.0  192.36  324.19
2453967.65827 17.5379  0.0177 4.48  553.0  192.36  324.19
2453968.61778 17.5319  0.0193 4.58  631.0  192.36  324.19
2453969.62825 17.5940  0.0231 5.51  625.0  192.36  324.19
2453970.63501 17.5932  0.0209 4.82  582.0  192.36  324.19
2453971.66637 17.5926  0.0178 3.82  615.0  192.36  324.19
2453973.69459 17.5440  0.0214 5.52  621.0  192.36  324.19
2453974.63214 17.5980  0.0197 4.90  609.0  192.36  324.19
2453975.62468 17.5684  0.0179 4.32  659.0  192.36  324.19
2453976.61864 17.6187  0.0210 4.79  715.0  192.36  324.19
2453979.65381 17.6509  0.0261 5.63  716.0  192.36  324.19
2453982.68651 17.5085  0.0334 6.41 1397.0  192.36  324.19
2453986.66715 17.6819  0.0295 5.56  978.0  192.36  324.19
2453987.61592 17.5942  0.0176 3.57  825.0  192.36  324.19
2453988.64806 17.6368  0.0183 3.77  861.0  192.36  324.19
2453989.56620 17.6777  0.0255 5.26  720.0  192.36  324.19
2453991.56760 17.6435  0.0271 6.05  699.0  192.36  324.19
2453995.51543 17.6026  0.0209 5.25  687.0  192.36  324.19
2454001.58578 17.6775  0.0205 3.93  758.0  192.36  324.19
2454002.62140 17.6300  0.0209 5.05  696.0  192.36  324.19
2454003.57586 17.6068  0.0157 3.32  738.0  192.36  324.19
2454011.55918 17.6497  0.0287 5.69  878.0  192.36  324.19
2454015.58814 17.6992  0.0305 4.99 1148.0  192.36  324.19
2454017.56182 17.6706  0.0234 3.76 1150.0  192.36  324.19
2454019.56318 17.7912  0.0280 4.78  844.0  192.36  324.19
2454021.58609 17.8522  0.0322 4.78 1029.0  192.36  324.19
2454025.50433 17.7552  0.0258 4.95  908.0  192.36  324.19
2454027.51210 17.7401  0.0273 5.16  832.0  192.36  324.19
2454029.55363 17.7074  0.0320 5.91  891.0  192.36  324.19
2454151.89462 17.8395  0.0389 5.33 1376.0  192.36  324.19
2454155.85862 17.7982  0.0290 4.46  888.0  192.36  324.19
2454158.82038 17.8470  0.0315 4.52 1128.0  192.36  324.19
2454160.87996 17.8488  0.0408 6.34  964.0  192.36  324.19
2454162.87113 17.8766  0.0373 5.32 1142.0  192.36  324.19
2454165.85556 17.7674  0.0360 5.04 1489.0  192.36  324.19
2454167.84848 17.8792  0.0429 6.04 1172.0  192.36  324.19
2454169.85083 17.8360  0.0295 4.25 1047.0  192.36  324.19
2454174.86490 17.7997  0.0288 4.75  931.0  192.36  324.19
2454176.84219 17.8315  0.0268 3.97  957.0  192.36  324.19
2454177.89909 17.8270  0.0273 4.70  746.0  192.36  324.19
2454179.79339 17.8395  0.0304 5.07  877.0  192.36  324.19
2454180.84536 17.7733  0.0359 6.62  849.0  192.36  324.19
2454182.77029 17.8450  0.0262 4.33  811.0  192.36  324.19
2454183.80723 17.8016  0.0294 5.11  810.0  192.36  324.19
2454185.78299 17.8625  0.0316 5.48  820.0  192.36  324.19
2454190.88106 17.8326  0.0264 4.63  806.0  192.36  324.19
2454192.88525 17.8734  0.0286 4.52  874.0  192.36  324.19
2454193.89627 17.8550  0.0295 4.68  953.0  192.36  324.19
2454196.87591 17.8390  0.0271 4.17  959.0  192.36  324.19
2454202.88754 17.8302  0.0245 4.16  802.0  192.36  324.19
2454203.87569 17.8258  0.0234 3.87  857.0  192.36  324.19
2454204.88251 17.8148  0.0247 4.10  840.0  192.36  324.19
2454205.87133 17.8303  0.0249 4.28  787.0  192.36  324.19
2454207.89526 17.8114  0.0233 3.84  817.0  192.36  324.19
2454208.90472 17.7524  0.0274 4.86  855.0  192.36  324.19
2454213.87616 17.8619  0.0229 3.75  800.0  192.36  324.19
2454215.91036 17.8470  0.0270 4.63  829.0  192.36  324.19
2454216.83484 17.8001  0.0260 4.71  784.0  192.36  324.19
2454217.85713 17.8021  0.0199 3.39  760.0  192.36  324.19
2454218.90146 17.8143  0.0231 3.89  816.0  192.36  324.19
2454220.88284 17.7627  0.0320 5.26 1018.0  192.36  324.19
2454222.84532 17.8238  0.0278 4.38 1037.0  192.36  324.19
2454228.84926 17.7844  0.0312 5.36 1084.0  192.36  324.19
2454229.81471 17.8544  0.0276 4.34 1000.0  192.36  324.19
2454230.79584 17.8569  0.0236 3.88  814.0  192.36  324.19
2454231.83814 17.7719  0.0250 4.30  899.0  192.36  324.19
2454232.85909 17.8072  0.0407 6.57 1019.0  192.36  324.19
2454234.79379 17.8170  0.0236 3.98  851.0  192.36  324.19
2454234.83126 17.7888  0.0228 3.73  901.0  192.36  324.19
2454235.81766 17.7878  0.0236 4.00  823.0  192.36  324.19
2454237.63453 17.7948  0.0369 6.46  918.0  192.36  324.19
2454238.82223 17.8354  0.0339 5.55  951.0  192.36  324.19
2454240.61593 17.7810  0.0365 6.25 1031.0  192.36  324.19
2454243.86855 17.8801  0.0348 5.81  913.0  192.36  324.19
2454244.87526 17.7584  0.0277 4.87  975.0  192.36  324.19
2454245.90971 17.8077  0.0292 5.22  854.0  192.36  324.19
2454246.92260 17.8216  0.0326 5.02 1052.0  192.36  324.19
2454247.57968 17.7764  0.0242 6.12  447.0  192.36  324.19
2454250.90891 17.7768  0.0353 5.32 1340.0  192.36  324.19
2454256.80725 17.7974  0.0334 5.59 1047.0  192.36  324.19
2454257.69115 17.8527  0.0337 5.71  862.0  192.36  324.19
2454258.79426 17.8338  0.0305 5.10  941.0  192.36  324.19
2454268.57531 17.8051  0.0347 6.17  872.0  192.36  324.19
2454269.71511 17.8068  0.0236 4.28  709.0  192.36  324.19
2454272.63695 17.8435  0.0239 4.07  815.0  192.36  324.19
2454273.68439 17.7436  0.0273 4.80  889.0  192.36  324.19
2454274.66824 17.8442  0.0295 4.79  956.0  192.36  324.19
2454275.72502 17.7564  0.0274 4.61 1026.0  192.36  324.19
2454277.56591 17.8109  0.0384 6.05 1056.0  192.36  324.19
2454278.69899 17.8281  0.0325 5.46  914.0  192.36  324.19
2454283.64600 17.8021  0.0265 3.86 1176.0  192.36  324.19
2454284.62746 17.7843  0.0299 4.18 1167.0  192.36  324.19
2454285.63443 17.8210  0.0357 5.48 1076.0  192.36  324.19
2454286.72817 17.7161  0.0463 6.43 1883.0  192.36  324.19
2454289.67790 17.7951  0.0375 6.21  970.0  192.36  324.19
2454290.75709 17.6467  0.0298 5.99  789.0  192.36  324.19
2454291.75529 17.7899  0.0298 5.53  786.0  192.36  324.19
2454292.61284 17.8574  0.0247 4.25  772.0  192.36  324.19
2454293.64058 17.8013  0.0214 3.81  716.0  192.36  324.19
2454294.68184 17.8271  0.0241 4.44  709.0  192.36  324.19
2454295.64185 17.8337  0.0233 4.63  608.0  192.36  324.19
2454296.62102 17.8140  0.0235 4.45  663.0  192.36  324.19
2454297.55254 17.8386  0.0233 3.92  733.0  192.36  324.19
2454298.78340 17.7933  0.0353 6.43  831.0  192.36  324.19
2454299.75421 17.7715  0.0213 4.43  653.0  192.36  324.19
2454300.68421 17.7739  0.0264 5.11  668.0  192.36  324.19
2454301.55350 17.8298  0.0248 4.34  869.0  192.36  324.19
2454302.78742 17.7236  0.0304 6.36  717.0  192.36  324.19
2454306.54448 17.8127  0.0371 6.08 1022.0  192.36  324.19
2454307.56495 17.8123  0.0256 3.78 1068.0  192.36  324.19
2454311.58698 17.7999  0.0335 4.67 1472.0  192.36  324.19
2454312.65423 17.8585  0.0277 4.58 1098.0  192.36  324.19
2454317.64131 17.7488  0.0269 5.29  758.0  192.36  324.19
2454319.65029 17.8049  0.0288 5.18  817.0  192.36  324.19
2454326.65949 17.7490  0.0290 6.06  745.0  192.36  324.19
2454327.69448 17.8420  0.0334 5.66  839.0  192.36  324.19
2454328.62925 17.8328  0.0277 4.79  736.0  192.36  324.19
2454329.62066 17.8483  0.0318 5.36  804.0  192.36  324.19
2454330.63389 17.7889  0.0242 4.26  751.0  192.36  324.19
2454331.62930 17.8221  0.0278 5.15  703.0  192.36  324.19
2454332.68398 17.7949  0.0270 4.50  941.0  192.36  324.19
2454333.63312 17.7616  0.0333 6.00  887.0  192.36  324.19
2454334.64657 17.7252  0.0398 4.98 2046.0  192.36  324.19
2454338.66618 17.8569  0.0391 5.11 1437.0  192.36  324.19
2454339.63617 17.8117  0.0309 4.72 1190.0  192.36  324.19
2454340.69934 17.8901  0.0383 4.57 1671.0  192.36  324.19
2454341.67691 17.6126  0.0383 6.33 1371.0  192.36  324.19
2454342.67723 17.7640  0.0330 5.87 1008.0  192.36  324.19
2454343.64705 17.7778  0.0258 4.33  963.0  192.36  324.19
2454345.64690 17.8670  0.0361 5.56 1079.0  192.36  324.19
2454346.65206 17.6718  0.0356 6.67  949.0  192.36  324.19
2454347.66621 17.8310  0.0274 4.78  843.0  192.36  324.19
2454348.65230 17.8043  0.0276 4.94  823.0  192.36  324.19
2454349.64122 17.8146  0.0249 4.61  717.0  192.36  324.19
2454350.66581 17.8032  0.0263 4.73  823.0  192.36  324.19
2454351.63668 17.7929  0.0265 4.97  766.0  192.36  324.19
2454354.64540 17.7856  0.0321 5.88  844.0  192.36  324.19
2454357.58348 17.7089  0.0346 6.41  887.0  192.36  324.19
2454359.55225 17.7121  0.0332 6.43  874.0  192.36  324.19
2454365.59843 17.7855  0.0383 5.62 1364.0  192.36  324.19
2454368.60145 17.7628  0.0404 6.22 1213.0  192.36  324.19
2454370.55708 17.7835  0.0238 3.74 1134.0  192.36  324.19
2454372.58990 17.7766  0.0261 4.18 1015.0  192.36  324.19
2454377.55063 17.7888  0.0295 5.06  959.0  192.36  324.19
2454381.59301 17.6661  0.0352 5.69 1351.0  192.36  324.19
2454515.89415 17.8913  0.0376 5.68 1004.0  192.36  324.19
2454520.87316 17.9173  0.0397 5.92  997.0  192.36  324.19
2454523.85670 17.7258  0.0374 6.03 1075.0  192.36  324.19
2454525.85142 17.7698  0.0415 4.03 2753.0  192.36  324.19
2454532.87629 17.8382  0.0275 4.95  780.0  192.36  324.19
2454534.90067 17.8799  0.0354 6.10  777.0  192.36  324.19
2454536.91052 17.8515  0.0373 4.80 1491.0  192.36  324.19
2454537.79173 17.8493  0.0357 6.19  809.0  192.36  324.19
2454538.90513 17.8161  0.0292 4.42 1009.0  192.36  324.19
2454539.79651 17.8773  0.0287 4.70  841.0  192.36  324.19
2454541.82839 17.8768  0.0345 6.05  774.0  192.36  324.19
2454543.81809 17.7839  0.0245 4.74  758.0  192.36  324.19
2454544.81498 17.7447  0.0296 5.40  939.0  192.36  324.19
2454545.83249 17.8186  0.0280 4.52  954.0  192.36  324.19
2454547.80632 17.8145  0.0283 4.58 1062.0  192.36  324.19
2454550.80534 17.8622  0.0371 6.00  938.0  192.36  324.19
2454552.79539 17.8169  0.0360 5.00 1354.0  192.36  324.19
2454556.88713 17.8116  0.0217 3.81  746.0  192.36  324.19
2454557.91279 17.8009  0.0234 4.51  806.0  192.36  324.19
2454558.87930 17.7835  0.0266 4.84  766.0  192.36  324.19
2454559.87723 17.7862  0.0239 4.42  712.0  192.36  324.19
2454560.87740 17.8061  0.0206 3.55  668.0  192.36  324.19
2454561.86646 17.7869  0.0197 3.66  701.0  192.36  324.19
2454564.87058 17.7910  0.0199 3.93  647.0  192.36  324.19
2454565.86027 17.7774  0.0181 3.26  692.0  192.36  324.19
2454566.86148 17.7497  0.0206 3.91  720.0  192.36  324.19
2454567.86705 17.8370  0.0220 3.87  716.0  192.36  324.19
2454568.89900 17.7979  0.0242 4.39  912.0  192.36  324.19
2454569.88223 17.8841  0.0247 4.11  740.0  192.36  324.19
2454570.89077 17.8413  0.0244 4.20  796.0  192.36  324.19
2454571.85247 17.8723  0.0227 3.90  725.0  192.36  324.19
2454572.89085 17.8671  0.0329 5.29  830.0  192.36  324.19
2454573.86609 17.8333  0.0203 3.48  697.0  192.36  324.19
2454574.87463 17.7818  0.0267 4.61  900.0  192.36  324.19
2454575.88264 17.8052  0.0226 3.45  933.0  192.36  324.19
2454583.77483 17.7797  0.0392 5.07 1743.0  192.36  324.19
2454585.83584 17.8659  0.0259 4.34  803.0  192.36  324.19
2454586.85864 17.8672  0.0264 4.28  862.0  192.36  324.19
2454587.87053 17.7160  0.0319 6.06  847.0  192.36  324.19
2454588.76070 17.8645  0.0268 4.48  781.0  192.36  324.19
2454589.73009 17.7527  0.0267 5.04  793.0  192.36  324.19
2454590.80974 17.8358  0.0279 4.82  801.0  192.36  324.19
2454591.72256 17.8305  0.0253 4.22  918.0  192.36  324.19
2454592.79611 17.8038  0.0285 4.23 1065.0  192.36  324.19
2454593.78156 17.8631  0.0274 4.77  789.0  192.36  324.19
2454594.80991 17.7956  0.0235 4.29  776.0  192.36  324.19
2454595.80073 17.8449  0.0236 4.19  732.0  192.36  324.19
2454596.75640 17.8512  0.0230 4.16  686.0  192.36  324.19
2454597.81820 17.8684  0.0262 4.30  809.0  192.36  324.19
2454598.78774 17.8082  0.0197 3.65  642.0  192.36  324.19
2454599.76696 17.8887  0.0237 4.37  686.0  192.36  324.19
2454600.78934 17.7977  0.0190 3.49  647.0  192.36  324.19
2454601.77792 17.8271  0.0213 3.78  707.0  192.36  324.19
2454602.78159 17.8610  0.0212 3.47  796.0  192.36  324.19
2454606.83528 17.8658  0.0258 3.54 1155.0  192.36  324.19
2454611.75902 17.8450  0.0288 4.23 1031.0  192.36  324.19
2454616.75119 17.7946  0.0218 4.03  707.0  192.36  324.19
2454616.93346 17.8283  0.0361 5.57 1175.0  192.36  324.19
2454617.93551 17.7440  0.0371 6.12 1149.0  192.36  324.19
2454618.65557 17.8217  0.0277 4.92  823.0  192.36  324.19
2454622.73428 17.8217  0.0279 5.12  789.0  192.36  324.19
2454623.80734 17.8479  0.0321 5.38  883.0  192.36  324.19
2454624.74608 17.8068  0.0281 4.65  876.0  192.36  324.19
2454625.72906 17.7800  0.0279 4.71  822.0  192.36  324.19
2454626.79113 17.8089  0.0310 5.67  729.0  192.36  324.19
2454627.70838 17.8048  0.0229 4.29  647.0  192.36  324.19
2454628.69722 17.7740  0.0243 4.70  793.0  192.36  324.19
2454629.76675 17.8556  0.0217 3.39  745.0  192.36  324.19
2454630.70592 17.8414  0.0239 4.02  805.0  192.36  324.19
2454631.72119 17.8130  0.0199 3.50  709.0  192.36  324.19
2454632.75564 17.8096  0.0239 4.04  838.0  192.36  324.19
2454633.89110 17.7607  0.0339 4.89 1620.0  192.36  324.19
2454639.84375 17.7363  0.0480 6.54 1755.0  192.36  324.19
2454640.84821 17.8647  0.0425 6.14 1239.0  192.36  324.19
2454641.88578 17.8249  0.0392 5.98 1260.0  192.36  324.19
2454642.53163 17.8284  0.0336 5.08 1188.0  192.36  324.19
2454643.68802 17.8464  0.0265 4.71  727.0  192.36  324.19
2454644.77814 17.8160  0.0250 4.10  776.0  192.36  324.19
2454645.69045 17.7916  0.0249 4.15  754.0  192.36  324.19
2454646.65772 17.7839  0.0201 3.55  691.0  192.36  324.19
2454647.67912 17.8318  0.0257 4.13  858.0  192.36  324.19
2454649.66422 17.8575  0.0272 4.65  753.0  192.36  324.19
2454650.70224 17.8015  0.0237 3.89  804.0  192.36  324.19
2454652.63544 17.8067  0.0261 4.26  872.0  192.36  324.19
2454653.63041 17.8578  0.0257 4.19  830.0  192.36  324.19
2454654.66744 17.8970  0.0315 5.04  814.0  192.36  324.19
2454655.63866 17.8567  0.0255 4.27  835.0  192.36  324.19
2454656.63478 17.8293  0.0266 3.91  904.0  192.36  324.19
2454658.79201 17.7636  0.0326 5.56  967.0  192.36  324.19
2454661.62443 17.8249  0.0226 3.51  924.0  192.36  324.19
2454666.49566 17.8578  0.0387 5.46 1420.0  192.36  324.19
2454670.72714 17.8021  0.0303 5.21  871.0  192.36  324.19
2454671.68075 17.8368  0.0251 4.49  698.0  192.36  324.19
2454672.64049 17.7525  0.0300 5.41  828.0  192.36  324.19
2454674.66842 17.8030  0.0274 4.91  725.0  192.36  324.19
2454677.71262 17.8293  0.0274 4.93  756.0  192.36  324.19
2454679.67646 17.8234  0.0348 6.52  695.0  192.36  324.19
2454681.69650 17.8459  0.0321 5.79  755.0  192.36  324.19
2454682.69417 17.8030  0.0246 4.53  705.0  192.36  324.19
2454683.65020 17.8561  0.0312 5.29  804.0  192.36  324.19
2454684.66895 17.7634  0.0313 5.74  788.0  192.36  324.19
2454684.76213 17.8297  0.0318 5.81  912.0  192.36  324.19
2454685.69478 17.7868  0.0256 4.50  803.0  192.36  324.19
2454686.76734 17.8227  0.0270 5.11  756.0  192.36  324.19
2454687.68306 17.8079  0.0307 5.46  892.0  192.36  324.19
2454688.62890 17.8096  0.0245 4.06  787.0  192.36  324.19
2454694.71302 17.6342  0.0392 6.39 1219.0  192.36  324.19
2454697.63780 17.7699  0.0304 5.56  854.0  192.36  324.19
2454698.65588 17.8257  0.0306 5.31  831.0  192.36  324.19
2454700.65113 17.8938  0.0270 4.32  763.0  192.36  324.19
2454701.63445 17.8466  0.0267 4.76  704.0  192.36  324.19
2454702.64888 17.8211  0.0281 5.16  695.0  192.36  324.19
2454708.67055 17.8458  0.0305 5.16  825.0  192.36  324.19
2454715.63159 17.7702  0.0341 5.81  908.0  192.36  324.19
2454720.63727 17.8648  0.0508 5.40 2287.0  192.36  324.19
2454721.63747 17.8030  0.0442 6.54 1221.0  192.36  324.19
2454722.63531 17.8009  0.0354 5.34 1140.0  192.36  324.19
2454725.60818 17.7977  0.0388 5.46 1304.0  192.36  324.19
2454726.63643 17.6463  0.0374 7.31  986.0  192.36  324.19
2454733.59746 17.6790  0.0330 6.38  840.0  192.36  324.19
2454739.49025 17.8491  0.0310 4.80  915.0  192.36  324.19
2454750.53956 17.7278  0.0355 5.25 1246.0  192.36  324.19
2454756.57260 17.7839  0.0464 6.40 1292.0  192.36  324.19
2454763.52275 17.7878  0.0344 5.80  940.0  192.36  324.19
2454876.89046 17.8317  0.0360 5.01 1318.0  192.36  324.19
2454883.87667 17.7945  0.0393 6.92  921.0  192.36  324.19
2454886.84342 17.9047  0.0336 5.25  926.0  192.36  324.19
2454890.81593 17.8487  0.0378 6.65  838.0  192.36  324.19
2454892.89876 17.7942  0.0400 6.63  966.0  192.36  324.19
2454894.86689 17.9894  0.0347 5.37  822.0  192.36  324.19
2454898.85110 17.7963  0.0254 4.31  859.0  192.36  324.19
2454900.84568 17.8832  0.0301 4.70 1021.0  192.36  324.19
2454901.89728 17.7980  0.0226 3.51  923.0  192.36  324.19
2454902.82292 17.8199  0.0264 4.20  998.0  192.36  324.19
2454903.88557 17.8186  0.0249 3.91  919.0  192.36  324.19
2454904.85105 17.7995  0.0249 3.95  923.0  192.36  324.19
2454906.90410 17.7917  0.0293 4.91  979.0  192.36  324.19
2454911.88629 17.7995  0.0204 3.70  711.0  192.36  324.19
2454913.89968 17.8247  0.0234 4.32  730.0  192.36  324.19
2454924.89491 17.8177  0.0243 4.11  745.0  192.36  324.19
2454926.74570 17.8548  0.0299 4.77 1050.0  192.36  324.19
2454928.80163 17.7819  0.0346 6.01  927.0  192.36  324.19
2454930.73708 17.8149  0.0353 5.87 1253.0  192.36  324.19
2454931.87923 17.8490  0.0283 4.16 1009.0  192.36  324.19
2454932.78711 17.8470  0.0268 4.28  988.0  192.36  324.19
2454933.73133 17.8431  0.0352 5.47 1204.0  192.36  324.19
2454934.83292 17.8274  0.0307 4.68 1152.0  192.36  324.19
2454938.84144 17.8172  0.0275 4.18  990.0  192.36  324.19
2454940.78616 17.7810  0.0251 4.21  773.0  192.36  324.19
2454941.83801 17.8015  0.0242 4.22  786.0  192.36  324.19
2454942.86341 17.7812  0.0235 4.36  758.0  192.36  324.19
2454943.72061 17.7397  0.0220 4.08  721.0  192.36  324.19
2454944.78550 17.7863  0.0211 3.59  760.0  192.36  324.19
2454949.79994 17.8548  0.0224 3.47  786.0  192.36  324.19
2454950.70868 17.8108  0.0273 4.84  820.0  192.36  324.19
2454951.82490 17.8010  0.0283 4.90  929.0  192.36  324.19
2454953.72950 17.7888  0.0242 3.94  783.0  192.36  324.19
2454954.84702 17.8261  0.0244 4.13  737.0  192.36  324.19
2454955.84517 17.7679  0.0282 5.20  840.0  192.36  324.19
