2452125.53977 16.8165  0.0194 5.62 1435.0  283.31  526.48
2452129.62312 16.8174  0.0119 3.60  784.0  283.31  526.48
2452132.56739 16.8061  0.0215 4.54  777.0  283.31  526.48
2452135.70504 16.8367  0.0109 4.00  854.0  283.31  526.48
2452140.66302 16.7975  0.0140 5.60  712.0  283.31  526.48
2452144.54739 16.8247  0.0136 4.47  878.0  283.31  526.48
2452160.53646 16.8204  0.0163 5.71  848.0  283.31  526.48
2452168.60389 16.8037  0.0146 5.26  765.0  283.31  526.48
2452175.57580 17.3633  0.0258 4.88 2885.0  283.31  526.48
2452187.51327 16.8090  0.0152 5.25  957.0  283.31  526.48
2452206.50895 16.8231  0.0205 6.37 1386.0  283.31  526.48
2452331.84956 16.8121  0.0140 3.88 1163.0  283.31  526.48
2452346.89588 16.8106  0.0127 4.00  773.0  283.31  526.48
2452358.81957 16.8342  0.0142 4.11  772.0  283.31  526.48
2452365.91969 16.8375  0.0157 3.96 1557.0  283.31  526.48
2452372.78175 16.8253  0.0130 4.07  745.0  283.31  526.48
2452382.90586 16.8294  0.0144 4.21  828.0  283.31  526.48
2452386.84916 16.8453  0.0155 5.01  806.0  283.31  526.48
2452390.79230 16.8434  0.0142 4.34 1024.0  283.31  526.48
2452397.75433 16.8159  0.0124 3.49  859.0  283.31  526.48
2452401.77911 16.8174  0.0127 3.94  759.0  283.31  526.48
2452403.83515 16.8260  0.0122 3.68  775.0  283.31  526.48
2452405.80360 16.8360  0.0134 4.54  711.0  283.31  526.48
2452414.78053 16.8343  0.0130 4.19  729.0  283.31  526.48
2452416.75488 16.8139  0.0137 4.56  780.0  283.31  526.48
2452424.84660 16.8135  0.0175 5.81 1007.0  283.31  526.48
2452428.74891 16.8615  0.0117 4.41  769.0  283.31  526.48
2452432.79208 16.8631  0.0190 6.53  839.0  283.31  526.48
2452434.65988 16.8220  0.0189 3.91  716.0  283.31  526.48
2452436.70550 16.8010  0.0126 3.76  736.0  283.31  526.48
2452438.68382 16.8109  0.0135 4.66  650.0  283.31  526.48
2452440.78805 16.8271  0.0135 4.40  713.0  283.31  526.48
2452443.69061 16.8482  0.0138 4.38  676.0  283.31  526.48
2452445.57171 16.8302  0.0149 4.65  904.0  283.31  526.48
2452448.54505 16.8930  0.0229 4.48 4115.0  283.31  526.48
2452453.80721 16.8315  0.0143 4.54  949.0  283.31  526.48
2452459.49855 16.8107  0.0139 6.28  739.0  283.31  526.48
2452463.47967 16.8294  0.0169 5.91 1049.0  283.31  526.48
2452464.70977 16.8343  0.0123 3.79  635.0  283.31  526.48
2452467.61274 16.8245  0.0159 5.79  677.0  283.31  526.48
2452469.62714 16.8134  0.0111 3.54  534.0  283.31  526.48
2452471.63895 16.8099  0.0116 3.63  645.0  283.31  526.48
2452473.60003 16.8125  0.0168 4.66  710.0  283.31  526.48
2452483.66888 16.8384  0.0156 5.02  781.0  283.31  526.48
2452486.65225 16.8469  0.0180 6.37  637.0  283.31  526.48
2452490.61884 16.7843  0.0166 6.41  661.0  283.31  526.48
2452493.57862 16.8124  0.0129 4.39  745.0  283.31  526.48
2452495.65268 16.8383  0.0121 3.71  716.0  283.31  526.48
2452497.70856 16.8311  0.0136 4.27  899.0  283.31  526.48
2452499.75545 16.8537  0.0142 4.61  941.0  283.31  526.48
2452502.49907 16.8493  0.0136 4.05  924.0  283.31  526.48
2452508.59395 16.8265  0.0133 4.18  950.0  283.31  526.48
2452512.55029 16.8556  0.0150 4.53  983.0  283.31  526.48
2452517.65101 16.8454  0.0134 4.42  747.0  283.31  526.48
2452520.50975 16.8229  0.0146 5.15  817.0  283.31  526.48
2452526.60325 16.8433  0.0126 3.71  661.0  283.31  526.48
2452537.58592 16.8292  0.0183 6.35  995.0  283.31  526.48
2452541.58404 16.8491  0.0147 4.52 1042.0  283.31  526.48
2452547.52212 16.8196  0.0162 5.19 1072.0  283.31  526.48
2452556.51306 16.8369  0.0157 4.95  971.0  283.31  526.48
2452563.54655 16.8365  0.0135 4.35 1028.0  283.31  526.48
2452574.52585 16.8361  0.0170 4.94 1436.0  283.31  526.48
2452705.88942 16.8302  0.0122 4.41  615.0  283.31  526.48
2452706.85529 16.8310  0.0140 5.10  700.0  283.31  526.48
2452714.83961 16.8817  0.0133 4.20  721.0  283.31  526.48
2452728.86949 16.8415  0.0160 5.65  754.0  283.31  526.48
2452733.85237 16.8219  0.0154 4.48  931.0  283.31  526.48
2452752.89856 16.8159  0.0155 5.24  942.0  283.31  526.48
2452756.86960 16.8507  0.0147 4.76  812.0  283.31  526.48
2452760.83785 16.8276  0.0155 5.82  950.0  283.31  526.48
2452766.86979 16.8443  0.0148 4.92  831.0  283.31  526.48
2452770.75743 16.8337  0.0146 4.63  867.0  283.31  526.48
2452783.75821 16.8375  0.0129 4.30  777.0  283.31  526.48
2452785.86981 16.9206  0.0136 4.11 1218.0  283.31  526.48
2452786.87187 16.8541  0.0205 6.57 1095.0  283.31  526.48
2452789.67788 16.8676  0.0134 3.93  742.0  283.31  526.48
2452791.64049 16.8456  0.0141 4.66  629.0  283.31  526.48
2452794.79412 16.8559  0.0151 5.62  701.0  283.31  526.48
2452796.74488 16.8471  0.0129 4.11  633.0  283.31  526.48
2452803.55025 16.8395  0.0276 6.19 3087.0  283.31  526.48
2452808.88531 16.8527  0.0213 6.55 1377.0  283.31  526.48
2452809.88968 16.8235  0.0145 4.27 1129.0  283.31  526.48
2452810.81672 16.8518  0.0149 4.58  940.0  283.31  526.48
2452811.85392 16.8220  0.0136 4.10  896.0  283.31  526.48
2452815.77233 16.8479  0.0142 4.49  706.0  283.31  526.48
2452817.72522 16.8270  0.0140 4.65  755.0  283.31  526.48
2452818.78818 16.8540  0.0173 5.73  753.0  283.31  526.48
2452820.66047 16.8272  0.0143 4.34  844.0  283.31  526.48
2452826.67354 16.9032  0.0090 4.66  563.0  283.31  526.48
2452834.71134 16.8345  0.0226 5.10 2010.0  283.31  526.48
2452835.82877 16.8314  0.0154 4.17 1370.0  283.31  526.48
2452837.56669 16.8361  0.0178 5.30 1217.0  283.31  526.48
2452839.60355 16.8437  0.0145 4.82  714.0  283.31  526.48
2452841.62090 16.8329  0.0147 4.67  745.0  283.31  526.48
2452843.55354 16.8286  0.0138 4.89  900.0  283.31  526.48
2452845.58896 16.8319  0.0166 5.79  730.0  283.31  526.48
2452849.74146 16.8343  0.0158 5.45  797.0  283.31  526.48
2452849.76907 16.7951  0.0164 5.60  915.0  283.31  526.48
2452851.75184 16.8423  0.0162 5.23  897.0  283.31  526.48
2452853.75469 16.8365  0.0175 5.79  983.0  283.31  526.48
2452856.64343 16.8166  0.0147 4.61  823.0  283.31  526.48
2452858.61879 16.9331  0.0183 4.58 1979.0  283.31  526.48
2452859.61280 16.8772  0.0206 4.60 2394.0  283.31  526.48
2452860.74087 16.8143  0.0211 4.20 3474.0  283.31  526.48
2452863.57705 16.8442  0.0151 4.04 1201.0  283.31  526.48
2452866.66907 16.8184  0.0165 5.26  852.0  283.31  526.48
2452869.66012 16.8336  0.0127 4.27  776.0  283.31  526.48
2452872.65465 16.8226  0.0121 3.57  566.0  283.31  526.48
2452877.62387 16.8444  0.0154 4.62  763.0  283.31  526.48
2452883.59948 16.8207  0.0129 4.17  671.0  283.31  526.48
2452890.65596 16.8682  0.0211 5.65 1276.0  283.31  526.48
2452892.58940 16.8310  0.0187 5.79 1146.0  283.31  526.48
2452896.61105 16.8265  0.0138 3.59  919.0  283.31  526.48
2452902.57811 16.8470  0.0193 6.11 1038.0  283.31  526.48
2452907.55249 16.8152  0.0188 6.33  833.0  283.31  526.48
2452917.54014 16.8027  0.0166 4.54 1187.0  283.31  526.48
2452922.51675 16.8373  0.0178 5.16 1092.0  283.31  526.48
2452923.52895 16.8078  0.0143 4.08 1084.0  283.31  526.48
2452924.52627 16.8177  0.0132 3.68 1089.0  283.31  526.48
2452925.51447 16.8342  0.0154 5.12  878.0  283.31  526.48
2452926.54505 16.8249  0.0149 4.65  816.0  283.31  526.48
2452927.51523 16.7979  0.0153 4.89  762.0  283.31  526.48
2452928.52990 16.8187  0.0156 4.75  896.0  283.31  526.48
2452929.52747 16.8358  0.0225 7.13 1047.0  283.31  526.48
2452934.52948 16.8592  0.0196 5.98  976.0  283.31  526.48
2452941.52545 16.8358  0.0187 5.25 1430.0  283.31  526.48
2452943.49773 16.8356  0.0219 5.41 2020.0  283.31  526.48
2452945.52439 16.8435  0.0216 6.00 1578.0  283.31  526.48
2452946.49849 16.7997  0.0207 5.85 1687.0  283.31  526.48
2452947.53105 16.8174  0.0212 6.09 1484.0  283.31  526.48
2452949.50880 16.8700  0.0230 6.34 1513.0  283.31  526.48
2452950.50297 16.8634  0.0210 5.18 1913.0  283.31  526.48
2453051.84676 16.7900  0.0172 4.90 1810.0  283.31  526.48
2453058.84188 16.8522  0.0117 3.59  815.0  283.31  526.48
2453063.83656 16.8278  0.0118 4.08  791.0  283.31  526.48
2453067.84045 16.8488  0.0125 4.10  719.0  283.31  526.48
2453070.79985 16.8422  0.0186 6.30 1118.0  283.31  526.48
2453072.87869 16.8324  0.0115 3.41  739.0  283.31  526.48
2453075.77561 16.8167  0.0141 4.63  992.0  283.31  526.48
2453079.83205 16.7868  0.0135 3.30 1668.0  283.31  526.48
2453082.79211 16.8399  0.0124 3.91  619.0  283.31  526.48
2453084.84890 16.8812  0.0126 4.13  595.0  283.31  526.48
2453086.77996 16.8512  0.0114 3.52  607.0  283.31  526.48
2453087.89329 16.8633  0.0144 5.60  575.0  283.31  526.48
2453089.80158 16.8327  0.0120 3.91  669.0  283.31  526.48
2453091.76369 16.8136  0.0121 4.05  631.0  283.31  526.48
2453096.79345 16.8369  0.0142 5.40  646.0  283.31  526.48
2453098.80497 16.8459  0.0117 3.73  703.0  283.31  526.48
2453100.86032 16.8263  0.0122 4.17  701.0  283.31  526.48
2453102.81629 16.8322  0.0132 4.01  860.0  283.31  526.48
2453103.89160 16.8715  0.0137 4.04  802.0  283.31  526.48
2453106.76913 16.8453  0.0141 3.55 1402.0  283.31  526.48
2453107.91597 16.8628  0.0138 4.87  795.0  283.31  526.48
2453109.73758 16.8385  0.0112 3.38  686.0  283.31  526.48
2453110.77886 16.8487  0.0127 4.15  820.0  283.31  526.48
2453112.74776 16.8480  0.0122 4.47  568.0  283.31  526.48
2453113.81697 16.8291  0.0115 4.60  499.0  283.31  526.48
2453115.81558 16.8248  0.0118 4.19  585.0  283.31  526.48
2453118.87264 16.8462  0.0138 5.01  742.0  283.31  526.48
2453122.82321 16.8413  0.0149 5.80  613.0  283.31  526.48
2453125.80366 16.9407  0.0186 6.68  668.0  283.31  526.48
2453126.83454 16.8830  0.0131 4.57  724.0  283.31  526.48
2453127.74517 16.8336  0.0128 3.81  784.0  283.31  526.48
2453128.76756 16.8614  0.0130 4.43  770.0  283.31  526.48
2453129.74237 16.8137  0.0154 4.27 1389.0  283.31  526.48
2453130.92043 16.8510  0.0155 4.21 1176.0  283.31  526.48
2453131.77631 16.8707  0.0162 4.56 1244.0  283.31  526.48
2453134.71262 16.7390  0.0193 4.60 2540.0  283.31  526.48
2453135.80810 16.8204  0.0124 4.16 1098.0  283.31  526.48
2453137.86019 16.7866  0.0144 5.88  911.0  283.31  526.48
2453138.81777 16.8411  0.0129 4.72  632.0  283.31  526.48
2453139.81260 16.8180  0.0113 4.21  555.0  283.31  526.48
2453140.81915 16.8296  0.0130 4.90  620.0  283.31  526.48
2453142.71405 16.8047  0.0114 4.16  600.0  283.31  526.48
2453144.73644 16.8359  0.0117 4.45  544.0  283.31  526.48
2453146.70618 16.8638  0.0148 5.88  578.0  283.31  526.48
2453151.69592 16.8621  0.0143 5.38  590.0  283.31  526.48
2453152.70055 16.8703  0.0124 3.92  646.0  283.31  526.48
2453152.91332 16.8427  0.0160 5.71  758.0  283.31  526.48
2453153.70455 16.7996  0.0156 6.21  640.0  283.31  526.48
2453154.75970 16.8370  0.0166 6.80  677.0  283.31  526.48
2453156.74613 16.8500  0.0130 4.43  791.0  283.31  526.48
2453158.80613 16.8380  0.0161 5.04 1162.0  283.31  526.48
2453162.75354 16.8262  0.0132 4.50  816.0  283.31  526.48
2453162.93983 16.8334  0.0176 5.24 1413.0  283.31  526.48
2453163.71546 16.8235  0.0120 4.12  726.0  283.31  526.48
2453163.93905 16.8512  0.0159 4.69 1451.0  283.31  526.48
2453164.67924 16.8663  0.0130 4.37  628.0  283.31  526.48
2453165.80104 16.8236  0.0101 3.95  773.0  283.31  526.48
2453166.83066 16.8815  0.0191 6.67  770.0  283.31  526.48
2453168.71215 16.8171  0.0133 5.66  578.0  283.31  526.48
2453168.92840 16.8335  0.0126 4.39  976.0  283.31  526.48
2453169.66860 16.8570  0.0122 3.77  643.0  283.31  526.48
2453170.74148 16.8265  0.0120 4.50  586.0  283.31  526.48
2453171.69291 16.8675  0.0118 4.28  531.0  283.31  526.48
2453172.67974 16.8526  0.0109 3.74  551.0  283.31  526.48
2453174.65655 16.8181  0.0108 3.59  646.0  283.31  526.48
2453175.65842 16.8147  0.0111 3.49  677.0  283.31  526.48
2453176.70537 16.7929  0.0149 6.12  576.0  283.31  526.48
2453178.72099 16.8542  0.0146 5.29  818.0  283.31  526.48
2453179.59891 16.8477  0.0112 3.91  606.0  283.31  526.48
2453179.85467 16.8426  0.0135 4.81  766.0  283.31  526.48
2453180.64961 16.8262  0.0104 3.50  510.0  283.31  526.48
2453182.71977 16.8174  0.0124 5.00  523.0  283.31  526.48
2453183.66446 16.8066  0.0143 5.57  630.0  283.31  526.48
2453184.64410 16.8163  0.0108 3.78  537.0  283.31  526.48
2453185.80208 16.8057  0.0135 4.80  771.0  283.31  526.48
2453193.81684 16.8288  0.0126 4.61  709.0  283.31  526.48
2453194.63565 16.9106  0.0152 5.25  744.0  283.31  526.48
2453195.61400 16.8440  0.0120 4.28  625.0  283.31  526.48
2453196.68951 16.8434  0.0160 6.15  724.0  283.31  526.48
2453196.77841 16.7974  0.0117 4.32  651.0  283.31  526.48
2453196.79609 16.8298  0.0124 4.50  673.0  283.31  526.48
2453196.85559 16.8099  0.0127 4.69  784.0  283.31  526.48
2453197.48697 16.8593  0.0143 4.84  940.0  283.31  526.48
2453197.58961 16.8395  0.0127 4.63  620.0  283.31  526.48
2453197.65705 16.8004  0.0124 4.78  579.0  283.31  526.48
2453197.73699 16.7976  0.0116 4.32  615.0  283.31  526.48
2453197.80152 16.8374  0.0150 5.39  804.0  283.31  526.48
2453198.66720 16.8009  0.0104 5.37  461.0  283.31  526.48
2453199.57517 16.8102  0.0145 6.14  593.0  283.31  526.48
2453199.72355 16.8413  0.0129 5.29  477.0  283.31  526.48
2453201.49404 16.7990  0.0117 4.40  800.0  283.31  526.48
2453202.58682 16.8231  0.0129 5.42  610.0  283.31  526.48
2453203.71053 16.8362  0.0120 4.40  536.0  283.31  526.48
2453204.70615 16.7803  0.0111 4.20  553.0  283.31  526.48
2453205.63115 16.7671  0.0108 4.54  463.0  283.31  526.48
2453206.61273 16.8154  0.0113 4.78  492.0  283.31  526.48
2453210.60288 16.8181  0.0126 4.79  719.0  283.31  526.48
2453211.67490 16.8041  0.0136 5.80  489.0  283.31  526.48
2453212.64359 16.8480  0.0174 7.35  630.0  283.31  526.48
2453217.59893 16.8429  0.0125 3.55 1018.0  283.31  526.48
2453218.59821 16.8276  0.0141 4.73  975.0  283.31  526.48
2453219.65739 16.8025  0.0167 6.47  734.0  283.31  526.48
2453223.59544 16.7896  0.0184 7.77  686.0  283.31  526.48
2453224.64517 16.8252  0.0114 3.82  660.0  283.31  526.48
2453226.55799 16.8333  0.0113 4.25  496.0  283.31  526.48
2453228.51659 16.8141  0.0122 4.81  583.0  283.31  526.48
2453229.57473 16.8499  0.0114 3.94  581.0  283.31  526.48
2453230.61344 16.8053  0.0109 4.12  476.0  283.31  526.48
2453231.51445 16.8126  0.0142 5.50  689.0  283.31  526.48
2453232.48826 16.8447  0.0182 7.10  770.0  283.31  526.48
2453239.52308 16.8182  0.0115 3.93  669.0  283.31  526.48
2453240.60050 16.8547  0.0147 5.74  610.0  283.31  526.48
2453241.60475 16.8377  0.0276 7.16 2238.0  283.31  526.48
2453244.70129 16.8076  0.0192 4.71 2416.0  283.31  526.48
2453245.48926 16.7834  0.0154 6.37  957.0  283.31  526.48
2453246.59720 16.8096  0.0153 5.84  730.0  283.31  526.48
2453247.66786 16.8143  0.0126 4.02  891.0  283.31  526.48
2453248.66104 16.8408  0.0139 4.62  746.0  283.31  526.48
2453250.60046 16.8238  0.0129 4.67  716.0  283.31  526.48
2453253.59331 16.8162  0.0121 4.85  502.0  283.31  526.48
2453256.57586 16.7933  0.0146 5.68  583.0  283.31  526.48
2453259.56847 16.8189  0.0150 5.76  601.0  283.31  526.48
2453264.51198 16.8459  0.0157 4.40  760.0  283.31  526.48
2453266.59401 16.7896  0.0158 6.18  730.0  283.31  526.48
2453272.54325 16.8517  0.0143 4.73  924.0  283.31  526.48
2453274.57281 16.8501  0.0155 5.78  826.0  283.31  526.48
2453278.54690 16.8133  0.0131 4.42  807.0  283.31  526.48
2453281.48854 16.8605  0.0167 6.10  746.0  283.31  526.48
2453287.55575 16.8497  0.0133 6.08  584.0  283.31  526.48
2453292.54453 16.7723  0.0107 6.09  437.0  283.31  526.48
2453415.87928 16.8282  0.0101 3.42  620.0  283.31  526.48
2453420.87953 16.8057  0.0101 4.41  615.0  283.31  526.48
2453425.85471 16.8117  0.0145 5.57  866.0  283.31  526.48
2453428.86049 16.8287  0.0114 3.60  754.0  283.31  526.48
2453430.89733 16.8452  0.0109 3.46  762.0  283.31  526.48
2453442.83397 16.7984  0.0116 4.40  651.0  283.31  526.48
2453444.88782 16.8495  0.0113 3.88  621.0  283.31  526.48
2453446.91640 16.8595  0.0189 4.63 1946.0  283.31  526.48
2453449.81356 16.8160  0.0109 4.18  601.0  283.31  526.48
2453452.83452 16.7867  0.0121 4.35  688.0  283.31  526.48
2453454.88812 16.8213  0.0129 4.61  967.0  283.31  526.48
2453457.82642 16.8520  0.0136 4.86  775.0  283.31  526.48
2453459.77161 16.8321  0.0126 4.25  963.0  283.31  526.48
2453468.82350 16.8240  0.0107 3.59  652.0  283.31  526.48
2453469.83051 16.8349  0.0105 3.47  555.0  283.31  526.48
2453471.91078 16.8551  0.0154 6.24  599.0  283.31  526.48
2453473.82596 16.8273  0.0137 5.50  604.0  283.31  526.48
2453476.71859 16.8364  0.0100 3.77  522.0  283.31  526.48
2453478.78423 16.8304  0.0115 4.24  539.0  283.31  526.48
2453479.92150 16.8018  0.0103 3.59  642.0  283.31  526.48
2453481.76286 16.8588  0.0111 3.72  633.0  283.31  526.48
2453483.89647 16.8326  0.0118 3.77  942.0  283.31  526.48
2453484.72142 16.8142  0.0142 3.75 1863.0  283.31  526.48
2453496.79786 16.8456  0.0137 5.16  745.0  283.31  526.48
2453497.73557 16.8148  0.0127 4.73  720.0  283.31  526.48
2453499.92552 16.8602  0.0106 3.97  652.0  283.31  526.48
2453500.79461 16.8555  0.0118 3.86  614.0  283.31  526.48
2453501.78838 16.8960  0.0108 4.30  678.0  283.31  526.48
2453502.76128 16.8442  0.0104 3.19  677.0  283.31  526.48
2453503.73032 16.8348  0.0102 3.71  531.0  283.31  526.48
2453504.81998 16.8475  0.0113 4.61  532.0  283.31  526.48
2453506.88496 16.8101  0.0119 4.54  674.0  283.31  526.48
2453508.83560 16.8451  0.0138 5.14  637.0  283.31  526.48
2453509.78531 16.8152  0.0130 5.44  654.0  283.31  526.48
2453511.74290 16.8365  0.0124 4.36  751.0  283.31  526.48
2453512.78656 16.8433  0.0154 5.08 1015.0  283.31  526.48
2453517.86001 16.8182  0.0138 4.89  925.0  283.31  526.48
2453520.81425 16.8301  0.0138 5.24  673.0  283.31  526.48
2453521.62394 16.8393  0.0109 4.01  528.0  283.31  526.48
2453522.67828 16.8282  0.0108 3.71  549.0  283.31  526.48
2453523.72036 16.8136  0.0097 3.39  522.0  283.31  526.48
2453524.70916 16.8928  0.0138 5.38  526.0  283.31  526.48
2453525.69105 16.8551  0.0107 3.69  521.0  283.31  526.48
2453526.77350 16.7998  0.0116 4.44  601.0  283.31  526.48
2453527.77840 16.8097  0.0110 4.30  587.0  283.31  526.48
2453528.72119 16.8175  0.0111 4.20  511.0  283.31  526.48
2453528.78286 16.8058  0.0135 5.26  605.0  283.31  526.48
2453529.61114 16.8659  0.0112 3.73  496.0  283.31  526.48
2453529.64325 16.8399  0.0108 4.18  438.0  283.31  526.48
2453529.78366 16.7968  0.0109 4.01  516.0  283.31  526.48
2453529.85427 16.8437  0.0112 3.78  669.0  283.31  526.48
2453529.91247 16.8489  0.0116 3.93  798.0  283.31  526.48
2453530.55735 16.8383  0.0120 4.61  719.0  283.31  526.48
2453530.63306 16.8329  0.0096 3.13  537.0  283.31  526.48
2453530.68629 16.8369  0.0099 3.16  545.0  283.31  526.48
2453530.81641 16.8497  0.0110 3.78  565.0  283.31  526.48
2453530.88468 16.8165  0.0102 3.45  622.0  283.31  526.48
2453530.92464 16.8266  0.0077 3.77  652.0  283.31  526.48
2453536.87733 16.8278  0.0132 4.95 1117.0  283.31  526.48
2453536.89306 16.7796  0.0146 5.39 1133.0  283.31  526.48
2453537.68183 16.8415  0.0129 5.23  734.0  283.31  526.48
2453538.66494 16.8257  0.0128 4.98  639.0  283.31  526.48
2453541.81548 16.8248  0.0120 3.74  904.0  283.31  526.48
2453547.70700 16.8572  0.0151 5.73  671.0  283.31  526.48
2453550.58104 16.8086  0.0127 4.91  806.0  283.31  526.48
2453551.77046 16.8491  0.0110 4.68  540.0  283.31  526.48
2453552.60759 16.8258  0.0118 4.09  894.0  283.31  526.48
2453553.74012 16.8363  0.0152 5.79  755.0  283.31  526.48
2453554.77708 16.8759  0.0164 6.07  651.0  283.31  526.48
2453555.75125 16.8347  0.0121 4.59  625.0  283.31  526.48
2453556.81699 16.8210  0.0157 6.28  650.0  283.31  526.48
2453558.47991 16.8306  0.0131 4.60  902.0  283.31  526.48
2453558.77917 16.8433  0.0135 5.50  537.0  283.31  526.48
2453559.54762 16.8185  0.0156 6.93  730.0  283.31  526.48
2453560.51063 16.8037  0.0114 4.27  627.0  283.31  526.48
2453561.48803 16.8183  0.0132 4.28 1056.0  283.31  526.48
2453562.53457 16.8233  0.0115 4.03  606.0  283.31  526.48
2453563.58956 16.8427  0.0115 3.90  604.0  283.31  526.48
2453564.61768 16.8213  0.0162 5.30  617.0  283.31  526.48
2453569.50574 16.8717  0.0194 4.89 1984.0  283.31  526.48
2453573.58294 16.8193  0.0157 6.00  835.0  283.31  526.48
2453574.63942 16.8445  0.0149 5.44  746.0  283.31  526.48
2453575.62445 16.8349  0.0116 4.24  584.0  283.31  526.48
2453576.60471 16.8149  0.0130 4.79  681.0  283.31  526.48
2453577.66683 16.7923  0.0108 4.41  665.0  283.31  526.48
2453578.61387 16.8604  0.0119 4.48  510.0  283.31  526.48
2453579.57110 16.8130  0.0130 4.05  546.0  283.31  526.48
2453580.59256 16.8419  0.0121 4.34  655.0  283.31  526.48
2453581.62088 16.8140  0.0122 4.52  616.0  283.31  526.48
2453582.56914 16.8676  0.0131 5.16  540.0  283.31  526.48
2453583.58614 16.8431  0.0116 4.60  504.0  283.31  526.48
2453584.59513 16.8527  0.0108 3.84  518.0  283.31  526.48
2453585.58532 16.8333  0.0111 4.16  530.0  283.31  526.48
2453586.63118 16.8358  0.0116 4.36  530.0  283.31  526.48
2453589.62397 16.8738  0.0139 3.36  518.0  283.31  526.48
2453590.59268 16.8346  0.0111 4.05  561.0  283.31  526.48
2453591.65460 16.8396  0.0112 3.40  644.0  283.31  526.48
2453593.52755 16.8316  0.0114 3.99  560.0  283.31  526.48
2453594.64362 16.8289  0.0113 4.13  573.0  283.31  526.48
2453601.57606 16.7732  0.0229 3.88  884.0  283.31  526.48
2453602.59301 16.8323  0.0121 3.77  887.0  283.31  526.48
2453603.59009 16.8115  0.0203 4.59  645.0  283.31  526.48
2453604.59397 16.8283  0.0141 4.90 1031.0  283.31  526.48
2453606.60967 16.8835  0.0213 6.08  693.0  283.31  526.48
2453607.58206 16.8479  0.0152 4.60  545.0  283.31  526.48
2453608.59093 16.7957  0.0135 5.31  591.0  283.31  526.48
2453615.50372 16.7940  0.0127 5.95  591.0  283.31  526.48
2453618.62842 16.8117  0.0127 4.37  758.0  283.31  526.48
2453620.51683 16.8491  0.0113 3.86  559.0  283.31  526.48
2453622.49584 16.8064  0.0137 5.45  649.0  283.31  526.48
2453628.62459 16.8025  0.0271 5.34 1213.0  283.31  526.48
2453630.50997 16.8013  0.0168 5.73  963.0  283.31  526.48
2453631.64017 16.8364  0.0162 4.89 1403.0  283.31  526.48
2453633.49529 16.8171  0.0164 6.60  708.0  283.31  526.48
2453637.58529 16.8696  0.0189 5.70  745.0  283.31  526.48
2453639.60258 16.8368  0.0114 3.72  715.0  283.31  526.48
2453641.49758 16.8335  0.0157 5.82  755.0  283.31  526.48
2453643.57408 16.8427  0.0205 7.48  865.0  283.31  526.48
2453648.48999 16.8419  0.0193 5.68  691.0  283.31  526.48
2453651.54597 16.8717  0.0192 6.32  919.0  283.31  526.48
2453654.49904 16.7421  0.0169 4.15 1992.0  283.31  526.48
2453656.49583 16.9212  0.0164 5.08  941.0  283.31  526.48
2453658.52986 16.8927  0.0178 5.38 1019.0  283.31  526.48
2453661.52777 16.9410  0.0196 5.51 1191.0  283.31  526.48
2453668.50082 16.8162  0.0145 5.43  834.0  283.31  526.48
2453674.51462 16.8348  0.0156 5.14 1073.0  283.31  526.48
2453775.85940 16.8166  0.0143 5.84  715.0  283.31  526.48
2453780.88419 16.8149  0.0122 3.69 1006.0  283.31  526.48
2453786.85818 16.8435  0.0147 5.08  854.0  283.31  526.48
2453787.83305 16.8438  0.0147 4.24 1286.0  283.31  526.48
2453790.86369 16.8688  0.0147 4.11 1100.0  283.31  526.48
2453792.86033 16.8271  0.0095 3.57  549.0  283.31  526.48
2453794.81729 16.8157  0.0128 5.28  655.0  283.31  526.48
2453795.89659 16.8090  0.0114 3.91  766.0  283.31  526.48
2453797.89679 16.8272  0.0109 3.65  725.0  283.31  526.48
2453799.85167 16.8228  0.0132 4.72  805.0  283.31  526.48
2453800.87801 16.8197  0.0118 4.56  552.0  283.31  526.48
2453801.86017 16.8078  0.0114 3.67  680.0  283.31  526.48
2453802.82576 16.8299  0.0112 3.74  686.0  283.31  526.48
2453803.86100 16.8217  0.0108 3.32  741.0  283.31  526.48
2453805.77712 16.8083  0.0130 4.92  750.0  283.31  526.48
2453806.79720 16.8338  0.0123 3.77  726.0  283.31  526.48
2453807.81093 16.8279  0.0132 4.77  878.0  283.31  526.48
2453808.77063 16.7907  0.0127 4.45 1058.0  283.31  526.48
2453809.77345 16.8156  0.0244 3.87  996.0  283.31  526.48
2453810.81804 16.8204  0.0119 3.91  886.0  283.31  526.48
2453811.81405 16.8254  0.0134 4.93  720.0  283.31  526.48
2453812.80575 16.8153  0.0133 4.86  776.0  283.31  526.48
2453813.77835 16.8023  0.0110 3.73  739.0  283.31  526.48
2453814.79862 16.8269  0.0117 3.96  855.0  283.31  526.48
2453817.82901 16.8146  0.0128 3.79  933.0  283.31  526.48
2453818.86080 16.7980  0.0104 3.60  640.0  283.31  526.48
2453819.77645 16.8179  0.0095 3.20  524.0  283.31  526.48
2453820.74670 16.8248  0.0114 3.96  645.0  283.31  526.48
2453820.91417 16.8376  0.0124 3.95  806.0  283.31  526.48
2453821.74716 16.8365  0.0118 4.50  567.0  283.31  526.48
2453822.78930 16.8054  0.0118 4.43  649.0  283.31  526.48
2453823.74815 16.8193  0.0115 4.70  586.0  283.31  526.48
2453824.76287 16.8182  0.0123 4.77  674.0  283.31  526.48
2453825.77647 16.8392  0.0146 6.21  587.0  283.31  526.48
2453826.75638 16.7940  0.0113 5.13  512.0  283.31  526.48
2453827.75764 16.8052  0.0137 6.37  540.0  283.31  526.48
2453828.73894 16.8228  0.0148 6.30  647.0  283.31  526.48
2453829.78779 16.7830  0.0109 4.16  558.0  283.31  526.48
2453830.70165 16.8056  0.0121 4.55  758.0  283.31  526.48
2453831.70556 16.7884  0.0099 3.57  693.0  283.31  526.48
2453832.72655 16.8239  0.0108 4.02  587.0  283.31  526.48
2453833.73203 16.8266  0.0098 3.70  536.0  283.31  526.48
2453834.70492 16.8264  0.0142 5.79  754.0  283.31  526.48
2453835.71074 16.8458  0.0128 4.69  767.0  283.31  526.48
2453835.89679 16.7800  0.0102 3.68  543.0  283.31  526.48
2453836.73914 16.8056  0.0119 4.35  790.0  283.31  526.48
2453836.90675 16.8231  0.0114 4.15  635.0  283.31  526.48
2453837.70566 16.7987  0.0155 5.86  880.0  283.31  526.48
2453837.87791 16.8404  0.0105 3.41  698.0  283.31  526.48
2453838.71312 16.8316  0.0188 5.90  953.0  283.31  526.48
2453839.71447 16.7863  0.0149 5.70  915.0  283.31  526.48
2453839.90098 16.7822  0.0143 5.26  924.0  283.31  526.48
2453840.72645 16.8025  0.0147 4.07  911.0  283.31  526.48
2453840.88524 16.8160  0.0116 3.78  808.0  283.31  526.48
2453841.68440 16.8021  0.0157 5.85 1018.0  283.31  526.48
2453841.91577 16.8160  0.0126 4.10 1055.0  283.31  526.48
2453842.70003 16.8442  0.0198 4.08 3939.0  283.31  526.48
2453842.81651 16.8092  0.0109 3.41  818.0  283.31  526.48
2453845.69410 16.7768  0.0205 5.62 2447.0  283.31  526.48
2453845.87675 16.8657  0.0229 6.47 1614.0  283.31  526.48
2453846.67454 16.7920  0.0121 4.79  708.0  283.31  526.48
2453847.77131 16.8720  0.0160 6.20  633.0  283.31  526.48
2453847.92660 16.8332  0.0170 5.99  919.0  283.31  526.48
2453848.72625 16.8223  0.0122 4.82  533.0  283.31  526.48
2453849.68998 16.8084  0.0120 4.53  571.0  283.31  526.48
2453849.92486 16.8250  0.0123 4.33  726.0  283.31  526.48
2453850.66821 16.8193  0.0115 4.27  647.0  283.31  526.48
2453850.84119 16.8232  0.0125 4.40  630.0  283.31  526.48
2453850.91274 16.8150  0.0125 4.56  751.0  283.31  526.48
2453851.68192 16.7920  0.0116 4.95  612.0  283.31  526.48
2453851.84769 16.8251  0.0140 5.53  617.0  283.31  526.48
2453852.67319 16.7724  0.0120 4.95  656.0  283.31  526.48
2453852.90166 16.7966  0.0134 5.52  616.0  283.31  526.48
2453853.66146 16.8522  0.0142 5.21  642.0  283.31  526.48
2453853.82909 16.8134  0.0097 3.41  516.0  283.31  526.48
2453853.90054 16.8389  0.0103 3.65  567.0  283.31  526.48
2453854.70124 16.8323  0.0112 4.81  544.0  283.31  526.48
2453855.69542 16.7974  0.0090 3.71  656.0  283.31  526.48
2453856.65143 16.7936  0.0109 3.92  779.0  283.31  526.48
2453856.81783 16.8167  0.0116 3.96  667.0  283.31  526.48
2453857.88766 16.7900  0.0098 3.70  650.0  283.31  526.48
2453858.67400 16.8667  0.0109 5.15  584.0  283.31  526.48
2453859.76565 16.8255  0.0122 5.65  507.0  283.31  526.48
2453860.78672 16.7919  0.0135 6.10  632.0  283.31  526.48
2453860.93400 16.7998  0.0132 4.70  876.0  283.31  526.48
2453861.64032 16.8133  0.0131 5.11  743.0  283.31  526.48
2453861.74726 16.8133  0.0113 4.32  550.0  283.31  526.48
2453862.63747 16.7865  0.0218 4.46  836.0  283.31  526.48
2453862.83336 16.8009  0.0105 3.77  627.0  283.31  526.48
2453862.90941 16.8086  0.0119 4.20  784.0  283.31  526.48
2453863.66095 16.8123  0.0104 3.94  948.0  283.31  526.48
2453863.88121 16.8145  0.0106 3.88  569.0  283.31  526.48
2453864.63857 16.7879  0.0222 4.59  727.0  283.31  526.48
2453864.84146 16.8273  0.0105 3.73  547.0  283.31  526.48
2453865.70888 16.8187  0.0119 3.99  712.0  283.31  526.48
2453865.85143 16.7893  0.0115 4.76  623.0  283.31  526.48
2453865.92149 16.8188  0.0103 3.59  587.0  283.31  526.48
2453866.66054 16.8510  0.0121 4.21  775.0  283.31  526.48
2453866.80012 16.8025  0.0112 4.09  610.0  283.31  526.48
2453866.87006 16.8053  0.0117 4.21  650.0  283.31  526.48
2453867.67542 16.7972  0.0110 3.47  898.0  283.31  526.48
2453867.86102 16.8104  0.0118 3.86  848.0  283.31  526.48
2453867.93444 16.8076  0.0120 3.65 1092.0  283.31  526.48
2453868.68335 16.8004  0.0152 3.98 1084.0  283.31  526.48
2453868.82736 16.8061  0.0136 4.34  992.0  283.31  526.48
2453868.90719 16.8227  0.0142 4.09 1036.0  283.31  526.48
2453869.66025 16.7997  0.0120 3.33 1182.0  283.31  526.48
2453869.84262 16.8040  0.0134 3.87 1218.0  283.31  526.48
2453872.74472 16.8261  0.0107 3.18  978.0  283.31  526.48
2453873.66643 16.8244  0.0112 3.77  655.0  283.31  526.48
2453873.80872 16.8208  0.0110 3.95  631.0  283.31  526.48
2453873.88059 16.8290  0.0132 4.97  692.0  283.31  526.48
2453874.71828 16.8006  0.0127 4.90  558.0  283.31  526.48
2453874.89227 16.8129  0.0118 4.13  663.0  283.31  526.48
2453875.67815 16.8132  0.0098 3.61  504.0  283.31  526.48
2453875.83387 16.8190  0.0110 4.18  597.0  283.31  526.48
2453875.92427 16.8139  0.0107 3.89  661.0  283.31  526.48
2453876.59879 16.7865  0.0104 4.26  582.0  283.31  526.48
2453877.68285 16.8039  0.0095 3.42  509.0  283.31  526.48
2453877.83163 16.8366  0.0121 4.97  588.0  283.31  526.48
2453877.90569 16.8255  0.0136 5.21  742.0  283.31  526.48
2453879.63883 16.7984  0.0094 4.46  468.0  283.31  526.48
2453880.80809 16.7875  0.0115 4.51  644.0  283.31  526.48
2453880.88716 16.7836  0.0112 4.53  645.0  283.31  526.48
2453881.63358 16.7406  0.0201 4.24  676.0  283.31  526.48
2453881.84915 16.8007  0.0103 3.67  652.0  283.31  526.48
2453881.89577 16.8193  0.0137 3.49  730.0  283.31  526.48
2453882.61855 16.8434  0.0110 3.78  620.0  283.31  526.48
2453882.77203 16.8006  0.0133 4.76  567.0  283.31  526.48
2453882.84592 16.8173  0.0114 4.39  643.0  283.31  526.48
2453882.91469 16.8092  0.0107 3.97  603.0  283.31  526.48
2453883.60197 16.8078  0.0146 6.05  652.0  283.31  526.48
2453883.80310 16.8212  0.0117 4.67  550.0  283.31  526.48
2453886.56511 16.8089  0.0119 5.07  693.0  283.31  526.48
2453886.76663 16.8062  0.0113 4.41  554.0  283.31  526.48
2453886.84192 16.8031  0.0111 4.38  556.0  283.31  526.48
2453886.93984 16.8240  0.0132 5.16  708.0  283.31  526.48
2453887.61917 16.8316  0.0117 4.66  585.0  283.31  526.48
2453887.74567 16.7800  0.0111 4.74  522.0  283.31  526.48
2453887.84977 16.8200  0.0115 4.63  592.0  283.31  526.48
2453887.92184 16.8251  0.0117 4.27  731.0  283.31  526.48
2453888.92668 16.7788  0.0124 5.70  605.0  283.31  526.48
2453889.63320 16.8343  0.0119 4.93  552.0  283.31  526.48
2453889.90810 16.7953  0.0112 3.81  829.0  283.31  526.48
2453890.67583 16.8058  0.0101 3.58  587.0  283.31  526.48
2453891.64258 16.8042  0.0116 4.53  572.0  283.31  526.48
2453891.76435 16.8187  0.0135 5.35  609.0  283.31  526.48
2453891.84656 16.8328  0.0114 4.30  613.0  283.31  526.48
2453892.66149 16.8029  0.0120 4.61  696.0  283.31  526.48
2453892.89243 16.8075  0.0117 4.52  672.0  283.31  526.48
2453893.57721 16.7800  0.0136 5.78  763.0  283.31  526.48
2453893.82076 16.7878  0.0141 6.02  616.0  283.31  526.48
2453893.92846 16.7988  0.0146 5.86  798.0  283.31  526.48
2453894.63693 16.8212  0.0132 5.38  554.0  283.31  526.48
2453894.85277 16.8094  0.0133 5.47  561.0  283.31  526.48
2453896.57346 16.8289  0.0154 5.47 1082.0  283.31  526.48
2453896.83082 16.8330  0.0174 6.17 1024.0  283.31  526.48
2453900.50128 16.7956  0.0142 5.58  948.0  283.31  526.48
2453900.68669 16.8054  0.0120 4.01  947.0  283.31  526.48
2453900.77101 16.7737  0.0120 4.14  862.0  283.31  526.48
2453900.83951 16.8167  0.0116 3.66  902.0  283.31  526.48
2453901.51611 16.8038  0.0177 6.04  773.0  283.31  526.48
2453901.69226 16.8015  0.0112 3.98  706.0  283.31  526.48
2453901.77001 16.8194  0.0120 4.41  648.0  283.31  526.48
2453901.84311 16.8468  0.0139 4.93  874.0  283.31  526.48
2453902.52764 16.7921  0.0130 5.72  679.0  283.31  526.48
2453902.71415 16.7986  0.0106 3.81  635.0  283.31  526.48
2453902.81707 16.7985  0.0128 4.81  770.0  283.31  526.48
2453903.62499 16.8172  0.0101 3.70  553.0  283.31  526.48
2453903.86482 16.8042  0.0115 4.17  695.0  283.31  526.48
2453904.52695 16.8213  0.0133 5.38  680.0  283.31  526.48
2453904.68943 16.8107  0.0095 3.35  562.0  283.31  526.48
2453904.75890 16.7895  0.0109 3.95  592.0  283.31  526.48
2453904.83169 16.8256  0.0110 3.58  653.0  283.31  526.48
2453905.51702 16.7865  0.0120 4.38  781.0  283.31  526.48
2453905.52381 16.8018  0.0119 4.45  777.0  283.31  526.48
2453905.63069 16.8170  0.0105 3.60  550.0  283.31  526.48
2453905.70018 16.7949  0.0114 3.93  608.0  283.31  526.48
2453905.77045 16.8206  0.0102 3.50  634.0  283.31  526.48
2453905.83902 16.7958  0.0096 3.20  627.0  283.31  526.48
2453906.53168 16.8305  0.0135 4.93  795.0  283.31  526.48
2453906.72458 16.8233  0.0109 4.28  558.0  283.31  526.48
2453906.75330 16.8153  0.0112 4.44  582.0  283.31  526.48
2453906.79414 16.7807  0.0113 4.73  620.0  283.31  526.48
2453906.82055 16.8267  0.0129 4.64  623.0  283.31  526.48
2453906.84649 16.8126  0.0119 4.28  669.0  283.31  526.48
2453906.86471 16.7931  0.0129 5.08  696.0  283.31  526.48
2453906.88627 16.7987  0.0186 4.95  753.0  283.31  526.48
2453906.90356 16.8025  0.0112 4.31  757.0  283.31  526.48
2453907.51382 16.8325  0.0186 6.47  697.0  283.31  526.48
2453907.58872 16.8402  0.0118 4.38  567.0  283.31  526.48
2453907.75130 16.8101  0.0164 6.80  624.0  283.31  526.48
2453907.83573 16.7773  0.0221 4.93  698.0  283.31  526.48
2453908.50397 16.8096  0.0136 4.81  985.0  283.31  526.48
2453908.69001 16.8180  0.0109 3.91  614.0  283.31  526.48
2453908.76775 16.7821  0.0152 4.27  594.0  283.31  526.48
2453908.85045 16.7682  0.0170 4.18  617.0  283.31  526.48
2453909.50359 16.8272  0.0164 5.73 1088.0  283.31  526.48
2453909.68202 16.8122  0.0095 3.30  446.0  283.31  526.48
2453909.77675 16.8100  0.0106 4.29  477.0  283.31  526.48
2453909.85639 16.8049  0.0115 4.36  641.0  283.31  526.48
2453910.52132 16.7892  0.0130 4.97  840.0  283.31  526.48
2453912.49855 16.8016  0.0105 3.92  718.0  283.31  526.48
2453912.68993 16.8194  0.0099 3.28  456.0  283.31  526.48
2453912.78128 16.8061  0.0098 3.97  463.0  283.31  526.48
2453912.86916 16.7737  0.0103 4.19  592.0  283.31  526.48
2453913.49140 16.7997  0.0101 3.36  650.0  283.31  526.48
2453913.69330 16.7869  0.0105 4.41  511.0  283.31  526.48
2453913.78877 16.8195  0.0107 4.03  613.0  283.31  526.48
2453913.87478 16.8395  0.0124 4.71  640.0  283.31  526.48
2453914.51740 16.8150  0.0129 5.15  701.0  283.31  526.48
2453914.74900 16.7947  0.0105 5.07  533.0  283.31  526.48
2453915.49314 16.7865  0.0123 4.93  797.0  283.31  526.48
2453915.69745 16.8186  0.0111 4.69  501.0  283.31  526.48
2453915.78935 16.7962  0.0109 4.54  486.0  283.31  526.48
2453916.53789 16.8038  0.0132 5.65  687.0  283.31  526.48
2453916.83375 16.8179  0.0117 4.98  576.0  283.31  526.48
2453917.53884 16.8224  0.0126 5.44  616.0  283.31  526.48
2453917.78884 16.8094  0.0141 5.91  636.0  283.31  526.48
2453918.51613 16.8024  0.0153 5.23  740.0  283.31  526.48
2453918.78573 16.7765  0.0140 5.64  606.0  283.31  526.48
2453919.49096 16.8086  0.0121 4.52  960.0  283.31  526.48
2453919.72342 16.8034  0.0122 4.48  506.0  283.31  526.48
2453920.48072 16.7788  0.0133 5.52  767.0  283.31  526.48
2453920.67731 16.8133  0.0134 5.56  506.0  283.31  526.48
2453920.75935 16.7946  0.0103 3.81  538.0  283.31  526.48
2453921.48072 16.7902  0.0122 3.91  857.0  283.31  526.48
2453921.67819 16.8340  0.0158 6.16  619.0  283.31  526.48
2453921.76646 16.7989  0.0184 5.80  632.0  283.31  526.48
2453922.67268 16.7923  0.0144 6.24  599.0  283.31  526.48
2453930.47819 16.7758  0.0119 4.54  849.0  283.31  526.48
2453930.73724 16.7947  0.0133 5.00  998.0  283.31  526.48
2453931.46572 16.7723  0.0243 5.28 1045.0  283.31  526.48
2453932.49727 16.7808  0.0124 4.77  759.0  283.31  526.48
2453932.77258 16.8058  0.0119 4.56  647.0  283.31  526.48
2453933.47516 16.7833  0.0103 3.77  746.0  283.31  526.48
2453933.66664 16.7883  0.0094 3.82  474.0  283.31  526.48
2453933.74362 16.7997  0.0104 3.85  669.0  283.31  526.48
2453934.46103 16.7674  0.0166 4.44 2312.0  283.31  526.48
2453934.67787 16.8071  0.0177 4.73  498.0  283.31  526.48
2453934.74686 16.7979  0.0117 4.47  613.0  283.31  526.48
2453935.46519 16.8300  0.0218 6.47 1250.0  283.31  526.48
2453935.50412 16.8133  0.0127 5.28  602.0  283.31  526.48
2453935.67790 16.7939  0.0212 6.00  552.0  283.31  526.48
2453935.75087 16.7856  0.0122 5.39  518.0  283.31  526.48
2453936.46435 16.7470  0.0240 5.22 1502.0  283.31  526.48
2453936.62965 16.8132  0.0109 4.03  582.0  283.31  526.48
2453936.70623 16.7982  0.0112 4.33  599.0  283.31  526.48
2453937.47060 16.8079  0.0149 4.88  958.0  283.31  526.48
2453937.74763 16.7825  0.0123 5.48  560.0  283.31  526.48
2453938.46898 16.7765  0.0162 5.70  959.0  283.31  526.48
2453938.65682 16.8087  0.0117 5.51  468.0  283.31  526.48
2453938.74584 16.7685  0.0115 4.67  551.0  283.31  526.48
2453939.53650 16.7959  0.0097 3.71  611.0  283.31  526.48
2453940.65474 16.8048  0.0108 4.66  544.0  283.31  526.48
2453940.78554 16.8210  0.0156 4.21  535.0  283.31  526.48
2453942.52237 16.7915  0.0132 6.02  582.0  283.31  526.48
2453944.50165 16.8562  0.0113 4.72  693.0  283.31  526.48
2453945.48517 16.8222  0.0122 4.75  663.0  283.31  526.48
2453945.68475 16.8098  0.0103 3.82  543.0  283.31  526.48
2453945.74059 16.8123  0.0118 4.76  561.0  283.31  526.48
2453946.48651 16.8066  0.0131 5.32  642.0  283.31  526.48
2453946.67285 16.7962  0.0108 4.35  529.0  283.31  526.48
2453946.75025 16.7910  0.0111 4.86  481.0  283.31  526.48
2453950.48459 16.8093  0.0117 4.51  671.0  283.31  526.48
2453950.69431 16.8045  0.0106 4.36  524.0  283.31  526.48
2453951.48441 16.7898  0.0128 4.69  705.0  283.31  526.48
2453951.71693 16.7981  0.0113 4.21  731.0  283.31  526.48
2453955.50501 16.8199  0.0181 6.63 1083.0  283.31  526.48
2453956.51541 16.7866  0.0172 6.36  923.0  283.31  526.48
2453957.47758 16.7914  0.0114 4.18  858.0  283.31  526.48
2453959.47302 16.7795  0.0196 5.84  848.0  283.31  526.48
2453959.65544 16.7899  0.0120 4.83  640.0  283.31  526.48
2453960.47038 16.7577  0.0143 5.19  992.0  283.31  526.48
2453960.64940 16.7889  0.0098 3.62  558.0  283.31  526.48
2453960.72153 16.7891  0.0106 3.82  741.0  283.31  526.48
2453961.52685 16.7630  0.0127 5.15  621.0  283.31  526.48
2453963.50306 16.7923  0.0123 4.92  592.0  283.31  526.48
2453963.67465 16.8057  0.0102 3.82  544.0  283.31  526.48
2453964.48737 16.7947  0.0122 4.92  637.0  283.31  526.48
2453964.69603 16.7966  0.0109 4.46  541.0  283.31  526.48
2453965.47636 16.8063  0.0118 4.50  629.0  283.31  526.48
2453965.66892 16.8004  0.0097 3.61  494.0  283.31  526.48
2453966.50262 16.7786  0.0152 4.78  664.0  283.31  526.48
2453966.65934 16.7806  0.0107 4.34  545.0  283.31  526.48
2453967.48787 16.7887  0.0159 5.96  610.0  283.31  526.48
2453967.68169 16.8101  0.0106 4.43  456.0  283.31  526.48
2453968.46820 16.8176  0.0166 4.80 1545.0  283.31  526.48
2453968.64004 16.7889  0.0114 4.02  541.0  283.31  526.48
2453968.70923 16.8274  0.0118 4.48  604.0  283.31  526.48
2453969.49671 16.8003  0.0140 6.13  564.0  283.31  526.48
2453969.65049 16.7996  0.0124 5.19  510.0  283.31  526.48
2453970.47735 16.7962  0.0134 5.47  663.0  283.31  526.48
2453970.65830 16.8101  0.0118 4.54  496.0  283.31  526.48
2453971.50014 16.7900  0.0153 6.37  588.0  283.31  526.48
2453971.69156 16.7890  0.0109 4.46  505.0  283.31  526.48
2453973.54120 16.7900  0.0138 6.46  502.0  283.31  526.48
2453974.47706 16.8047  0.0142 5.50  755.0  283.31  526.48
2453974.65616 16.7850  0.0111 4.77  525.0  283.31  526.48
2453975.47461 16.7977  0.0166 6.44  832.0  283.31  526.48
2453975.65124 16.7777  0.0109 4.49  593.0  283.31  526.48
2453976.47652 16.7910  0.0113 4.06  757.0  283.31  526.48
2453976.64375 16.7928  0.0128 5.24  649.0  283.31  526.48
2453979.47100 16.7587  0.0191 6.28 1513.0  283.31  526.48
2453982.53567 16.8152  0.0144 5.27  807.0  283.31  526.48
2453983.48613 16.7935  0.0167 6.54  815.0  283.31  526.48
2453986.54928 16.8151  0.0142 5.52  735.0  283.31  526.48
2453987.47730 16.7927  0.0152 6.29  768.0  283.31  526.48
2453987.63816 16.7644  0.0104 3.98  741.0  283.31  526.48
2453988.47977 16.7661  0.0110 4.31  642.0  283.31  526.48
2453990.61132 16.7857  0.0132 5.68  589.0  283.31  526.48
2453993.58132 16.7895  0.0126 5.16  571.0  283.31  526.48
2453995.53799 16.7865  0.0117 5.13  574.0  283.31  526.48
2453996.53645 16.7953  0.0154 6.70  582.0  283.31  526.48
2453999.55873 16.7405  0.0132 4.36  592.0  283.31  526.48
2454003.50933 16.8100  0.0119 4.75  642.0  283.31  526.48
2454004.48458 16.8164  0.0112 3.90  756.0  283.31  526.48
2454006.49134 16.7962  0.0153 6.24  720.0  283.31  526.48
2454011.58807 16.7578  0.0175 6.08  869.0  283.31  526.48
2454012.53939 16.7473  0.0167 5.58  763.0  283.31  526.48
2454016.48686 16.7722  0.0135 4.99  874.0  283.31  526.48
2454018.49425 16.7553  0.0151 6.11  704.0  283.31  526.48
2454020.50145 16.8097  0.0159 6.42  627.0  283.31  526.48
2454023.51034 16.7649  0.0172 6.44  903.0  283.31  526.48
2454025.52980 16.7429  0.0127 4.70  816.0  283.31  526.48
2454027.53468 16.7509  0.0126 5.17  755.0  283.31  526.48
2454030.52648 16.7674  0.0169 5.71  699.0  283.31  526.48
2454036.50772 16.8241  0.0193 6.47 1165.0  283.31  526.48
2454039.52133 16.7681  0.0148 5.55  840.0  283.31  526.48
2454042.51888 16.7897  0.0164 6.03  981.0  283.31  526.48
2454140.87575 16.6651  0.0201 6.42 1181.0  283.31  526.48
2454149.86860 16.6379  0.0128 4.81  799.0  283.31  526.48
2454153.85494 16.6410  0.0126 4.38  848.0  283.31  526.48
2454155.89092 16.6328  0.0123 4.19  819.0  283.31  526.48
2454158.85289 16.6098  0.0188 4.54  835.0  283.31  526.48
2454161.81967 16.6100  0.0227 5.58 1100.0  283.31  526.48
2454162.90220 16.5992  0.0199 4.60 1203.0  283.31  526.48
2454164.80937 16.6064  0.0124 4.12 1158.0  283.31  526.48
2454165.88974 16.5928  0.0161 5.46 1962.0  283.31  526.48
2454167.89376 16.5951  0.0118 4.43  903.0  283.31  526.48
2454169.89733 16.5906  0.0114 3.96  863.0  283.31  526.48
2454174.89978 16.5806  0.0114 4.31  770.0  283.31  526.48
2454176.87327 16.5677  0.0110 3.98  817.0  283.31  526.48
2454178.76554 16.5473  0.0196 5.22  719.0  283.31  526.48
2454179.82441 16.5493  0.0138 3.92  771.0  283.31  526.48
2454180.90373 16.5597  0.0141 6.26  747.0  283.31  526.48
2454182.80556 16.5478  0.0100 3.79  614.0  283.31  526.48
2454182.90568 16.5599  0.0099 3.69  696.0  283.31  526.48
2454183.75055 16.5353  0.0111 4.67  729.0  283.31  526.48
2454183.84172 16.5405  0.0108 4.80  698.0  283.31  526.48
2454184.75338 16.5474  0.0149 5.36  716.0  283.31  526.48
2454184.83752 16.5403  0.0165 5.23  623.0  283.31  526.48
2454184.88216 16.5346  0.0108 4.63  607.0  283.31  526.48
2454184.91632 16.5418  0.0109 4.31  944.0  283.31  526.48
2454185.74994 16.5335  0.0119 5.08  739.0  283.31  526.48
2454185.78017 16.5348  0.0118 4.86  675.0  283.31  526.48
2454185.81402 16.5376  0.0127 4.75  633.0  283.31  526.48
2454185.85510 16.5215  0.0126 5.59  645.0  283.31  526.48
2454185.85811 16.5411  0.0148 5.09  652.0  283.31  526.48
2454186.90472 16.5365  0.0133 5.98  681.0  283.31  526.48
2454187.84643 16.5062  0.0156 6.61  570.0  283.31  526.48
2454187.86727 16.5513  0.0151 6.53  561.0  283.31  526.48
2454187.87111 16.5306  0.0170 6.57  564.0  283.31  526.48
2454187.88133 16.5323  0.0167 6.46  574.0  283.31  526.48
2454187.89452 16.5232  0.0125 5.65  571.0  283.31  526.48
2454187.90653 16.5280  0.0127 6.18  584.0  283.31  526.48
2454187.91987 16.5294  0.0129 5.18  980.0  283.31  526.48
2454189.80123 16.5137  0.0158 6.26  771.0  283.31  526.48
2454189.83970 16.5347  0.0121 5.26  699.0  283.31  526.48
2454189.87909 16.5411  0.0117 4.97  689.0  283.31  526.48
2454189.88515 16.5193  0.0125 5.63  694.0  283.31  526.48
2454189.91612 16.5377  0.0123 5.05  802.0  283.31  526.48
2454190.73787 16.5065  0.0113 4.74  920.0  283.31  526.48
2454190.77277 16.5103  0.0173 5.21  849.0  283.31  526.48
2454190.80234 16.5294  0.0135 6.04  837.0  283.31  526.48
2454190.83623 16.5299  0.0114 4.68  809.0  283.31  526.48
2454190.86797 16.5374  0.0108 4.41  729.0  283.31  526.48
2454190.89829 16.5314  0.0120 4.48  687.0  283.31  526.48
2454190.91708 16.5191  0.0113 4.79  770.0  283.31  526.48
2454191.76707 16.5157  0.0129 5.38  946.0  283.31  526.48
2454191.79918 16.5320  0.0193 5.31  901.0  283.31  526.48
2454191.84784 16.5132  0.0137 6.11  862.0  283.31  526.48
2454191.90249 16.5247  0.0133 5.93  795.0  283.31  526.48
2454192.76306 16.5031  0.0134 5.61  966.0  283.31  526.48
2454192.81814 16.5026  0.0134 5.46  855.0  283.31  526.48
2454193.77872 16.4931  0.0135 5.12 1029.0  283.31  526.48
2454194.76249 16.4854  0.0124 4.90  891.0  283.31  526.48
2454196.75276 16.4975  0.0140 5.81 1029.0  283.31  526.48
2454197.76371 16.5026  0.0135 4.17 2128.0  283.31  526.48
2454202.73419 16.4643  0.0154 5.78  905.0  283.31  526.48
2454203.72234 16.4511  0.0139 3.80  689.0  283.31  526.48
2454203.90675 16.4757  0.0097 3.32  811.0  283.31  526.48
2454204.71062 16.4641  0.0115 5.26  792.0  283.31  526.48
2454205.71109 16.4654  0.0109 5.21  650.0  283.31  526.48
2454207.70056 16.4571  0.0122 5.11  776.0  283.31  526.48
2454207.87525 16.4487  0.0095 3.69  664.0  283.31  526.48
2454208.72270 16.4531  0.0117 5.21  701.0  283.31  526.48
2454209.75539 16.4449  0.0082 4.63  632.0  283.31  526.48
2454211.73533 16.4522  0.0148 6.60  640.0  283.31  526.48
2454212.89665 16.4408  0.0157 6.11  670.0  283.31  526.48
2454212.91382 16.4413  0.0123 5.71  677.0  283.31  526.48
2454213.72931 16.4297  0.0137 4.98  641.0  283.31  526.48
2454215.71928 16.4231  0.0110 5.16  728.0  283.31  526.48
2454216.67661 16.4129  0.0112 5.26  800.0  283.31  526.48
2454216.86565 16.4228  0.0077 4.29  409.0  283.31  526.48
2454217.68222 16.4145  0.0095 3.89  799.0  283.31  526.48
2454218.70644 16.4124  0.0133 5.51  760.0  283.31  526.48
2454219.72788 16.4077  0.0128 6.05  725.0  283.31  526.48
2454220.66484 16.3694  0.0124 6.25  923.0  283.31  526.48
2454221.68219 16.3853  0.0113 5.19  960.0  283.31  526.48
2454222.88513 16.3987  0.0102 4.12  974.0  283.31  526.48
2454223.66917 16.3878  0.0111 4.26 1417.0  283.31  526.48
2454224.75992 16.3878  0.0115 4.71 1228.0  283.31  526.48
2454228.65418 16.3795  0.0122 5.68 1008.0  283.31  526.48
2454228.88586 16.3611  0.0120 5.78  970.0  283.31  526.48
2454229.64892 16.3609  0.0119 5.90  851.0  283.31  526.48
2454229.84602 16.3483  0.0100 4.67  850.0  283.31  526.48
2454229.90760 16.3678  0.0096 4.08  855.0  283.31  526.48
2454230.65876 16.3562  0.0114 4.30  728.0  283.31  526.48
2454230.84674 16.3553  0.0110 5.06  740.0  283.31  526.48
2454230.90849 16.3877  0.0154 6.27  919.0  283.31  526.48
2454231.64312 16.3586  0.0083 4.81  738.0  283.31  526.48
2454231.81856 16.3625  0.0095 4.14  782.0  283.31  526.48
2454231.91148 16.3590  0.0139 5.05  853.0  283.31  526.48
2454232.72595 16.3373  0.0104 4.95  947.0  283.31  526.48
2454232.89297 16.3548  0.0121 5.71  842.0  283.31  526.48
2454233.75358 16.3592  0.0135 5.75  831.0  283.31  526.48
2454234.68310 16.3452  0.0109 5.47  804.0  283.31  526.48
2454234.92315 16.3341  0.0107 5.01  953.0  283.31  526.48
2454235.86817 16.3396  0.0095 4.43  712.0  283.31  526.48
2454237.66540 16.3249  0.0141 6.04  700.0  283.31  526.48
2454238.70690 16.3297  0.0108 4.57  704.0  283.31  526.48
2454238.85287 16.3154  0.0109 5.01  881.0  283.31  526.48
2454238.91459 16.3161  0.0121 5.12 1033.0  283.31  526.48
2454239.59729 16.3218  0.0128 6.97  905.0  283.31  526.48
2454240.65432 16.3184  0.0096 4.53  750.0  283.31  526.48
2454240.77372 16.3180  0.0094 4.47  691.0  283.31  526.48
2454240.91688 16.3300  0.0104 5.25  815.0  283.31  526.48
2454243.61686 16.3002  0.0116 5.70  885.0  283.31  526.48
2454243.71315 16.3230  0.0103 5.21  691.0  283.31  526.48
2454243.80662 16.3049  0.0120 4.93  739.0  283.31  526.48
2454243.92442 16.3236  0.0108 5.37  901.0  283.31  526.48
2454244.59270 16.3147  0.0114 5.58 1017.0  283.31  526.48
2454244.68503 16.3243  0.0101 4.96  746.0  283.31  526.48
2454244.78161 16.3066  0.0092 4.25  757.0  283.31  526.48
2454245.58538 16.3398  0.0076 5.29  441.0  283.31  526.48
2454245.67911 16.3106  0.0089 4.51  580.0  283.31  526.48
2454245.77228 16.3208  0.0088 4.21  569.0  283.31  526.48
2454246.64412 16.2945  0.0098 5.19  699.0  283.31  526.48
2454246.73714 16.3150  0.0102 5.21  726.0  283.31  526.48
2454246.83041 16.3172  0.0099 4.69  789.0  283.31  526.48
2454247.62710 16.3037  0.0101 4.96  889.0  283.31  526.48
2454247.78018 16.2969  0.0093 4.93  727.0  283.31  526.48
2454250.70744 16.2915  0.0100 4.65 1013.0  283.31  526.48
2454251.77901 16.2647  0.0120 5.12 1680.0  283.31  526.48
2454256.59421 16.2891  0.0133 6.04 1044.0  283.31  526.48
2454256.74072 16.2762  0.0152 6.56  893.0  283.31  526.48
2454256.83891 16.2713  0.0115 6.05  981.0  283.31  526.48
2454257.62614 16.2745  0.0114 6.06  821.0  283.31  526.48
2454258.61024 16.2592  0.0148 6.54  720.0  283.31  526.48
2454258.73291 16.2802  0.0099 5.10  733.0  283.31  526.48
2454258.82817 16.2709  0.0104 5.35  839.0  283.31  526.48
2454267.56960 16.2625  0.0128 6.06  783.0  283.31  526.48
2454268.75766 16.2568  0.0083 4.64  724.0  283.31  526.48
2454268.87803 16.2568  0.0106 5.65  877.0  283.31  526.48
2454269.55256 16.2659  0.0155 5.14  841.0  283.31  526.48
2454269.67363 16.2710  0.0089 5.10  588.0  283.31  526.48
2454269.76437 16.2628  0.0088 5.12  642.0  283.31  526.48
2454270.54808 16.2656  0.0098 4.85  990.0  283.31  526.48
2454272.61653 16.2587  0.0089 4.44  760.0  283.31  526.48
2454272.76568 16.2546  0.0094 4.65  751.0  283.31  526.48
2454272.83718 16.2588  0.0093 4.65  894.0  283.31  526.48
2454273.59349 16.2526  0.0115 6.41  960.0  283.31  526.48
2454273.77437 16.2542  0.0096 4.43  949.0  283.31  526.48
2454273.83415 16.2643  0.0116 5.76 1012.0  283.31  526.48
2454274.58597 16.2686  0.0109 5.02 1071.0  283.31  526.48
2454274.74057 16.2523  0.0099 4.73  831.0  283.31  526.48
2454274.79966 16.2576  0.0102 4.72  866.0  283.31  526.48
2454275.57868 16.2606  0.0160 5.11  978.0  283.31  526.48
2454275.75415 16.2668  0.0104 4.99  931.0  283.31  526.48
2454275.81261 16.2703  0.0104 4.61 1047.0  283.31  526.48
2454275.87374 16.2661  0.0116 5.39 1230.0  283.31  526.48
2454276.55668 16.2677  0.0147 6.49  935.0  283.31  526.48
2454277.50731 16.2598  0.0114 5.12 1256.0  283.31  526.48
2454277.68251 16.2702  0.0093 4.45  770.0  283.31  526.48
2454277.74297 16.2451  0.0123 5.26  785.0  283.31  526.48
2454277.80160 16.2688  0.0170 5.52  918.0  283.31  526.48
2454278.54111 16.2616  0.0115 5.61 1170.0  283.31  526.48
2454278.72836 16.2924  0.0125 6.57  845.0  283.31  526.48
2454278.80134 16.2512  0.0119 6.06 1090.0  283.31  526.48
2454283.48679 16.2610  0.0119 4.37 1390.0  283.31  526.48
2454283.68769 16.2572  0.0198 4.29 3828.0  283.31  526.48
2454283.69344 16.2873  0.0099 3.68 1154.0  283.31  526.48
2454284.48184 16.2568  0.0115 5.60 1093.0  283.31  526.48
2454284.71229 16.2769  0.0097 4.46  931.0  283.31  526.48
2454284.77451 16.2787  0.0095 4.04 1018.0  283.31  526.48
2454284.83959 16.2891  0.0117 4.82 1366.0  283.31  526.48
2454285.48033 16.2475  0.0150 5.52 1238.0  283.31  526.48
2454285.67218 16.2707  0.0148 4.74  934.0  283.31  526.48
2454285.73690 16.2767  0.0101 4.99  754.0  283.31  526.48
2454285.80243 16.2725  0.0106 5.15  829.0  283.31  526.48
2454286.48061 16.2609  0.0136 6.27 1308.0  283.31  526.48
2454286.76384 16.2561  0.0096 4.71 1460.0  283.31  526.48
2454286.77020 16.2850  0.0091 4.36 1430.0  283.31  526.48
2454286.85138 16.2738  0.0107 4.94 1846.0  283.31  526.48
2454289.48115 16.2589  0.0126 6.44 1015.0  283.31  526.48
2454289.50797 16.2543  0.0148 6.47  850.0  283.31  526.48
2454289.53237 16.2567  0.0130 4.86  905.0  283.31  526.48
2454289.55400 16.2878  0.0148 5.97  840.0  283.31  526.48
2454289.58776 16.2763  0.0108 5.79  789.0  283.31  526.48
2454289.63610 16.2753  0.0147 6.28  732.0  283.31  526.48
2454289.67454 16.2592  0.0144 6.10  874.0  283.31  526.48
2454289.70697 16.2720  0.0110 5.55  781.0  283.31  526.48
2454289.72651 16.2752  0.0106 4.74  812.0  283.31  526.48
2454289.75138 16.2683  0.0145 5.74  744.0  283.31  526.48
2454289.77272 16.2578  0.0113 4.51  789.0  283.31  526.48
2454289.79172 16.2707  0.0106 4.66  810.0  283.31  526.48
2454289.81611 16.2917  0.0141 5.91  829.0  283.31  526.48
2454289.83955 16.2473  0.0102 5.43  837.0  283.31  526.48
2454290.53819 16.2672  0.0108 5.78  697.0  283.31  526.48
2454290.57845 16.2901  0.0112 6.27  650.0  283.31  526.48
2454290.75404 16.2631  0.0112 6.29  636.0  283.31  526.48
2454291.57188 16.2844  0.0117 6.25  755.0  283.31  526.48
2454291.64112 16.2876  0.0116 3.97  643.0  283.31  526.48
2454291.76354 16.2909  0.0157 5.42  691.0  283.31  526.48
2454292.46684 16.2612  0.0113 5.22 1226.0  283.31  526.48
2454292.64494 16.2691  0.0104 3.94  651.0  283.31  526.48
2454292.70459 16.2842  0.0088 4.02  691.0  283.31  526.48
2454292.76330 16.2899  0.0091 3.50  675.0  283.31  526.48
2454292.82647 16.2838  0.0098 4.63  866.0  283.31  526.48
2454293.46716 16.2823  0.0105 4.39 1072.0  283.31  526.48
2454293.67309 16.2735  0.0089 4.34  635.0  283.31  526.48
2454293.73186 16.2811  0.0089 4.20  612.0  283.31  526.48
2454293.80950 16.2925  0.0095 4.79  696.0  283.31  526.48
2454294.46646 16.2939  0.0129 5.34 1175.0  283.31  526.48
2454295.46296 16.2619  0.0152 5.73 1706.0  283.31  526.48
2454295.67151 16.2974  0.0090 4.66  516.0  283.31  526.48
2454295.73018 16.2734  0.0083 3.96  527.0  283.31  526.48
2454295.80720 16.2670  0.0092 5.11  617.0  283.31  526.48
2454296.46928 16.2691  0.0187 4.79  930.0  283.31  526.48
2454296.65671 16.2933  0.0085 4.09  528.0  283.31  526.48
2454296.74359 16.2877  0.0089 4.61  580.0  283.31  526.48
2454297.46448 16.2807  0.0120 5.69 1062.0  283.31  526.48
2454297.69193 16.2886  0.0100 4.83  559.0  283.31  526.48
2454297.75364 16.2884  0.0083 5.23  562.0  283.31  526.48
2454298.52478 16.2910  0.0091 4.24  622.0  283.31  526.48
2454298.63009 16.2843  0.0093 4.84  543.0  283.31  526.48
2454298.72411 16.2827  0.0094 4.99  583.0  283.31  526.48
2454299.50760 16.2855  0.0096 4.95  716.0  283.31  526.48
2454299.60095 16.2861  0.0091 4.77  583.0  283.31  526.48
2454299.69318 16.3019  0.0095 5.12  533.0  283.31  526.48
2454299.78335 16.2910  0.0097 5.41  588.0  283.31  526.48
2454300.49862 16.2957  0.0096 4.32  721.0  283.31  526.48
2454300.62291 16.2968  0.0091 4.37  529.0  283.31  526.48
2454300.71932 16.2893  0.0113 4.83  557.0  283.31  526.48
2454301.49354 16.3053  0.0096 4.76  875.0  283.31  526.48
2454301.58583 16.3002  0.0087 4.06  704.0  283.31  526.48
2454301.68250 16.3079  0.0094 5.00  606.0  283.31  526.48
2454301.78102 16.2985  0.0090 4.66  618.0  283.31  526.48
2454302.54637 16.2900  0.0091 4.63  851.0  283.31  526.48
2454302.66121 16.3003  0.0124 5.78  632.0  283.31  526.48
2454303.64038 16.3031  0.0105 5.36  581.0  283.31  526.48
2454304.52732 16.3135  0.0124 5.68 1157.0  283.31  526.48
2454304.63672 16.3046  0.0100 4.55  894.0  283.31  526.48
2454305.65251 16.2958  0.0114 6.24  654.0  283.31  526.48
2454306.51256 16.2956  0.0128 6.44 1002.0  283.31  526.48
2454306.65209 16.3084  0.0097 4.66  780.0  283.31  526.48
2454307.75266 16.3051  0.0102 4.16 1260.0  283.31  526.48
2454310.75849 16.3114  0.0119 4.32 1985.0  283.31  526.48
2454311.72810 16.3015  0.0119 5.23 1305.0  283.31  526.48
2454312.49792 16.3010  0.0112 4.84 1220.0  283.31  526.48
2454312.69312 16.3100  0.0112 5.25  908.0  283.31  526.48
2454312.79070 16.2872  0.0106 5.31 1034.0  283.31  526.48
2454314.49148 16.2615  0.0070 5.67  539.0  283.31  526.48
2454315.53207 16.3238  0.0099 4.57  724.0  283.31  526.48
2454316.56094 16.3149  0.0091 4.26  622.0  283.31  526.48
2454317.48334 16.3506  0.0103 4.49  742.0  283.31  526.48
2454317.68232 16.3120  0.0079 4.89  634.0  283.31  526.48
2454319.49239 16.3257  0.0141 5.95  797.0  283.31  526.48
2454319.74686 16.3257  0.0111 5.52  823.0  283.31  526.48
2454320.50790 16.3254  0.0107 5.31  674.0  283.31  526.48
2454326.47095 16.3394  0.0144 5.84 1286.0  283.31  526.48
2454327.56358 16.3349  0.0114 5.85  688.0  283.31  526.48
2454328.49085 16.3496  0.0100 4.10  922.0  283.31  526.48
2454328.66780 16.3359  0.0123 5.60  709.0  283.31  526.48
2454329.50182 16.3349  0.0108 5.77  727.0  283.31  526.48
2454329.64963 16.3582  0.0110 4.81  677.0  283.31  526.48
2454329.70845 16.3675  0.0118 5.82  725.0  283.31  526.48
2454330.51358 16.3742  0.0098 4.45  671.0  283.31  526.48
2454330.66456 16.3456  0.0110 4.59  647.0  283.31  526.48
2454331.49378 16.3499  0.0108 5.28  753.0  283.31  526.48
2454331.66028 16.3600  0.0104 5.33  608.0  283.31  526.48
2454332.47148 16.3713  0.0116 4.20 1502.0  283.31  526.48
2454333.50256 16.3401  0.0114 5.51  871.0  283.31  526.48
2454333.66363 16.3575  0.0098 4.36  714.0  283.31  526.48
2454334.47580 16.3601  0.0175 5.90 2982.0  283.31  526.48
2454334.57337 16.4586  0.0152 4.48 3596.0  283.31  526.48
2454338.47426 16.3660  0.0122 4.84 1668.0  283.31  526.48
2454339.49544 16.3778  0.0113 4.68 1183.0  283.31  526.48
2454339.66652 16.3635  0.0113 5.05 1089.0  283.31  526.48
2454340.56403 16.3650  0.0134 5.93 1066.0  283.31  526.48
2454341.47634 16.3798  0.0141 5.87 1266.0  283.31  526.48
2454342.47236 16.3765  0.0178 7.17 1986.0  283.31  526.48
2454342.50517 16.3703  0.0105 4.80  739.0  283.31  526.48
2454343.47373 16.3765  0.0115 4.10 1822.0  283.31  526.48
2454343.68146 16.3693  0.0114 5.26  873.0  283.31  526.48
2454344.51239 16.3862  0.0128 5.96  869.0  283.31  526.48
2454345.47777 16.3732  0.0118 4.95 1115.0  283.31  526.48
2454346.48639 16.3724  0.0113 5.15  902.0  283.31  526.48
2454347.50521 16.3946  0.0126 6.51  727.0  283.31  526.48
2454348.47904 16.3712  0.0112 5.19  970.0  283.31  526.48
2454349.67176 16.3593  0.0147 5.07  750.0  283.31  526.48
2454350.50081 16.3935  0.0110 4.86  816.0  283.31  526.48
2454351.47573 16.4053  0.0124 5.02 1306.0  283.31  526.48
2454352.48686 16.3963  0.0146 6.10  824.0  283.31  526.48
2454353.48341 16.4059  0.0105 4.45  914.0  283.31  526.48
2454354.51217 16.3844  0.0100 4.57  824.0  283.31  526.48
2454355.50276 16.4118  0.0108 4.84  913.0  283.31  526.48
2454356.48026 16.3968  0.0102 4.13  954.0  283.31  526.48
2454357.56347 16.4172  0.0135 6.80  777.0  283.31  526.48
2454358.52069 16.3968  0.0127 6.33  788.0  283.31  526.48
2454359.48072 16.3852  0.0113 5.36 1027.0  283.31  526.48
2454361.54256 16.4083  0.0136 6.24  913.0  283.31  526.48
2454362.47792 16.4172  0.0162 4.60 2005.0  283.31  526.48
2454365.52535 16.4104  0.0130 5.90 1072.0  283.31  526.48
2454367.51068 16.4052  0.0108 4.72 1064.0  283.31  526.48
2454368.54684 16.4006  0.0120 5.22 1018.0  283.31  526.48
2454369.48512 16.3872  0.0137 6.29 1241.0  283.31  526.48
2454370.53135 16.4140  0.0099 4.07  994.0  283.31  526.48
2454371.50608 16.4127  0.0108 4.78  885.0  283.31  526.48
2454372.48186 16.4103  0.0112 4.00 1497.0  283.31  526.48
2454373.55719 16.4042  0.0120 5.36  953.0  283.31  526.48
2454375.50767 16.3993  0.0129 6.13 1021.0  283.31  526.48
2454377.58132 16.3998  0.0134 6.25  867.0  283.31  526.48
2454378.49138 16.4156  0.0139 4.89  815.0  283.31  526.48
2454379.50676 16.4304  0.0149 7.15  886.0  283.31  526.48
2454380.51826 16.4085  0.0104 4.40  831.0  283.31  526.48
2454381.49624 16.4322  0.0144 6.50  985.0  283.31  526.48
2454382.58475 16.4186  0.0121 5.52  950.0  283.31  526.48
2454383.50977 16.4006  0.0109 5.06  829.0  283.31  526.48
2454384.54672 16.4273  0.0126 6.04  816.0  283.31  526.48
2454387.52846 16.4232  0.0123 5.66  898.0  283.31  526.48
2454393.50404 16.3946  0.0101 4.19 1018.0  283.31  526.48
2454394.56149 16.4129  0.0123 4.87 1156.0  283.31  526.48
2454395.53290 16.4113  0.0135 5.98 1062.0  283.31  526.48
2454396.54540 16.3971  0.0152 6.41 1412.0  283.31  526.48
2454397.50422 16.3948  0.0120 4.72 1253.0  283.31  526.48
2454398.51188 16.4193  0.0121 4.96 1223.0  283.31  526.48
2454399.54750 16.4070  0.0153 5.01 1280.0  283.31  526.48
2454400.50683 16.4185  0.0128 5.39 1325.0  283.31  526.48
2454402.52147 16.4061  0.0133 5.77 1124.0  283.31  526.48
2454403.52242 16.4363  0.0139 6.10 1046.0  283.31  526.48
2454409.53989 16.4077  0.0144 5.42 1474.0  283.31  526.48
2454411.52740 16.3919  0.0142 6.47 1224.0  283.31  526.48
2454505.88583 16.5328  0.0115 4.05 1274.0  283.31  526.48
2454509.85811 16.5810  0.0106 5.56  564.0  283.31  526.48
2454513.83438 16.5609  0.0113 4.96  900.0  283.31  526.48
2454517.82843 16.5746  0.0163 6.42 1369.0  283.31  526.48
2454519.81441 16.5743  0.0162 6.87 1104.0  283.31  526.48
2454522.84325 16.5960  0.0156 6.72  973.0  283.31  526.48
2454524.82690 16.5791  0.0138 5.02 1091.0  283.31  526.48
2454525.88705 16.5980  0.0128 3.64 2496.0  283.31  526.48
2454530.78907 16.6579  0.0151 4.45  802.0  283.31  526.48
2454532.90778 16.6134  0.0176 5.67 1256.0  283.31  526.48
2454533.81783 16.6471  0.0177 5.03  622.0  283.31  526.48
2454535.87281 16.6483  0.0135 5.86  715.0  283.31  526.48
2454537.77243 16.6154  0.0171 5.26  700.0  283.31  526.48
2454538.86639 16.6285  0.0120 4.84  720.0  283.31  526.48
2454539.82756 16.6188  0.0136 4.62  663.0  283.31  526.48
2454540.83746 16.6413  0.0120 4.44  701.0  283.31  526.48
2454541.76652 16.6416  0.0142 4.98  666.0  283.31  526.48
2454542.76108 16.6166  0.0168 5.97  889.0  283.31  526.48
2454543.75668 16.6687  0.0138 5.46  823.0  283.31  526.48
2454544.75354 16.6187  0.0142 5.64  981.0  283.31  526.48
2454545.74022 16.6510  0.0173 6.00 1063.0  283.31  526.48
2454546.74690 16.6359  0.0157 5.70 1072.0  283.31  526.48
2454547.76105 16.6659  0.0155 4.65 1062.0  283.31  526.48
2454548.81394 16.6345  0.0116 4.39  887.0  283.31  526.48
2454550.78617 16.6542  0.0198 5.24  844.0  283.31  526.48
2454551.73252 16.6527  0.0129 4.61 1053.0  283.31  526.48
2454552.77611 16.6583  0.0208 5.71 2780.0  283.31  526.48
2454556.72802 16.6731  0.0138 5.43  616.0  283.31  526.48
2454556.91824 16.6787  0.0121 4.46  893.0  283.31  526.48
2454557.74638 16.6414  0.0137 5.85  609.0  283.31  526.48
2454558.76659 16.6589  0.0107 4.26  613.0  283.31  526.48
2454559.71945 16.6826  0.0135 4.80  563.0  283.31  526.48
2454559.90843 16.6724  0.0115 4.66  627.0  283.31  526.48
2454560.71574 16.6976  0.0161 6.05  556.0  283.31  526.48
2454560.90849 16.6896  0.0103 3.71  597.0  283.31  526.48
2454561.71223 16.6502  0.0129 4.98  702.0  283.31  526.48
2454561.89780 16.6852  0.0101 3.81  598.0  283.31  526.48
2454564.70245 16.6957  0.0132 5.17  613.0  283.31  526.48
2454564.90272 16.6874  0.0103 3.73  591.0  283.31  526.48
2454565.70059 16.6833  0.0105 4.13  618.0  283.31  526.48
2454565.89119 16.6692  0.0102 3.11  599.0  283.31  526.48
2454566.69993 16.6835  0.0121 5.02  627.0  283.31  526.48
2454566.89245 16.6914  0.0137 3.75  622.0  283.31  526.48
2454567.69210 16.6940  0.0145 5.69  769.0  283.31  526.48
2454567.89886 16.7107  0.0109 3.62  687.0  283.31  526.48
2454568.69766 16.6809  0.0130 5.43  628.0  283.31  526.48
2454569.70732 16.7022  0.0189 6.34  670.0  283.31  526.48
2454569.91688 16.7034  0.0115 4.07  695.0  283.31  526.48
2454570.69525 16.7177  0.0136 5.18  728.0  283.31  526.48
2454570.92529 16.7099  0.0213 3.94 1065.0  283.31  526.48
2454571.68638 16.7012  0.0157 6.44  798.0  283.31  526.48
2454571.88437 16.7064  0.0141 3.86  604.0  283.31  526.48
2454572.69820 16.7110  0.0191 6.93  790.0  283.31  526.48
2454573.71203 16.6993  0.0134 5.25  833.0  283.31  526.48
2454573.92049 16.6961  0.0105 3.62  661.0  283.31  526.48
2454574.71444 16.6936  0.0133 4.85  883.0  283.31  526.48
2454575.71986 16.7382  0.0167 4.09  930.0  283.31  526.48
2454576.72755 16.6844  0.0147 4.39 1130.0  283.31  526.48
2454577.80900 16.7069  0.0117 3.93  822.0  283.31  526.48
2454578.76276 16.7007  0.0157 5.72  898.0  283.31  526.48
2454579.83948 16.7113  0.0128 4.45  976.0  283.31  526.48
2454583.70647 16.7194  0.0146 5.49  855.0  283.31  526.48
2454583.88723 16.6971  0.0118 4.50  658.0  283.31  526.48
2454585.72696 16.7206  0.0149 6.02  705.0  283.31  526.48
2454586.73488 16.7246  0.0153 6.54  655.0  283.31  526.48
2454587.73806 16.7076  0.0152 6.54  654.0  283.31  526.48
2454587.90156 16.7076  0.0138 5.46  739.0  283.31  526.48
2454588.70831 16.6944  0.0139 5.84  682.0  283.31  526.48
2454589.69059 16.7302  0.0138 5.57  696.0  283.31  526.48
2454589.84592 16.7059  0.0142 4.80  658.0  283.31  526.48
2454589.90795 16.7446  0.0140 5.30  713.0  283.31  526.48
2454590.66797 16.7633  0.0184 4.89  790.0  283.31  526.48
2454590.87367 16.6983  0.0119 4.20  724.0  283.31  526.48
2454591.67983 16.7223  0.0133 5.06  865.0  283.31  526.48
2454591.85183 16.7412  0.0117 3.95  761.0  283.31  526.48
2454591.91393 16.7202  0.0128 4.44  893.0  283.31  526.48
2454592.63825 16.7323  0.0141 5.40  908.0  283.31  526.48
2454592.82748 16.7382  0.0135 4.29  969.0  283.31  526.48
2454592.89088 16.7481  0.0125 3.78 1019.0  283.31  526.48
2454593.62756 16.7249  0.0141 5.43  865.0  283.31  526.48
2454593.83709 16.7156  0.0115 3.96  730.0  283.31  526.48
2454593.89915 16.7481  0.0215 3.81  842.0  283.31  526.48
2454594.64863 16.7799  0.0168 6.43  807.0  283.31  526.48
2454594.84335 16.7142  0.0123 4.61  726.0  283.31  526.48
2454594.90552 16.7425  0.0119 4.12  778.0  283.31  526.48
2454595.63178 16.6958  0.0222 6.89  825.0  283.31  526.48
2454595.83225 16.7376  0.0125 4.79  646.0  283.31  526.48
2454595.89433 16.7368  0.0132 5.05  681.0  283.31  526.48
2454596.62738 16.7325  0.0164 4.91  776.0  283.31  526.48
2454596.90705 16.7281  0.0122 4.47  687.0  283.31  526.48
2454597.65786 16.7466  0.0135 5.50  613.0  283.31  526.48
2454597.84918 16.7268  0.0112 3.71  770.0  283.31  526.48
2454597.92025 16.7274  0.0133 4.62  833.0  283.31  526.48
2454598.62762 16.7259  0.0113 4.03  585.0  283.31  526.48
2454598.87247 16.7540  0.0107 3.47  627.0  283.31  526.48
2454599.60644 16.7356  0.0147 5.33  909.0  283.31  526.48
2454599.81050 16.7226  0.0110 3.96  624.0  283.31  526.48
2454600.61560 16.7264  0.0160 4.73  651.0  283.31  526.48
2454600.82917 16.7117  0.0106 3.73  657.0  283.31  526.48
2454600.92224 16.7345  0.0124 4.12  947.0  283.31  526.48
2454601.62121 16.7524  0.0201 4.31  873.0  283.31  526.48
2454601.83760 16.7404  0.0106 3.66  553.0  283.31  526.48
2454601.89949 16.7462  0.0116 4.48  614.0  283.31  526.48
2454601.94199 16.7688  0.0190 4.91 2111.0  283.31  526.48
2454602.60863 16.7244  0.0144 4.42  823.0  283.31  526.48
2454602.81932 16.7406  0.0102 3.22  893.0  283.31  526.48
2454602.92805 16.7239  0.0118 5.11  758.0  283.31  526.48
2454603.74126 16.7274  0.0122 4.67  705.0  283.31  526.48
2454606.60901 16.7042  0.0132 4.32 1338.0  283.31  526.48
2454610.70991 16.7522  0.0207 4.20 3483.0  283.31  526.48
2454610.91729 16.7205  0.0179 4.66 2695.0  283.31  526.48
2454611.60081 16.7508  0.0176 5.90  996.0  283.31  526.48
2454611.83370 16.7402  0.0119 3.76  913.0  283.31  526.48
2454612.62218 16.7453  0.0212 5.85  910.0  283.31  526.48
2454615.76387 16.7613  0.0142 5.55  724.0  283.31  526.48
2454616.57292 16.7471  0.0197 6.26  849.0  283.31  526.48
2454616.78939 16.7529  0.0117 4.24  600.0  283.31  526.48
2454616.85914 16.7584  0.0184 4.72  711.0  283.31  526.48
2454617.63324 16.7548  0.0138 5.02  701.0  283.31  526.48
2454618.58442 16.7426  0.0140 5.51  751.0  283.31  526.48
2454620.63788 16.7428  0.0169 6.64  833.0  283.31  526.48
2454621.67047 16.7775  0.0120 3.58  628.0  283.31  526.48
2454622.76618 16.7811  0.0128 4.71  724.0  283.31  526.48
2454622.88442 16.7598  0.0138 4.81  897.0  283.31  526.48
2454623.59780 16.7859  0.0155 5.91  751.0  283.31  526.48
2454623.83816 16.7500  0.0142 5.23  840.0  283.31  526.48
2454623.90907 16.7568  0.0170 6.26 1029.0  283.31  526.48
2454624.54992 16.7476  0.0169 6.32  985.0  283.31  526.48
2454624.78181 16.7696  0.0137 5.03  708.0  283.31  526.48
2454624.84840 16.7665  0.0129 4.85  703.0  283.31  526.48
2454624.91741 16.7464  0.0153 5.91  896.0  283.31  526.48
2454625.57610 16.7797  0.0158 6.25  756.0  283.31  526.48
2454625.76425 16.7812  0.0144 4.97  777.0  283.31  526.48
2454625.85812 16.7823  0.0150 5.44  782.0  283.31  526.48
2454626.55995 16.7807  0.0229 7.18  735.0  283.31  526.48
2454626.82647 16.7493  0.0127 4.87  654.0  283.31  526.48
2454627.53147 16.7383  0.0133 4.77  903.0  283.31  526.48
2454627.79998 16.7785  0.0111 3.89  554.0  283.31  526.48
2454627.88663 16.7648  0.0117 4.55  596.0  283.31  526.48
2454628.56475 16.7797  0.0134 4.74  781.0  283.31  526.48
2454628.72854 16.7462  0.0120 4.44  651.0  283.31  526.48
2454628.79412 16.7693  0.0132 4.79  665.0  283.31  526.48
2454628.85607 16.7705  0.0150 4.89  631.0  283.31  526.48
2454629.57623 16.8028  0.0175 6.39  740.0  283.31  526.48
2454629.79765 16.7648  0.0130 4.48  762.0  283.31  526.48
2454629.87997 16.7333  0.0174 4.83  769.0  283.31  526.48
2454630.53144 16.7910  0.0158 5.38  929.0  283.31  526.48
2454630.74150 16.7715  0.0113 3.57  711.0  283.31  526.48
2454630.81958 16.7852  0.0129 4.65  702.0  283.31  526.48
2454630.88770 16.7623  0.0130 4.67  841.0  283.31  526.48
2454631.75278 16.7682  0.0122 4.32  690.0  283.31  526.48
2454631.83054 16.7655  0.0160 4.06  719.0  283.31  526.48
2454631.90550 16.7495  0.0157 5.55 1176.0  283.31  526.48
2454632.53428 16.7637  0.0175 5.84 1164.0  283.31  526.48
2454632.79716 16.7755  0.0121 3.67  825.0  283.31  526.48
2454633.54029 16.7366  0.0220 4.36 1103.0  283.31  526.48
2454633.64217 16.7746  0.0131 4.51  884.0  283.31  526.48
2454633.76380 16.6771  0.0154 4.18 2277.0  283.31  526.48
2454638.72583 16.7979  0.0191 5.10  841.0  283.31  526.48
2454638.82353 16.7482  0.0134 4.43 1029.0  283.31  526.48
2454639.53849 16.7573  0.0145 4.84 1104.0  283.31  526.48
2454639.64471 16.7597  0.0126 4.10  931.0  283.31  526.48
2454639.82407 16.7863  0.0143 4.35 1241.0  283.31  526.48
2454640.56462 16.7982  0.0146 4.65  691.0  283.31  526.48
2454640.69552 16.7849  0.0131 4.56  708.0  283.31  526.48
2454640.80282 16.7917  0.0167 6.26  776.0  283.31  526.48
2454641.58747 16.7793  0.0159 4.53  688.0  283.31  526.48
2454641.74305 16.7656  0.0131 4.74  722.0  283.31  526.48
2454642.56321 16.7606  0.0146 5.44  771.0  283.31  526.48
2454642.72371 16.7587  0.0119 4.28  623.0  283.31  526.48
2454642.80164 16.7909  0.0135 4.75  752.0  283.31  526.48
2454642.87312 16.7645  0.0155 5.70 1212.0  283.31  526.48
2454643.51634 16.7575  0.0162 6.38  993.0  283.31  526.48
2454643.84924 16.7882  0.0157 6.16  733.0  283.31  526.48
2454644.63582 16.7642  0.0146 5.84  675.0  283.31  526.48
2454644.81508 16.7840  0.0125 4.38  706.0  283.31  526.48
2454645.49001 16.7695  0.0166 4.71 1154.0  283.31  526.48
2454645.74069 16.7704  0.0127 4.28  681.0  283.31  526.48
2454645.81654 16.7948  0.0212 5.17  806.0  283.31  526.48
2454645.88127 16.8016  0.0165 5.52 1107.0  283.31  526.48
2454646.49186 16.7656  0.0134 4.32 1020.0  283.31  526.48
2454647.48636 16.7601  0.0174 5.05 1374.0  283.31  526.48
2454647.71117 16.7799  0.0139 4.83  779.0  283.31  526.48
2454647.80457 16.8223  0.0157 5.40  890.0  283.31  526.48
2454648.51471 16.7790  0.0140 4.56  897.0  283.31  526.48
2454648.60421 16.7812  0.0136 5.14  753.0  283.31  526.48
2454648.68036 16.7710  0.0127 4.31  681.0  283.31  526.48
2454648.83214 16.7891  0.0155 5.77  822.0  283.31  526.48
2454649.49489 16.7680  0.0148 5.09  959.0  283.31  526.48
2454649.70535 16.7865  0.0128 4.24  679.0  283.31  526.48
2454649.81987 16.7985  0.0157 5.77  784.0  283.31  526.48
2454650.52636 16.7684  0.0159 5.51 1010.0  283.31  526.48
2454650.74387 16.7882  0.0121 4.06  632.0  283.31  526.48
2454650.82882 16.7745  0.0147 5.59  784.0  283.31  526.48
2454651.48661 16.7751  0.0156 4.80 1155.0  283.31  526.48
2454651.73370 16.8373  0.0239 6.68  725.0  283.31  526.48
2454652.47817 16.8040  0.0171 5.53 1136.0  283.31  526.48
2454652.68077 16.7781  0.0130 4.44  716.0  283.31  526.48
2454652.76232 16.7798  0.0131 4.70  673.0  283.31  526.48
2454652.81592 16.7809  0.0147 5.42  786.0  283.31  526.48
2454653.47464 16.8265  0.0194 6.36 1120.0  283.31  526.48
2454653.69372 16.7795  0.0127 4.26  762.0  283.31  526.48
2454653.75898 16.7729  0.0142 5.19  769.0  283.31  526.48
2454654.50991 16.7586  0.0170 6.75  815.0  283.31  526.48
2454654.70773 16.7931  0.0131 4.26  767.0  283.31  526.48
2454654.78989 16.8042  0.0149 5.27  864.0  283.31  526.48
2454655.47447 16.8126  0.0185 5.37 1171.0  283.31  526.48
2454655.69883 16.7875  0.0114 3.79  573.0  283.31  526.48
2454655.76071 16.7714  0.0118 3.82  666.0  283.31  526.48
2454656.47637 16.7863  0.0138 4.81  949.0  283.31  526.48
2454656.66624 16.7892  0.0134 4.06  855.0  283.31  526.48
2454656.78183 16.7744  0.0130 3.88 1008.0  283.31  526.48
2454657.55095 16.7547  0.0140 5.04  866.0  283.31  526.48
2454658.63474 16.7026  0.0132 5.33  695.0  283.31  526.48
2454659.53192 16.7727  0.0204 6.65  819.0  283.31  526.48
2454660.52419 16.7775  0.0166 5.81  952.0  283.31  526.48
2454661.46456 16.7678  0.0297 4.27 1906.0  283.31  526.48
2454661.66210 16.7806  0.0144 3.53 1949.0  283.31  526.48
2454661.72669 16.7582  0.0143 3.98 1088.0  283.31  526.48
2454661.79376 16.7553  0.0140 4.56 1066.0  283.31  526.48
2454665.63154 16.7749  0.0165 4.71 1613.0  283.31  526.48
2454665.75683 16.7804  0.0170 4.69 1841.0  283.31  526.48
2454666.47603 16.8000  0.0189 6.05 1338.0  283.31  526.48
2454666.66063 16.7927  0.0146 4.74  977.0  283.31  526.48
2454666.76450 16.7804  0.0190 6.50 1103.0  283.31  526.48
2454666.79026 16.7863  0.0189 6.23 1156.0  283.31  526.48
2454667.52249 16.7984  0.0193 6.85  987.0  283.31  526.48
2454669.58614 16.7777  0.0152 5.86  781.0  283.31  526.48
2454670.54639 16.7974  0.0157 6.32  675.0  283.31  526.48
2454670.62214 16.8362  0.0156 5.63  691.0  283.31  526.48
2454671.54307 16.7921  0.0137 5.11  617.0  283.31  526.48
2454671.75000 16.7781  0.0132 4.81  692.0  283.31  526.48
2454672.47778 16.7770  0.0167 5.11  908.0  283.31  526.48
2454672.74133 16.8164  0.0192 5.46  812.0  283.31  526.48
2454672.78025 16.7942  0.0147 5.24  819.0  283.31  526.48
2454674.48225 16.7890  0.0170 6.56  747.0  283.31  526.48
2454675.63341 16.7907  0.0123 4.21  644.0  283.31  526.48
2454677.46281 16.7956  0.0250 5.62 3361.0  283.31  526.48
2454677.60922 16.7943  0.0180 4.55  575.0  283.31  526.48
2454677.69299 16.7782  0.0132 4.93  649.0  283.31  526.48
2454678.65991 16.7906  0.0117 4.12  577.0  283.31  526.48
2454679.55556 16.8134  0.0163 6.14  666.0  283.31  526.48
2454681.50426 16.7873  0.0138 5.04  714.0  283.31  526.48
2454681.60432 16.7658  0.0166 4.79  597.0  283.31  526.48
2454682.47528 16.7939  0.0139 4.71  873.0  283.31  526.48
2454682.55120 16.8148  0.0171 5.03  704.0  283.31  526.48
2454682.72787 16.7987  0.0130 4.49  685.0  283.31  526.48
2454683.47182 16.8380  0.0195 6.48 1206.0  283.31  526.48
2454683.68068 16.7880  0.0146 5.71  628.0  283.31  526.48
2454683.74391 16.7949  0.0141 5.45  620.0  283.31  526.48
2454684.47750 16.7895  0.0167 6.20  940.0  283.31  526.48
2454684.74225 16.7973  0.0136 5.42  662.0  283.31  526.48
2454685.51965 16.7760  0.0152 5.01  873.0  283.31  526.48
2454686.47490 16.7686  0.0146 4.74  911.0  283.31  526.48
2454687.50089 16.7810  0.0128 4.17  747.0  283.31  526.48
2454687.71430 16.7980  0.0211 6.15  879.0  283.31  526.48
2454688.47147 16.8249  0.0194 5.67 1387.0  283.31  526.48
2454688.66148 16.7950  0.0130 4.52  692.0  283.31  526.48
2454688.72321 16.7834  0.0147 5.60  743.0  283.31  526.48
2454693.53566 16.8125  0.0131 4.03  991.0  283.31  526.48
2454694.51443 16.7791  0.0251 6.14  951.0  283.31  526.48
2454697.47142 16.8004  0.0166 5.29 1218.0  283.31  526.48
2454697.69661 16.8036  0.0202 5.84  835.0  283.31  526.48
2454698.47566 16.7731  0.0135 4.78  789.0  283.31  526.48
2454699.47457 16.8183  0.0169 5.88  966.0  283.31  526.48
2454700.48288 16.8035  0.0140 4.95  745.0  283.31  526.48
2454701.47819 16.7896  0.0154 5.21  892.0  283.31  526.48
2454701.66701 16.8191  0.0138 5.25  564.0  283.31  526.48
2454702.47658 16.8035  0.0165 5.74  913.0  283.31  526.48
2454703.47813 16.8100  0.0131 4.56  828.0  283.31  526.48
2454704.56165 16.8195  0.0130 3.96  792.0  283.31  526.48
2454705.48043 16.8290  0.0180 6.60  848.0  283.31  526.48
2454707.58139 16.7790  0.0125 4.44  660.0  283.31  526.48
2454708.51319 16.7923  0.0127 4.20  752.0  283.31  526.48
2454709.48919 16.7985  0.0173 6.77  812.0  283.31  526.48
2454710.51344 16.8022  0.0118 4.54  750.0  283.31  526.48
2454711.49838 16.8517  0.0172 6.25  760.0  283.31  526.48
2454715.56165 16.8257  0.0159 5.89  751.0  283.31  526.48
2454716.47660 16.8156  0.0166 4.62 1577.0  283.31  526.48
2454720.50224 16.8174  0.0202 4.75 2596.0  283.31  526.48
2454721.50315 16.8209  0.0188 6.26 1030.0  283.31  526.48
2454722.61538 16.8139  0.0155 5.27  970.0  283.31  526.48
2454724.48223 16.7769  0.0172 5.62 1074.0  283.31  526.48
2454725.55609 16.8283  0.0173 5.80 1051.0  283.31  526.48
2454726.52067 16.8397  0.0272 6.18  829.0  283.31  526.48
2454728.56515 16.7991  0.0167 5.69  733.0  283.31  526.48
2454729.50568 16.7976  0.0148 5.50  682.0  283.31  526.48
2454731.52859 16.8248  0.0169 6.08  729.0  283.31  526.48
2454733.48018 16.8359  0.0176 4.85 1422.0  283.31  526.48
2454734.49596 16.8166  0.0163 5.77  759.0  283.31  526.48
2454737.51484 16.8224  0.0144 5.21  671.0  283.31  526.48
2454738.55469 16.7897  0.0158 6.09  690.0  283.31  526.48
2454740.52690 16.8414  0.0172 6.48  722.0  283.31  526.48
2454741.49964 16.8383  0.0153 5.46  736.0  283.31  526.48
2454743.50808 16.8228  0.0183 6.70  745.0  283.31  526.48
2454750.57478 16.7978  0.0172 5.64 1118.0  283.31  526.48
2454756.49060 16.8470  0.0202 6.05 1316.0  283.31  526.48
2454765.49232 16.8150  0.0189 5.44 1739.0  283.31  526.48
2454866.88420 16.8087  0.0257 6.64 1934.0  283.31  526.48
2454867.86783 16.8542  0.0161 5.50 1043.0  283.31  526.48
2454870.86754 16.8246  0.0158 5.74 1128.0  283.31  526.48
2454872.87919 16.8539  0.0211 6.62 1264.0  283.31  526.48
2454876.84061 16.8468  0.0170 6.38  921.0  283.31  526.48
2454883.84217 16.8367  0.0150 5.86  690.0  283.31  526.48
2454884.82288 16.8501  0.0183 4.71  949.0  283.31  526.48
2454886.87433 16.8511  0.0162 4.81  773.0  283.31  526.48
2454890.85653 16.8295  0.0121 4.12  674.0  283.31  526.48
2454896.84420 16.8380  0.0149 5.38  640.0  283.31  526.48
2454899.81564 16.8172  0.0141 4.20  947.0  283.31  526.48
2454900.79536 16.8375  0.0145 4.36 1097.0  283.31  526.48
2454901.85551 16.8446  0.0225 4.51  879.0  283.31  526.48
2454902.85389 16.8510  0.0126 4.03  836.0  283.31  526.48
2454904.77827 16.8227  0.0128 4.18  912.0  283.31  526.48
2454905.88211 16.8678  0.0166 5.38  911.0  283.31  526.48
2454910.78413 16.8344  0.0157 4.31 1364.0  283.31  526.48
2454911.75478 16.8296  0.0121 4.59  585.0  283.31  526.48
2454912.75161 16.8383  0.0164 4.13  618.0  283.31  526.48
2454914.75456 16.7882  0.0133 5.91  567.0  283.31  526.48
2454918.75146 16.8233  0.0135 4.41  630.0  283.31  526.48
2454924.71408 16.8450  0.0133 4.95  718.0  283.31  526.48
2454925.76338 16.8252  0.0126 4.32  691.0  283.31  526.48
2454925.87946 16.8228  0.0108 3.53  674.0  283.31  526.48
2454926.72720 16.8110  0.0148 5.34  926.0  283.31  526.48
2454927.79879 16.8449  0.0137 4.50  751.0  283.31  526.48
2454928.70289 16.8375  0.0219 6.66  941.0  283.31  526.48
2454929.70835 16.8581  0.0178 6.22 1050.0  283.31  526.48
2454929.84769 16.8562  0.0123 4.02  802.0  283.31  526.48
2454930.76631 16.8285  0.0148 5.31 1038.0  283.31  526.48
2454931.68829 16.8606  0.0196 6.38 1322.0  283.31  526.48
2454931.81065 16.8097  0.0147 3.97  928.0  283.31  526.48
2454932.76587 16.8225  0.0130 4.16  919.0  283.31  526.48
2454933.68598 16.8333  0.0184 6.23 1296.0  283.31  526.48
2454933.81419 16.8330  0.0159 5.03  920.0  283.31  526.48
2454934.78959 16.8283  0.0174 4.60 1488.0  283.31  526.48
2454938.69409 16.8404  0.0133 4.10  936.0  283.31  526.48
2454938.79354 16.8190  0.0165 4.32  776.0  283.31  526.48
2454939.71310 16.8434  0.0146 5.29  742.0  283.31  526.48
2454939.81460 16.8401  0.0154 5.21  718.0  283.31  526.48
2454940.71720 16.8353  0.0131 4.56  659.0  283.31  526.48
2454941.69187 16.8316  0.0139 4.34  728.0  283.31  526.48
2454941.81893 16.8250  0.0121 4.40  677.0  283.31  526.48
2454942.67137 16.8187  0.0138 4.84  778.0  283.31  526.48
2454942.84428 16.8305  0.0114 4.02  618.0  283.31  526.48
2454943.68374 16.8777  0.0130 4.93  633.0  283.31  526.48
2454943.74978 16.8118  0.0117 3.93  605.0  283.31  526.48
2454944.68911 16.8403  0.0126 4.27  696.0  283.31  526.48
2454944.76427 16.8823  0.0125 4.04  667.0  283.31  526.48
2454945.68586 16.8457  0.0130 4.46  753.0  283.31  526.48
2454945.81733 16.8586  0.0107 3.52  660.0  283.31  526.48
2454946.74327 16.8267  0.0130 4.85  639.0  283.31  526.48
2454947.69777 16.8198  0.0111 3.92  613.0  283.31  526.48
2454948.85316 16.8568  0.0109 3.67  581.0  283.31  526.48
2454949.64693 16.8153  0.0136 4.89  828.0  283.31  526.48
2454950.68474 16.8220  0.0131 4.27  646.0  283.31  526.48
2454951.67526 16.8489  0.0147 5.28  756.0  283.31  526.48
2454952.79407 16.8294  0.0110 4.03  600.0  283.31  526.48
2454953.65290 16.8240  0.0129 4.46  779.0  283.31  526.48
2454953.75862 16.8632  0.0130 4.18  690.0  283.31  526.48
2454954.67300 16.8387  0.0135 5.20  683.0  283.31  526.48
2454954.77097 16.8359  0.0124 4.17  616.0  283.31  526.48
2454955.67367 16.8364  0.0142 5.25  764.0  283.31  526.48
