2452125.62533 15.2427  0.0054 5.34 1994.0  370.71  237.75
2452129.70073 15.2330  0.0042 3.97  673.0  370.71  237.75
2452132.64227 15.2440  0.0043 3.91  681.0  370.71  237.75
2452136.54633 15.2515  0.0049 5.72  647.0  370.71  237.75
2452141.55810 15.2468  0.0044 4.30  661.0  370.71  237.75
2452144.64737 15.2403  0.0043 4.13  592.0  370.71  237.75
2452160.61582 15.2423  0.0048 5.40  789.0  370.71  237.75
2452175.65388 15.2412  0.0053 6.23 1289.0  370.71  237.75
2452188.50518 15.2391  0.0055 6.85  712.0  370.71  237.75
2452211.50985 15.2405  0.0061 7.05 1242.0  370.71  237.75
2452332.87776 15.2278  0.0049 4.58 2611.0  370.71  237.75
2452347.84165 15.2347  0.0046 3.81  644.0  370.71  237.75
2452357.86918 15.2411  0.0050 5.00  657.0  370.71  237.75
2452372.85709 15.2380  0.0048 4.63  767.0  370.71  237.75
2452383.88281 15.2323  0.0047 4.17  659.0  370.71  237.75
2452388.79973 15.2562  0.0052 5.29  797.0  370.71  237.75
2452390.82910 15.2417  0.0047 3.79  915.0  370.71  237.75
2452397.70936 15.2337  0.0046 4.01  946.0  370.71  237.75
2452401.83849 15.2352  0.0047 4.10  791.0  370.71  237.75
2452403.91551 15.2344  0.0048 4.65  809.0  370.71  237.75
2452405.90289 15.2866  0.0050 4.83  832.0  370.71  237.75
2452411.74318 15.2471  0.0025 4.40  581.0  370.71  237.75
2452414.91328 15.2363  0.0057 6.67  744.0  370.71  237.75
2452416.86028 15.2553  0.0051 4.98  808.0  370.71  237.75
2452424.83132 15.2550  0.0050 4.66  948.0  370.71  237.75
2452428.85625 15.2359  0.0051 6.08  762.0  370.71  237.75
2452434.75460 15.2369  0.0045 3.58  720.0  370.71  237.75
2452436.80336 15.2332  0.0048 4.53  741.0  370.71  237.75
2452438.76410 15.2580  0.0047 4.14  621.0  370.71  237.75
2452441.74184 15.2751  0.0043 3.99  681.0  370.71  237.75
2452445.64738 15.2331  0.0046 3.94  655.0  370.71  237.75
2452448.67239 15.2426  0.0050 3.74 1517.0  370.71  237.75
2452455.70603 15.2121  0.0036 4.68 1708.0  370.71  237.75
2452459.62612 15.2548  0.0025 4.77  537.0  370.71  237.75
2452463.55746 15.2449  0.0049 5.09  659.0  370.71  237.75
2452466.65955 15.2475  0.0048 4.98  563.0  370.71  237.75
2452468.68970 15.2379  0.0046 4.22  589.0  370.71  237.75
2452470.67227 15.2360  0.0047 4.65  554.0  370.71  237.75
2452472.69738 15.2473  0.0045 4.89  602.0  370.71  237.75
2452481.57390 15.2469  0.0055 5.84  835.0  370.71  237.75
2452484.63643 15.2432  0.0050 5.39  624.0  370.71  237.75
2452486.72848 15.2449  0.0055 6.32  701.0  370.71  237.75
2452489.60245 15.2375  0.0044 4.13  571.0  370.71  237.75
2452490.48631 15.2360  0.0048 4.80  745.0  370.71  237.75
2452490.69669 15.2484  0.0049 5.22  626.0  370.71  237.75
2452491.48717 15.2406  0.0058 6.88  711.0  370.71  237.75
2452492.55008 15.2484  0.0045 4.84  687.0  370.71  237.75
2452493.49113 15.2389  0.0045 3.85  835.0  370.71  237.75
2452493.65826 15.2446  0.0047 4.40  750.0  370.71  237.75
2452495.76013 15.2415  0.0048 5.15  961.0  370.71  237.75
2452498.52368 15.2447  0.0043 3.11  611.0  370.71  237.75
2452500.56821 15.2430  0.0045 3.46  731.0  370.71  237.75
2452502.57939 15.2410  0.0045 3.78  762.0  370.71  237.75
2452508.67979 15.2427  0.0050 4.77 1078.0  370.71  237.75
2452512.62613 15.2514  0.0049 4.40  814.0  370.71  237.75
2452517.57998 15.2492  0.0049 4.96  698.0  370.71  237.75
2452520.59536 15.2397  0.0047 4.47  670.0  370.71  237.75
2452528.50065 15.2434  0.0050 4.82  824.0  370.71  237.75
2452538.50706 15.2432  0.0048 4.38  938.0  370.71  237.75
2452542.53430 15.2415  0.0051 3.96 1775.0  370.71  237.75
2452552.50829 15.2432  0.0050 4.90  870.0  370.71  237.75
2452556.59241 15.2400  0.0052 5.19 1081.0  370.71  237.75
2452563.50682 15.2461  0.0047 4.15  881.0  370.71  237.75
2452575.53467 15.2547  0.0040 5.47 1067.0  370.71  237.75
2452707.87954 15.2529  0.0044 3.90  654.0  370.71  237.75
2452714.91495 15.2463  0.0046 3.46 1199.0  370.71  237.75
2452729.84883 15.2389  0.0053 6.07  715.0  370.71  237.75
2452734.78931 15.2382  0.0046 3.61  758.0  370.71  237.75
2452744.92674 15.2399  0.0049 4.03 1305.0  370.71  237.75
2452753.90071 15.2409  0.0050 5.14  838.0  370.71  237.75
2452757.81296 15.2447  0.0047 4.45  910.0  370.71  237.75
2452761.83008 15.2431  0.0051 5.22  811.0  370.71  237.75
2452767.80817 15.2457  0.0057 6.26  836.0  370.71  237.75
2452775.73450 15.2395  0.0058 5.77 1348.0  370.71  237.75
2452783.83855 15.2346  0.0047 4.02  700.0  370.71  237.75
2452785.76418 15.2426  0.0051 5.24  761.0  370.71  237.75
2452787.61449 15.2371  0.0052 5.18  900.0  370.71  237.75
2452789.77122 15.2331  0.0047 4.17  738.0  370.71  237.75
2452791.72764 15.2367  0.0048 4.43  595.0  370.71  237.75
2452794.94181 15.2387  0.0051 4.68 1088.0  370.71  237.75
2452796.84141 15.2383  0.0046 4.21  620.0  370.71  237.75
2452797.90261 15.2342  0.0048 5.85  847.0  370.71  237.75
2452809.73057 15.2477  0.0053 5.40  787.0  370.71  237.75
2452811.65765 15.2457  0.0058 6.52  782.0  370.71  237.75
2452812.72939 15.2438  0.0061 7.03  779.0  370.71  237.75
2452813.84297 15.2471  0.0052 5.12  801.0  370.71  237.75
2452814.76225 15.2392  0.0050 5.22  702.0  370.71  237.75
2452816.62697 15.2398  0.0046 4.15  512.0  370.71  237.75
2452818.59818 15.2467  0.0049 4.81  611.0  370.71  237.75
2452820.80490 15.2401  0.0047 3.93  749.0  370.71  237.75
2452826.76838 15.2387  0.0051 5.38  613.0  370.71  237.75
2452835.65677 15.2369  0.0052 4.87 1032.0  370.71  237.75
2452837.64930 15.2187  0.0048 4.75 2718.0  370.71  237.75
2452839.72183 15.2356  0.0052 5.42  716.0  370.71  237.75
2452841.73111 15.2417  0.0047 4.22  798.0  370.71  237.75
2452843.66169 15.2389  0.0042 4.91  822.0  370.71  237.75
2452845.66827 15.2399  0.0048 4.54  643.0  370.71  237.75
2452850.53631 15.2363  0.0046 3.39  929.0  370.71  237.75
2452852.54873 15.2444  0.0058 6.40  811.0  370.71  237.75
2452854.55241 15.2429  0.0050 5.02  810.0  370.71  237.75
2452856.74280 15.2377  0.0059 6.55  991.0  370.71  237.75
2452858.69544 15.2409  0.0048 4.85  839.0  370.71  237.75
2452862.60815 15.2499  0.0056 5.44 1001.0  370.71  237.75
2452865.71174 15.2469  0.0049 4.93 1465.0  370.71  237.75
2452868.59794 15.2463  0.0047 4.21  640.0  370.71  237.75
2452876.59425 15.2406  0.0052 5.77  613.0  370.71  237.75
2452879.64453 15.2387  0.0048 4.56  609.0  370.71  237.75
2452884.67488 15.2401  0.0053 5.67  796.0  370.71  237.75
2452892.66328 15.2404  0.0059 5.92 1321.0  370.71  237.75
2452895.63697 15.2357  0.0046 3.91  873.0  370.71  237.75
2452900.56519 15.2386  0.0050 4.66  790.0  370.71  237.75
2452906.51710 15.2398  0.0056 6.26  844.0  370.71  237.75
2452911.54127 15.2362  0.0050 4.55  765.0  370.71  237.75
2452918.56527 15.2443  0.0053 4.89 1030.0  370.71  237.75
2452930.58624 15.2258  0.0051 4.62 1105.0  370.71  237.75
2453059.82158 15.2398  0.0045 4.99  804.0  370.71  237.75
2453064.83838 15.2383  0.0052 5.81 1002.0  370.71  237.75
2453068.79225 15.2398  0.0054 5.98 1106.0  370.71  237.75
2453070.87088 15.2395  0.0047 4.82  869.0  370.71  237.75
2453073.82695 15.2362  0.0045 4.15  889.0  370.71  237.75
2453075.86501 15.2417  0.0046 4.31  911.0  370.71  237.75
2453080.76926 15.2339  0.0038 4.63  887.0  370.71  237.75
2453082.89293 15.2377  0.0043 3.95  587.0  370.71  237.75
2453085.82753 15.2457  0.0044 4.77  589.0  370.71  237.75
2453086.89992 15.2415  0.0043 4.05  661.0  370.71  237.75
2453088.82013 15.2334  0.0041 3.64  574.0  370.71  237.75
2453090.73324 15.2384  0.0043 4.74  687.0  370.71  237.75
2453096.88844 15.2424  0.0050 6.23  668.0  370.71  237.75
2453098.90833 15.2275  0.0040 3.72  554.0  370.71  237.75
2453099.92165 15.2408  0.0052 5.69  976.0  370.71  237.75
2453101.76035 15.2402  0.0050 5.15  998.0  370.71  237.75
2453103.79334 15.2338  0.0044 3.69  907.0  370.71  237.75
2453104.85193 15.2417  0.0064 3.77 4582.0  370.71  237.75
2453106.86523 15.2403  0.0047 3.65 1524.0  370.71  237.75
2453108.78526 15.2348  0.0041 3.25  705.0  370.71  237.75
2453109.84469 15.2366  0.0043 4.13  663.0  370.71  237.75
2453110.85106 15.2442  0.0044 4.72  735.0  370.71  237.75
2453112.83636 15.2406  0.0043 4.90  520.0  370.71  237.75
2453114.80096 15.2343  0.0041 3.69  612.0  370.71  237.75
2453116.88891 15.2519  0.0048 5.45  652.0  370.71  237.75
2453122.92695 15.2448  0.0050 5.78  804.0  370.71  237.75
2453125.88746 15.2383  0.0055 6.59  724.0  370.71  237.75
2453127.83073 15.2479  0.0048 5.43  834.0  370.71  237.75
2453128.83691 15.2291  0.0042 3.86  836.0  370.71  237.75
2453130.71808 15.2412  0.0046 3.91 1154.0  370.71  237.75
2453131.68462 15.2470  0.0055 5.96 1253.0  370.71  237.75
2453134.83213 15.2336  0.0053 4.98 1738.0  370.71  237.75
2453135.91623 15.2404  0.0044 4.90  722.0  370.71  237.75
2453138.67053 15.2295  0.0045 4.75  692.0  370.71  237.75
2453139.89572 15.2298  0.0044 4.82  693.0  370.71  237.75
2453140.89527 15.2418  0.0044 4.95  609.0  370.71  237.75
2453142.78427 15.2295  0.0043 4.46  670.0  370.71  237.75
2453144.80438 15.2364  0.0043 4.69  585.0  370.71  237.75
2453146.83347 15.2389  0.0045 5.31  556.0  370.71  237.75
2453151.76726 15.2396  0.0046 5.19  571.0  370.71  237.75
2453151.92322 15.2411  0.0047 5.40  753.0  370.71  237.75
2453152.77217 15.2351  0.0045 4.95  656.0  370.71  237.75
2453153.77553 15.2422  0.0047 5.63  651.0  370.71  237.75
2453154.83980 15.2393  0.0053 6.92  659.0  370.71  237.75
2453156.88060 15.2470  0.0045 4.58  810.0  370.71  237.75
2453162.59046 15.2371  0.0050 5.36 1074.0  370.71  237.75
2453163.77143 15.2409  0.0046 5.10  774.0  370.71  237.75
2453164.75366 15.2325  0.0044 4.87  640.0  370.71  237.75
2453164.88670 15.2309  0.0048 5.57  765.0  370.71  237.75
2453165.72726 15.2356  0.0036 3.79  664.0  370.71  237.75
2453167.61358 15.2402  0.0054 7.09  665.0  370.71  237.75
2453168.87545 15.2330  0.0044 4.42  789.0  370.71  237.75
2453169.74341 15.2406  0.0045 4.44  592.0  370.71  237.75
2453170.82835 15.2415  0.0042 4.20  614.0  370.71  237.75
2453171.79964 15.2375  0.0026 3.64  625.0  370.71  237.75
2453172.77059 15.2405  0.0042 4.67  587.0  370.71  237.75
2453173.86860 15.2334  0.0048 5.54  727.0  370.71  237.75
2453174.72739 15.2356  0.0040 3.99  542.0  370.71  237.75
2453175.52856 15.2390  0.0044 4.85  861.0  370.71  237.75
2453175.62674 15.2386  0.0041 3.67  679.0  370.71  237.75
2453175.68048 15.2304  0.0040 3.52  651.0  370.71  237.75
2453175.73613 15.2343  0.0042 4.33  645.0  370.71  237.75
2453176.53643 15.2555  0.0054 6.71  953.0  370.71  237.75
2453176.69635 15.2436  0.0048 6.20  538.0  370.71  237.75
2453177.77661 15.2435  0.0048 7.64  692.0  370.71  237.75
2453179.52140 15.2421  0.0042 4.51  663.0  370.71  237.75
2453179.90066 15.2386  0.0047 5.26  794.0  370.71  237.75
2453180.73850 15.2363  0.0040 4.30  444.0  370.71  237.75
2453182.80310 15.2375  0.0043 4.69  620.0  370.71  237.75
2453183.75806 15.2419  0.0046 5.55  585.0  370.71  237.75
2453184.71910 15.2413  0.0044 4.82  593.0  370.71  237.75
2453185.72261 15.2327  0.0044 4.36  735.0  370.71  237.75
2453193.55405 15.2386  0.0042 4.41  641.0  370.71  237.75
2453194.56571 15.2337  0.0049 5.16 1057.0  370.71  237.75
2453195.69725 15.2444  0.0042 4.35  600.0  370.71  237.75
2453195.81782 15.2320  0.0041 3.86  647.0  370.71  237.75
2453196.61871 15.2419  0.0044 4.52  756.0  370.71  237.75
2453197.54346 15.2354  0.0043 4.27  672.0  370.71  237.75
2453197.84690 15.2450  0.0048 5.22  988.0  370.71  237.75
2453199.64061 15.2367  0.0042 5.04  446.0  370.71  237.75
2453202.53490 15.2327  0.0042 4.44  628.0  370.71  237.75
2453203.67649 15.2329  0.0041 4.32  484.0  370.71  237.75
2453204.67090 15.2404  0.0041 4.34  444.0  370.71  237.75
2453205.52980 15.2463  0.0042 4.66  518.0  370.71  237.75
2453206.73517 15.2428  0.0041 4.37  543.0  370.71  237.75
2453209.65515 15.2395  0.0040 5.05  527.0  370.71  237.75
2453210.65522 15.2327  0.0041 4.06  612.0  370.71  237.75
2453211.62566 15.2396  0.0044 5.27  489.0  370.71  237.75
2453217.66987 15.2400  0.0047 4.61 1062.0  370.71  237.75
2453218.66817 15.2390  0.0050 5.52 1014.0  370.71  237.75
2453219.62438 15.2376  0.0054 6.80  736.0  370.71  237.75
2453223.66938 15.2353  0.0049 6.30  640.0  370.71  237.75
2453224.71747 15.2290  0.0043 4.45  712.0  370.71  237.75
2453226.63971 15.2333  0.0046 5.93  449.0  370.71  237.75
2453228.61869 15.2445  0.0046 5.79  501.0  370.71  237.75
2453229.65117 15.2364  0.0043 4.92  504.0  370.71  237.75
2453230.68466 15.2320  0.0041 4.32  525.0  370.71  237.75
2453231.58866 15.2383  0.0041 4.39  601.0  370.71  237.75
2453232.62516 15.2410  0.0046 6.39  512.0  370.71  237.75
2453238.63696 15.2307  0.0046 5.65  583.0  370.71  237.75
2453239.71600 15.2388  0.0047 6.12  597.0  370.71  237.75
2453240.48912 15.2258  0.0042 4.26  733.0  370.71  237.75
2453241.67180 15.2455  0.0047 5.57  792.0  370.71  237.75
2453245.57299 15.2478  0.0063 7.05 1695.0  370.71  237.75
2453246.67868 15.2326  0.0052 6.31  845.0  370.71  237.75
2453247.59783 15.2460  0.0047 5.34  775.0  370.71  237.75
2453249.54535 15.2311  0.0045 4.94  643.0  370.71  237.75
2453250.67635 15.2389  0.0046 5.01  969.0  370.71  237.75
2453253.64557 15.2370  0.0051 7.29  504.0  370.71  237.75
2453256.65556 15.2264  0.0046 5.61  644.0  370.71  237.75
2453260.56529 15.2289  0.0043 4.62  587.0  370.71  237.75
2453265.49578 15.2269  0.0050 6.51  704.0  370.71  237.75
2453267.54945 15.2296  0.0040 4.59  806.0  370.71  237.75
2453272.60739 15.2281  0.0042 4.84  796.0  370.71  237.75
2453275.50148 15.2337  0.0055 5.76 2114.0  370.71  237.75
2453278.61731 15.2176  0.0039 4.79  804.0  370.71  237.75
2453282.49679 15.2324  0.0044 4.93  722.0  370.71  237.75
2453288.56315 15.2312  0.0036 5.08  546.0  370.71  237.75
2453293.53375 15.2147  0.0030 4.71  331.0  370.71  237.75
2453295.54225 15.2216  0.0025 4.21  285.0  370.71  237.75
2453300.52755 15.2254  0.0047 4.41 1014.0  370.71  237.75
2453312.52806 15.2038  0.0046 5.12 1154.0  370.71  237.75
2453417.86256 14.9767  0.0033 4.42  540.0  370.71  237.75
2453422.88890 14.9499  0.0028 4.47  597.0  370.71  237.75
2453426.87994 14.9166  0.0033 4.35  707.0  370.71  237.75
2453429.86498 14.8919  0.0032 4.19  732.0  370.71  237.75
2453432.90528 14.8747  0.0034 4.20 1337.0  370.71  237.75
2453442.90783 14.7884  0.0030 4.13  637.0  370.71  237.75
2453445.82083 14.7655  0.0029 4.18  503.0  370.71  237.75
2453447.87116 14.7439  0.0031 4.75  588.0  370.71  237.75
2453449.88803 14.7130  0.0028 3.91  524.0  370.71  237.75
2453452.90518 14.6916  0.0027 3.60  529.0  370.71  237.75
2453453.77706 14.6754  0.0032 5.24 1020.0  370.71  237.75
2453455.84766 14.6555  0.0032 5.50  862.0  370.71  237.75
2453456.85876 14.6431  0.0027 3.56  720.0  370.71  237.75
2453457.77643 14.6320  0.0029 4.79  754.0  370.71  237.75
2453458.81999 14.6222  0.0027 3.99  740.0  370.71  237.75
2453459.79458 14.6122  0.0028 4.13  819.0  370.71  237.75
2453467.89736 14.5289  0.0026 4.60  468.0  370.71  237.75
2453469.80701 14.5144  0.0025 4.04  510.0  370.71  237.75
2453470.84713 14.4980  0.0025 3.87  478.0  370.71  237.75
2453472.77837 14.4905  0.0025 4.07  534.0  370.71  237.75
2453473.87341 14.4723  0.0027 5.20  532.0  370.71  237.75
2453474.84466 14.4640  0.0026 4.73  492.0  370.71  237.75
2453477.78236 14.4524  0.0025 4.55  538.0  370.71  237.75
2453478.89665 14.4357  0.0021 4.81  580.0  370.71  237.75
2453480.84863 14.4294  0.0026 5.61  475.0  370.71  237.75
2453481.84850 14.4313  0.0023 3.37  565.0  370.71  237.75
2453483.79292 14.4172  0.0024 3.76  647.0  370.71  237.75
2453496.74680 14.4068  0.0024 4.44  676.0  370.71  237.75
2453497.81456 14.4186  0.0026 5.12  625.0  370.71  237.75
2453498.93577 14.4107  0.0021 4.61  854.0  370.71  237.75
2453499.74322 14.4193  0.0023 4.70  514.0  370.71  237.75
2453500.74781 14.4293  0.0024 4.03  567.0  370.71  237.75
2453501.83852 14.4339  0.0013 3.99  624.0  370.71  237.75
2453502.69414 14.4393  0.0023 3.57  587.0  370.71  237.75
2453503.70697 14.4366  0.0022 4.06  497.0  370.71  237.75
2453504.72134 14.4468  0.0023 4.89  477.0  370.71  237.75
2453506.81025 14.4516  0.0027 5.65  547.0  370.71  237.75
2453508.80321 14.4726  0.0026 5.09  576.0  370.71  237.75
2453509.70660 14.4794  0.0025 4.32  499.0  370.71  237.75
2453511.69333 14.4963  0.0027 4.94  632.0  370.71  237.75
2453512.76228 14.5066  0.0027 4.51  810.0  370.71  237.75
2453517.80271 14.5548  0.0028 4.81  861.0  370.71  237.75
2453520.83791 14.5730  0.0027 4.51  630.0  370.71  237.75
2453521.65709 14.5830  0.0023 4.58  428.0  370.71  237.75
2453522.76732 14.5934  0.0027 4.63  515.0  370.71  237.75
2453523.80198 14.5993  0.0026 4.13  528.0  370.71  237.75
2453524.78968 14.6124  0.0025 5.29  643.0  370.71  237.75
2453525.76933 14.6225  0.0028 4.95  475.0  370.71  237.75
2453526.85468 14.6300  0.0027 4.26  552.0  370.71  237.75
2453528.57330 14.6467  0.0029 5.10  741.0  370.71  237.75
2453530.79874 14.6649  0.0027 4.12  484.0  370.71  237.75
2453537.76655 14.7252  0.0028 4.53  478.0  370.71  237.75
2453538.69604 14.7311  0.0027 4.04  559.0  370.71  237.75
2453540.66999 14.7605  0.0030 4.48  685.0  370.71  237.75
2453544.74429 14.7921  0.0032 3.89 1209.0  370.71  237.75
2453546.86821 14.7987  0.0036 6.18  855.0  370.71  237.75
2453547.82839 14.8150  0.0035 5.90  680.0  370.71  237.75
2453550.65484 14.8451  0.0026 3.68  646.0  370.71  237.75
2453551.65846 14.8534  0.0022 3.55  550.0  370.71  237.75
2453552.69163 14.8520  0.0029 5.18  464.0  370.71  237.75
2453553.69437 14.8583  0.0034 5.29  547.0  370.71  237.75
2453554.68649 14.8605  0.0034 5.68  514.0  370.71  237.75
2453555.71305 14.8757  0.0032 5.01  476.0  370.71  237.75
2453556.74132 14.8851  0.0033 5.02  468.0  370.71  237.75
2453558.57712 14.8939  0.0032 4.32  582.0  370.71  237.75
2453558.85447 14.8883  0.0033 5.09  592.0  370.71  237.75
2453559.67301 14.9017  0.0032 4.72  465.0  370.71  237.75
2453560.62613 14.9106  0.0031 4.27  497.0  370.71  237.75
2453561.56644 14.9100  0.0031 3.95  654.0  370.71  237.75
2453561.83356 14.9177  0.0032 4.25  571.0  370.71  237.75
2453562.61058 14.9224  0.0034 4.93  533.0  370.71  237.75
2453562.83344 14.9179  0.0033 4.49  637.0  370.71  237.75
2453563.66006 14.9186  0.0032 4.38  463.0  370.71  237.75
2453564.55364 14.9275  0.0035 5.33  593.0  370.71  237.75
2453569.61236 14.9568  0.0035 4.88  721.0  370.71  237.75
2453573.68100 14.9866  0.0036 5.35  759.0  370.71  237.75
2453573.70793 14.9796  0.0035 4.48  782.0  370.71  237.75
2453574.70896 14.9916  0.0035 4.65  679.0  370.71  237.75
2453575.64784 14.9884  0.0032 3.84  544.0  370.71  237.75
2453575.79300 14.9920  0.0035 4.51  744.0  370.71  237.75
2453576.71028 15.0029  0.0034 4.45  567.0  370.71  237.75
2453577.75856 15.0056  0.0033 4.40  470.0  370.71  237.75
2453578.69523 15.0088  0.0033 4.66  446.0  370.71  237.75
2453579.64056 15.0058  0.0034 5.03  454.0  370.71  237.75
2453580.67711 15.0129  0.0034 4.78  477.0  370.71  237.75
2453581.69348 15.0205  0.0033 4.37  459.0  370.71  237.75
2453582.61926 15.0219  0.0032 3.83  400.0  370.71  237.75
2453583.65584 15.0209  0.0033 4.76  437.0  370.71  237.75
2453584.66462 15.0287  0.0032 4.24  455.0  370.71  237.75
2453585.66271 15.0367  0.0032 4.22  380.0  370.71  237.75
2453586.68710 15.0409  0.0032 3.31  489.0  370.71  237.75
2453588.74516 15.0500  0.0030 4.94  491.0  370.71  237.75
2453589.70653 15.0544  0.0034 4.42  474.0  370.71  237.75
2453590.70261 15.0547  0.0034 4.04  525.0  370.71  237.75
2453592.67475 15.0660  0.0032 3.83  423.0  370.71  237.75
2453597.63451 15.0805  0.0035 4.08  742.0  370.71  237.75
2453597.64371 15.0738  0.0037 4.32  806.0  370.71  237.75
2453601.67896 15.1014  0.0036 3.72  865.0  370.71  237.75
2453602.67914 15.0979  0.0036 3.93  902.0  370.71  237.75
2453603.65927 15.0906  0.0037 4.66  615.0  370.71  237.75
2453607.65774 15.1135  0.0036 4.69  467.0  370.71  237.75
2453608.67373 15.1081  0.0035 4.21  530.0  370.71  237.75
2453615.60100 15.1313  0.0036 5.17  467.0  370.71  237.75
2453618.60455 15.1408  0.0035 3.90  623.0  370.71  237.75
2453620.56780 15.1348  0.0035 3.68  481.0  370.71  237.75
2453628.56983 15.1590  0.0043 5.60  945.0  370.71  237.75
2453630.58385 15.1537  0.0040 4.68  839.0  370.71  237.75
2453632.61132 15.1698  0.0043 5.44  928.0  370.71  237.75
2453634.51473 15.1688  0.0038 4.79  541.0  370.71  237.75
2453639.52052 15.1690  0.0035 3.93  584.0  370.71  237.75
2453641.56725 15.1785  0.0044 5.91  736.0  370.71  237.75
2453644.53207 15.1892  0.0037 3.99  611.0  370.71  237.75
2453649.51268 15.1888  0.0039 5.09  576.0  370.71  237.75
2453651.57356 15.2026  0.0044 5.58  755.0  370.71  237.75
2453655.53873 15.1953  0.0041 4.43  864.0  370.71  237.75
2453657.53189 15.1963  0.0040 3.57  891.0  370.71  237.75
2453659.53369 15.1968  0.0047 5.62  909.0  370.71  237.75
2453662.53822 15.2104  0.0046 5.82  967.0  370.71  237.75
2453665.49565 15.2086  0.0043 4.40  929.0  370.71  237.75
2453671.51159 15.2115  0.0048 6.13  890.0  370.71  237.75
2453777.84312 15.2242  0.0044 5.42 1039.0  370.71  237.75
2453782.87906 15.2420  0.0038 3.74  766.0  370.71  237.75
2453785.84073 15.2406  0.0040 4.42  846.0  370.71  237.75
2453788.86087 15.2388  0.0042 4.07  997.0  370.71  237.75
2453791.82836 15.2426  0.0045 5.56  836.0  370.71  237.75
2453793.87052 15.2300  0.0039 3.87  754.0  370.71  237.75
2453795.85794 15.2326  0.0046 5.79  829.0  370.71  237.75
2453798.82114 15.2466  0.0039 4.17  646.0  370.71  237.75
2453799.84532 15.2335  0.0042 4.45  844.0  370.71  237.75
2453800.84023 15.2440  0.0047 6.09  655.0  370.71  237.75
2453801.89971 15.2361  0.0042 4.24  722.0  370.71  237.75
2453802.86528 15.2501  0.0042 4.72  627.0  370.71  237.75
2453803.90058 15.2321  0.0039 3.98  712.0  370.71  237.75
2453805.81704 15.2257  0.0038 4.09  654.0  370.71  237.75
2453806.78328 15.2442  0.0044 5.49  821.0  370.71  237.75
2453807.80241 15.2459  0.0047 6.05  927.0  370.71  237.75
2453808.81008 15.2390  0.0039 4.02  870.0  370.71  237.75
2453809.89517 15.2336  0.0039 3.80  829.0  370.71  237.75
2453810.86178 15.2374  0.0038 3.60  830.0  370.71  237.75
2453811.85337 15.2402  0.0040 4.06  644.0  370.71  237.75
2453812.84947 15.2399  0.0044 5.04  766.0  370.71  237.75
2453813.84241 15.2321  0.0039 3.86  739.0  370.71  237.75
2453814.84131 15.2332  0.0038 3.74  719.0  370.71  237.75
2453817.87454 15.2340  0.0040 3.58 1239.0  370.71  237.75
2453818.89898 15.2462  0.0039 3.97  656.0  370.71  237.75
2453819.81664 15.2275  0.0037 3.90  525.0  370.71  237.75
2453820.78630 15.2316  0.0037 3.69  538.0  370.71  237.75
2453821.78944 15.2420  0.0040 4.51  549.0  370.71  237.75
2453822.82884 15.2416  0.0038 3.81  588.0  370.71  237.75
2453823.78899 15.2393  0.0040 4.74  536.0  370.71  237.75
2453824.75522 15.2403  0.0042 5.31  661.0  370.71  237.75
2453825.82011 15.2343  0.0041 5.26  596.0  370.71  237.75
2453826.74859 15.2459  0.0034 5.70  351.0  370.71  237.75
2453827.81636 15.2339  0.0037 4.44  470.0  370.71  237.75
2453828.79102 15.2505  0.0045 5.88  629.0  370.71  237.75
2453829.77316 15.2411  0.0040 4.83  555.0  370.71  237.75
2453830.75398 15.2321  0.0039 4.18  673.0  370.71  237.75
2453832.76007 15.2383  0.0038 4.09  525.0  370.71  237.75
2453833.77323 15.2441  0.0038 4.11  493.0  370.71  237.75
2453834.75900 15.2301  0.0038 3.99  637.0  370.71  237.75
2453835.74807 15.2335  0.0039 4.43  651.0  370.71  237.75
2453836.77915 15.2395  0.0040 4.30  739.0  370.71  237.75
2453837.74649 15.2383  0.0042 4.72  725.0  370.71  237.75
2453837.91842 15.2390  0.0039 4.16  749.0  370.71  237.75
2453838.75826 15.2398  0.0045 5.44  779.0  370.71  237.75
2453839.75407 15.2441  0.0043 5.00  868.0  370.71  237.75
2453840.72006 15.2377  0.0043 5.02  965.0  370.71  237.75
2453840.92505 15.2358  0.0041 4.41  933.0  370.71  237.75
2453841.75860 15.2334  0.0040 4.03  843.0  370.71  237.75
2453841.90927 15.2436  0.0040 4.05 1026.0  370.71  237.75
2453842.86350 15.2400  0.0039 3.77  846.0  370.71  237.75
2453845.73410 15.2362  0.0067 5.48 3763.0  370.71  237.75
2453845.92634 15.2375  0.0045 5.52  826.0  370.71  237.75
2453846.74486 15.2476  0.0038 3.99  595.0  370.71  237.75
2453847.81419 15.2462  0.0048 6.33  665.0  370.71  237.75
2453848.76586 15.2389  0.0039 4.41  512.0  370.71  237.75
2453849.76503 15.2462  0.0040 4.27  566.0  370.71  237.75
2453850.70969 15.2393  0.0039 4.34  604.0  370.71  237.75
2453850.88347 15.2430  0.0042 5.01  656.0  370.71  237.75
2453851.72431 15.2423  0.0040 4.95  537.0  370.71  237.75
2453851.88912 15.2453  0.0042 5.04  595.0  370.71  237.75
2453852.71282 15.2370  0.0041 5.11  587.0  370.71  237.75
2453852.89509 15.2382  0.0042 5.04  600.0  370.71  237.75
2453853.70118 15.2383  0.0036 3.81  512.0  370.71  237.75
2453853.86951 15.2361  0.0037 3.76  532.0  370.71  237.75
2453856.69128 15.2402  0.0039 4.19  745.0  370.71  237.75
2453856.85800 15.2367  0.0033 4.21  668.0  370.71  237.75
2453857.92893 15.2391  0.0042 4.75  751.0  370.71  237.75
2453858.77762 15.2369  0.0038 4.64  478.0  370.71  237.75
2453859.82610 15.2397  0.0039 4.71  569.0  370.71  237.75
2453860.68534 15.2305  0.0042 5.79  639.0  370.71  237.75
2453860.92419 15.2289  0.0042 5.34  682.0  370.71  237.75
2453861.68343 15.2449  0.0040 4.95  645.0  370.71  237.75
2453861.78704 15.2377  0.0037 3.69  535.0  370.71  237.75
2453862.72015 15.2394  0.0038 3.81  662.0  370.71  237.75
2453862.87913 15.2384  0.0039 4.32  759.0  370.71  237.75
2453863.65416 15.2402  0.0040 4.97  821.0  370.71  237.75
2453863.87502 15.2383  0.0037 3.90  537.0  370.71  237.75
2453864.69112 15.2344  0.0040 4.37  664.0  370.71  237.75
2453864.88115 15.2542  0.0038 4.09  540.0  370.71  237.75
2453865.70193 15.2440  0.0040 4.40  705.0  370.71  237.75
2453865.83864 15.2426  0.0038 4.27  619.0  370.71  237.75
2453865.91538 15.2393  0.0037 3.87  571.0  370.71  237.75
2453866.70037 15.2365  0.0038 3.75  647.0  370.71  237.75
2453866.83991 15.2424  0.0039 4.00  592.0  370.71  237.75
2453866.91882 15.2409  0.0037 3.62  575.0  370.71  237.75
2453867.64321 15.2398  0.0041 4.43  995.0  370.71  237.75
2453867.83078 15.2394  0.0040 4.44  797.0  370.71  237.75
2453867.90200 15.2411  0.0040 3.94  884.0  370.71  237.75
2453868.72629 15.2480  0.0043 4.33  989.0  370.71  237.75
2453868.87801 15.2371  0.0043 4.41  938.0  370.71  237.75
2453869.70619 15.2371  0.0041 3.82 1032.0  370.71  237.75
2453869.88721 15.2345  0.0042 4.08 1188.0  370.71  237.75
2453872.93184 15.2438  0.0044 4.13 1803.0  370.71  237.75
2453873.65972 15.2469  0.0040 4.53  674.0  370.71  237.75
2453873.80252 15.2361  0.0037 3.79  601.0  370.71  237.75
2453873.87445 15.2439  0.0040 4.59  667.0  370.71  237.75
2453874.75815 15.2456  0.0042 5.44  579.0  370.71  237.75
2453875.67183 15.2352  0.0035 3.46  474.0  370.71  237.75
2453875.82771 15.2472  0.0038 4.42  597.0  370.71  237.75
2453875.91822 15.2353  0.0038 4.24  613.0  370.71  237.75
2453876.64906 15.2453  0.0034 4.68  513.0  370.71  237.75
2453877.64721 15.2308  0.0038 4.92  474.0  370.71  237.75
2453877.79852 15.2381  0.0036 3.79  509.0  370.71  237.75
2453877.87242 15.2386  0.0039 4.78  652.0  370.71  237.75
2453880.84809 15.2346  0.0041 5.39  626.0  370.71  237.75
2453880.92692 15.2423  0.0040 5.11  754.0  370.71  237.75
2453881.67728 15.2426  0.0037 3.73  610.0  370.71  237.75
2453881.88873 15.2445  0.0039 4.24  687.0  370.71  237.75
2453882.58929 15.2433  0.0045 5.86  762.0  370.71  237.75
2453882.76559 15.2479  0.0040 4.94  550.0  370.71  237.75
2453882.83981 15.2450  0.0039 4.42  654.0  370.71  237.75
2453882.90862 15.2396  0.0037 3.74  596.0  370.71  237.75
2453883.65497 15.2445  0.0038 4.21  569.0  370.71  237.75
2453883.87649 15.2418  0.0037 3.78  583.0  370.71  237.75
2453886.61708 15.2409  0.0038 4.59  642.0  370.71  237.75
2453886.80987 15.2403  0.0037 4.10  480.0  370.71  237.75
2453886.88170 15.2408  0.0038 4.12  557.0  370.71  237.75
2453887.59043 15.2503  0.0040 5.11  664.0  370.71  237.75
2453887.79302 15.2433  0.0037 4.39  540.0  370.71  237.75
2453887.89257 15.2398  0.0040 4.98  679.0  370.71  237.75
2453888.60649 15.2428  0.0034 5.65  553.0  370.71  237.75
2453889.67285 15.2426  0.0038 4.57  521.0  370.71  237.75
2453889.95108 15.2406  0.0047 4.80 1613.0  370.71  237.75
2453890.65798 15.2348  0.0037 3.87  640.0  370.71  237.75
2453891.68255 15.2451  0.0040 4.82  560.0  370.71  237.75
2453891.81073 15.2412  0.0038 4.08  610.0  370.71  237.75
2453891.89272 15.2429  0.0038 4.06  608.0  370.71  237.75
2453892.60771 15.2366  0.0042 5.82 1032.0  370.71  237.75
2453893.63916 15.2449  0.0041 5.02  599.0  370.71  237.75
2453893.88380 15.2433  0.0042 5.14  670.0  370.71  237.75
2453894.68668 15.2537  0.0042 5.16  514.0  370.71  237.75
2453894.91094 15.2347  0.0038 5.23  475.0  370.71  237.75
2453896.62738 15.2426  0.0049 6.27  911.0  370.71  237.75
2453900.54565 15.2449  0.0063 5.53 3127.0  370.71  237.75
2453900.73204 15.2368  0.0038 3.56  786.0  370.71  237.75
2453900.81069 15.2394  0.0040 4.14  871.0  370.71  237.75
2453900.87935 15.2434  0.0040 3.76 1037.0  370.71  237.75
2453901.55583 15.2400  0.0042 5.22  695.0  370.71  237.75
2453901.73714 15.2409  0.0042 4.85  727.0  370.71  237.75
2453901.81442 15.2393  0.0042 4.81  986.0  370.71  237.75
2453901.88332 15.2417  0.0042 4.81  853.0  370.71  237.75
2453902.58003 15.2451  0.0035 5.17  616.0  370.71  237.75
2453902.75797 15.2449  0.0039 4.38  659.0  370.71  237.75
2453902.88082 15.2370  0.0042 4.95  828.0  370.71  237.75
2453903.66961 15.2460  0.0039 4.09  644.0  370.71  237.75
2453904.56684 15.2378  0.0036 3.83  548.0  370.71  237.75
2453904.72982 15.2326  0.0038 3.71  625.0  370.71  237.75
2453904.79893 15.2503  0.0038 3.90  568.0  370.71  237.75
2453904.90107 15.2342  0.0040 4.61  735.0  370.71  237.75
2453905.56355 15.2382  0.0037 3.70  583.0  370.71  237.75
2453905.74027 15.2358  0.0036 3.75  568.0  370.71  237.75
2453905.81030 15.2445  0.0036 3.44  559.0  370.71  237.75
2453905.87888 15.2409  0.0037 3.55  768.0  370.71  237.75
2453906.57807 15.2563  0.0041 4.86  628.0  370.71  237.75
2453906.71873 15.2455  0.0038 4.24  520.0  370.71  237.75
2453906.79110 15.2413  0.0038 4.47  591.0  370.71  237.75
2453906.87415 15.2386  0.0041 4.84  678.0  370.71  237.75
2453907.60885 15.2438  0.0040 4.73  529.0  370.71  237.75
2453907.80346 15.2281  0.0045 6.11  629.0  370.71  237.75
2453907.87619 15.2436  0.0048 6.32  731.0  370.71  237.75
2453908.54500 15.2464  0.0040 4.07  894.0  370.71  237.75
2453908.73063 15.2453  0.0039 4.04  606.0  370.71  237.75
2453908.81067 15.2434  0.0038 4.35  524.0  370.71  237.75
2453908.89381 15.2426  0.0040 4.31  721.0  370.71  237.75
2453909.54688 15.0920  0.0038 5.13  730.0  370.71  237.75
2453909.55287 15.2373  0.0039 4.60  617.0  370.71  237.75
2453909.72955 15.2366  0.0037 4.06  429.0  370.71  237.75
2453909.82004 15.2561  0.0039 4.44  498.0  370.71  237.75
2453910.59895 15.2462  0.0038 4.28  542.0  370.71  237.75
2453912.54598 15.2347  0.0035 3.18  611.0  370.71  237.75
2453912.73333 15.2398  0.0036 4.22  429.0  370.71  237.75
2453912.82728 15.2382  0.0036 3.79  461.0  370.71  237.75
2453913.53747 15.2410  0.0036 3.34  588.0  370.71  237.75
2453913.74293 15.2477  0.0039 4.61  577.0  370.71  237.75
2453913.83183 15.2412  0.0036 3.56  533.0  370.71  237.75
2453914.56128 15.2480  0.0041 4.76  626.0  370.71  237.75
2453915.53897 15.2484  0.0039 4.33  682.0  370.71  237.75
2453915.74101 15.2393  0.0038 4.59  463.0  370.71  237.75
2453915.83919 15.2428  0.0042 5.54  531.0  370.71  237.75
2453916.57769 15.2404  0.0040 5.47  565.0  370.71  237.75
2453916.82162 15.2471  0.0039 4.88  555.0  370.71  237.75
2453917.63287 15.2433  0.0041 5.16  593.0  370.71  237.75
2453917.83223 15.2539  0.0043 5.36  673.0  370.71  237.75
2453918.61979 15.2516  0.0037 4.12  561.0  370.71  237.75
2453918.82989 15.2439  0.0043 5.55  622.0  370.71  237.75
2453919.55804 15.2488  0.0041 5.69  784.0  370.71  237.75
2453919.77665 15.2376  0.0030 4.90  530.0  370.71  237.75
2453920.52440 15.2495  0.0041 4.86  597.0  370.71  237.75
2453920.72046 15.2424  0.0041 5.29  586.0  370.71  237.75
2453920.80588 15.2405  0.0038 4.32  583.0  370.71  237.75
2453921.52055 15.2434  0.0043 4.83  754.0  370.71  237.75
2453921.73433 15.2354  0.0050 7.01  637.0  370.71  237.75
2453922.72424 15.2448  0.0046 6.48  608.0  370.71  237.75
2453930.56514 15.2448  0.0036 4.37  761.0  370.71  237.75
2453930.80214 15.2503  0.0043 4.98 1199.0  370.71  237.75
2453931.51318 15.2469  0.0042 5.34  704.0  370.71  237.75
2453932.54077 15.2305  0.0038 4.27  663.0  370.71  237.75
2453932.81250 15.2450  0.0036 4.38  908.0  370.71  237.75
2453933.52715 15.2468  0.0034 4.11  711.0  370.71  237.75
2453933.71164 15.2462  0.0035 3.89  632.0  370.71  237.75
2453933.78371 15.2556  0.0040 4.64  646.0  370.71  237.75
2453934.50114 15.2459  0.0039 4.26  715.0  370.71  237.75
2453934.67111 15.2485  0.0037 4.56  471.0  370.71  237.75
2453934.74097 15.2500  0.0038 4.31  567.0  370.71  237.75
2453935.55094 15.2454  0.0039 4.13  584.0  370.71  237.75
2453935.72234 15.2507  0.0041 5.25  532.0  370.71  237.75
2453935.81984 15.2460  0.0040 4.68  716.0  370.71  237.75
2453936.50438 15.2446  0.0042 5.16  642.0  370.71  237.75
2453936.66987 15.2398  0.0040 4.97  552.0  370.71  237.75
2453936.74626 15.2470  0.0041 4.23  724.0  370.71  237.75
2453937.57259 15.2388  0.0045 6.23  542.0  370.71  237.75
2453938.51211 15.2402  0.0044 5.92  693.0  370.71  237.75
2453938.70717 15.2452  0.0037 5.30  522.0  370.71  237.75
2453938.81230 15.2434  0.0043 5.91  602.0  370.71  237.75
2453940.60007 15.2389  0.0034 4.01  560.0  370.71  237.75
2453941.71348 15.2402  0.0044 6.49  473.0  370.71  237.75
2453944.56471 15.2460  0.0032 4.23  559.0  370.71  237.75
2453944.76508 15.2343  0.0040 6.46  627.0  370.71  237.75
2453946.52391 15.2312  0.0044 6.04  644.0  370.71  237.75
2453946.71609 15.2470  0.0040 5.13  461.0  370.71  237.75
2453950.53251 15.2383  0.0037 4.08  499.0  370.71  237.75
2453950.75504 15.2401  0.0039 4.83  547.0  370.71  237.75
2453951.53178 15.2461  0.0041 5.05  607.0  370.71  237.75
2453956.57848 15.2370  0.0046 5.95  814.0  370.71  237.75
2453957.51687 15.2375  0.0042 5.11  787.0  370.71  237.75
2453958.58855 15.2460  0.0040 4.95  685.0  370.71  237.75
2453959.52864 15.2453  0.0036 4.78  585.0  370.71  237.75
2453959.69488 15.2394  0.0041 5.21  659.0  370.71  237.75
2453960.50969 15.2415  0.0038 4.36  542.0  370.71  237.75
2453960.68879 15.2401  0.0036 3.43  624.0  370.71  237.75
2453961.58537 15.2394  0.0044 5.36  707.0  370.71  237.75
2453963.54236 15.2528  0.0038 4.37  490.0  370.71  237.75
2453963.71972 15.2423  0.0040 5.06  542.0  370.71  237.75
2453964.53748 15.2403  0.0038 4.40  573.0  370.71  237.75
2453965.52189 15.2430  0.0037 3.90  532.0  370.71  237.75
2453965.72078 15.2465  0.0037 4.17  525.0  370.71  237.75
2453966.49706 15.2527  0.0041 4.83  670.0  370.71  237.75
2453966.69877 15.2439  0.0039 4.72  513.0  370.71  237.75
2453967.53549 15.2480  0.0044 6.06  558.0  370.71  237.75
2453967.72422 15.2375  0.0039 5.07  523.0  370.71  237.75
2453968.50955 15.2416  0.0041 4.92  704.0  370.71  237.75
2453968.67953 15.2479  0.0042 5.51  553.0  370.71  237.75
2453969.49119 15.2466  0.0042 5.72  551.0  370.71  237.75
2453969.69183 15.2457  0.0040 5.08  498.0  370.71  237.75
2453970.52542 15.2434  0.0041 5.28  518.0  370.71  237.75
2453970.69890 15.2401  0.0037 4.09  464.0  370.71  237.75
2453971.56413 15.2570  0.0045 6.75  512.0  370.71  237.75
2453973.59038 15.2363  0.0038 5.00  449.0  370.71  237.75
2453974.51964 15.2378  0.0042 5.53  542.0  370.71  237.75
2453975.52255 15.2430  0.0038 4.28  539.0  370.71  237.75
2453975.69921 15.2481  0.0042 5.57  613.0  370.71  237.75
2453976.51736 15.2494  0.0038 4.40  534.0  370.71  237.75
2453976.69717 15.2467  0.0044 5.95  666.0  370.71  237.75
2453979.52697 15.2434  0.0046 6.01  821.0  370.71  237.75
2453982.58000 15.2373  0.0039 3.90  816.0  370.71  237.75
2453983.55314 15.2395  0.0047 4.43 1921.0  370.71  237.75
2453986.59442 15.2435  0.0041 4.42  755.0  370.71  237.75
2453987.51679 15.2472  0.0044 6.09  654.0  370.71  237.75
2453988.52971 15.2421  0.0036 3.88  508.0  370.71  237.75
2453989.54034 15.2447  0.0038 4.76  583.0  370.71  237.75
2453990.55713 15.2449  0.0040 5.14  552.0  370.71  237.75
2453991.51297 15.2466  0.0040 5.22  563.0  370.71  237.75
2453993.56461 15.2401  0.0040 5.04  528.0  370.71  237.75
2453994.57531 15.2335  0.0041 5.17  584.0  370.71  237.75
2453995.58289 15.2405  0.0039 4.53  566.0  370.71  237.75
2453999.62023 15.2366  0.0038 4.53  669.0  370.71  237.75
2454002.50964 15.2387  0.0041 5.18  589.0  370.71  237.75
2454003.50383 15.2428  0.0037 4.15  623.0  370.71  237.75
2454004.53795 15.2428  0.0038 4.23  646.0  370.71  237.75
2454006.53088 15.2391  0.0038 3.94  576.0  370.71  237.75
2454012.51080 15.2442  0.0043 5.62  704.0  370.71  237.75
2454016.52642 15.2402  0.0044 5.66  762.0  370.71  237.75
2454018.56511 15.2277  0.0042 4.44  731.0  370.71  237.75
2454020.55911 15.2398  0.0038 5.89  729.0  370.71  237.75
2454023.54978 15.2344  0.0043 4.96 1002.0  370.71  237.75
2454025.56915 15.2350  0.0042 5.29  808.0  370.71  237.75
2454028.50855 15.2277  0.0043 5.39  692.0  370.71  237.75
2454031.50868 15.2434  0.0044 5.67  722.0  370.71  237.75
2454038.51398 15.2487  0.0048 6.41  735.0  370.71  237.75
2454041.51297 15.2339  0.0046 5.26 1077.0  370.71  237.75
2454043.52076 15.2428  0.0049 5.98 1185.0  370.71  237.75
2454141.88797 15.2453  0.0055 4.52 1718.0  370.71  237.75
2454150.86941 15.2409  0.0050 4.98  747.0  370.71  237.75
2454155.84170 15.2433  0.0049 4.34  740.0  370.71  237.75
2454157.89690 15.2454  0.0049 4.63  893.0  370.71  237.75
2454159.90695 15.2417  0.0056 4.60 1676.0  370.71  237.75
2454162.85418 15.2440  0.0055 5.62 1022.0  370.71  237.75
2454164.89406 15.2381  0.0047 3.50  996.0  370.71  237.75
2454166.91005 15.2385  0.0058 5.46 1521.0  370.71  237.75
2454167.82166 15.2446  0.0052 5.00 1102.0  370.71  237.75
2454169.82874 15.2360  0.0047 3.82  932.0  370.71  237.75
2454174.84331 15.2414  0.0047 4.16  803.0  370.71  237.75
2454176.82500 15.2435  0.0046 3.56  781.0  370.71  237.75
2454177.87865 15.2446  0.0048 4.87  612.0  370.71  237.75
2454179.77645 15.2438  0.0048 4.74  716.0  370.71  237.75
2454180.82318 15.2452  0.0053 6.04  666.0  370.71  237.75
2454181.91136 15.2343  0.0046 3.65  784.0  370.71  237.75
2454183.79032 15.2410  0.0048 4.77  667.0  370.71  237.75
2454184.85837 15.2406  0.0043 4.20  585.0  370.71  237.75
2454185.83774 15.2362  0.0049 4.94  595.0  370.71  237.75
2454190.85611 15.2419  0.0049 4.69  726.0  370.71  237.75
2454192.86843 15.2406  0.0049 4.72  747.0  370.71  237.75
2454193.87936 15.2404  0.0048 4.61  800.0  370.71  237.75
2454194.90094 15.2367  0.0047 3.98  733.0  370.71  237.75
2454196.92128 15.2363  0.0049 4.22  956.0  370.71  237.75
2454202.87071 15.2357  0.0045 4.00  640.0  370.71  237.75
2454203.85885 15.2354  0.0044 3.28  671.0  370.71  237.75
2454204.85802 15.2337  0.0045 3.64  690.0  370.71  237.75
2454205.85455 15.2328  0.0046 4.40  600.0  370.71  237.75
2454207.85818 15.2355  0.0044 3.41  584.0  370.71  237.75
2454208.88784 15.2415  0.0047 4.50  644.0  370.71  237.75
2454213.85593 15.2380  0.0045 3.81  618.0  370.71  237.75
2454215.89348 15.2413  0.0048 4.68  673.0  370.71  237.75
2454216.81432 15.2397  0.0047 4.51  633.0  370.71  237.75
2454217.83665 15.2334  0.0043 3.37  591.0  370.71  237.75
2454218.87743 15.2405  0.0048 4.63  661.0  370.71  237.75
2454219.91840 15.2376  0.0051 5.46  739.0  370.71  237.75
2454220.85584 15.2454  0.0053 5.28  840.0  370.71  237.75
2454222.82518 15.2339  0.0046 3.68  870.0  370.71  237.75
2454228.81316 15.2370  0.0051 4.47 1407.0  370.71  237.75
2454229.79200 15.2384  0.0048 4.52  826.0  370.71  237.75
2454230.77896 15.2443  0.0044 3.35  634.0  370.71  237.75
2454231.80105 15.2372  0.0045 3.41  708.0  370.71  237.75
2454232.80929 15.2459  0.0049 5.00  890.0  370.71  237.75
2454234.75350 15.2423  0.0049 5.09  635.0  370.71  237.75
2454235.77836 15.2400  0.0047 3.98  754.0  370.71  237.75
2454238.80144 15.2440  0.0046 4.66  822.0  370.71  237.75
2454239.90035 15.2366  0.0048 5.80 1058.0  370.71  237.75
2454243.69595 15.2418  0.0051 5.54  629.0  370.71  237.75
2454244.85776 15.2459  0.0048 4.49  817.0  370.71  237.75
2454245.85100 15.2441  0.0047 4.71  631.0  370.71  237.75
2454246.90576 15.2479  0.0048 4.42  885.0  370.71  237.75
2454250.87159 15.2429  0.0053 5.46 1057.0  370.71  237.75
2454256.71664 15.2415  0.0054 5.90  816.0  370.71  237.75
2454258.71403 15.2391  0.0047 4.28  700.0  370.71  237.75
2454268.61753 15.2415  0.0049 5.90  738.0  370.71  237.75
2454269.65767 15.2399  0.0048 4.90  592.0  370.71  237.75
2454272.70830 15.2397  0.0045 3.83  649.0  370.71  237.75
2454273.66837 15.2365  0.0048 4.73  710.0  370.71  237.75
2454274.65206 15.2435  0.0049 4.42  836.0  370.71  237.75
2454275.70895 15.2507  0.0050 4.73  871.0  370.71  237.75
2454277.60802 15.2429  0.0049 4.83  740.0  370.71  237.75
2454278.68230 15.2440  0.0051 4.87  725.0  370.71  237.75
2454283.62769 15.2386  0.0047 3.68 1046.0  370.71  237.75
2454284.61153 15.2413  0.0050 4.44 1033.0  370.71  237.75
2454285.61828 15.2431  0.0055 5.84  943.0  370.71  237.75
2454286.71213 15.2444  0.0043 4.71 1583.0  370.71  237.75
2454289.65762 15.2413  0.0051 5.45  753.0  370.71  237.75
2454290.70820 15.2444  0.0054 6.31  578.0  370.71  237.75
2454291.73582 15.2419  0.0049 5.19  629.0  370.71  237.75
2454292.59690 15.2422  0.0045 3.73  637.0  370.71  237.75
2454293.62437 15.2366  0.0044 3.71  615.0  370.71  237.75
2454294.59613 15.2395  0.0047 4.68  633.0  370.71  237.75
2454295.62548 15.2389  0.0045 4.55  469.0  370.71  237.75
2454296.60495 15.2421  0.0045 4.21  507.0  370.71  237.75
2454297.59875 15.2383  0.0044 3.70  522.0  370.71  237.75
2454298.70828 15.2419  0.0048 5.21  534.0  370.71  237.75
2454299.67525 15.2426  0.0044 4.32  475.0  370.71  237.75
2454300.80009 15.2344  0.0048 4.48  787.0  370.71  237.75
2454301.47760 15.2446  0.0049 5.13  876.0  370.71  237.75
2454302.75670 15.2384  0.0047 4.72  510.0  370.71  237.75
2454307.59175 15.2384  0.0048 3.81 1023.0  370.71  237.75
2454310.74148 15.2432  0.0053 4.43 1604.0  370.71  237.75
2454312.63753 15.2395  0.0046 4.34  991.0  370.71  237.75
2454315.67139 15.2417  0.0055 6.05  810.0  370.71  237.75
2454317.62487 15.2366  0.0049 5.06  617.0  370.71  237.75
2454319.63265 15.2376  0.0048 4.96  651.0  370.71  237.75
2454320.73404 15.2450  0.0054 6.23  643.0  370.71  237.75
2454326.64362 15.2420  0.0049 5.12  623.0  370.71  237.75
2454327.67143 15.2410  0.0053 5.86  657.0  370.71  237.75
2454328.61248 15.2391  0.0049 5.17  586.0  370.71  237.75
2454328.74487 15.2438  0.0055 5.92  955.0  370.71  237.75
2454329.60377 15.2457  0.0052 5.65  613.0  370.71  237.75
2454330.58600 15.2479  0.0049 5.00  627.0  370.71  237.75
2454331.61245 15.2463  0.0050 5.38  553.0  370.71  237.75
2454332.60985 15.2439  0.0049 5.13  676.0  370.71  237.75
2454333.61293 15.2428  0.0052 5.50  711.0  370.71  237.75
2454334.60717 15.2434  0.0058 4.99 1826.0  370.71  237.75
2454338.64711 15.2396  0.0051 4.68 1117.0  370.71  237.75
2454339.61613 15.2400  0.0050 4.72  984.0  370.71  237.75
2454340.52771 15.2420  0.0055 5.27 1080.0  370.71  237.75
2454341.61452 15.2434  0.0054 5.46  974.0  370.71  237.75
2454342.65077 15.2406  0.0049 4.74  777.0  370.71  237.75
2454343.63013 15.2467  0.0048 4.72  783.0  370.71  237.75
2454344.67957 15.2388  0.0049 4.19 1110.0  370.71  237.75
2454345.62995 15.2419  0.0052 5.43  806.0  370.71  237.75
2454346.63524 15.2368  0.0048 4.65  717.0  370.71  237.75
2454347.64927 15.2434  0.0048 4.95  654.0  370.71  237.75
2454349.62105 15.2373  0.0046 4.46  524.0  370.71  237.75
2454351.61973 15.2453  0.0055 6.34  642.0  370.71  237.75
2454353.64285 15.2369  0.0059 6.46 1002.0  370.71  237.75
2454357.63116 15.2356  0.0052 5.91  692.0  370.71  237.75
2454359.60230 15.2469  0.0051 5.75  688.0  370.71  237.75
2454367.60138 15.2402  0.0059 6.72 1165.0  370.71  237.75
2454370.60036 15.2395  0.0050 4.65 1218.0  370.71  237.75
2454372.57241 15.2380  0.0049 4.84  807.0  370.71  237.75
2454380.58214 15.2367  0.0047 4.36  787.0  370.71  237.75
2454515.87738 15.2359  0.0047 5.51  725.0  370.71  237.75
2454519.84893 15.2390  0.0049 5.72  902.0  370.71  237.75
2454520.84135 15.2517  0.0053 6.23  918.0  370.71  237.75
2454523.83971 15.2352  0.0047 5.10  998.0  370.71  237.75
2454524.89077 15.2415  0.0044 4.36  821.0  370.71  237.75
2454530.88028 15.2512  0.0041 3.66  657.0  370.71  237.75
2454534.82698 15.2448  0.0048 5.98  650.0  370.71  237.75
2454536.82666 15.2463  0.0046 5.24  772.0  370.71  237.75
2454538.84506 15.2441  0.0043 4.02  710.0  370.71  237.75
2454540.87488 15.2488  0.0042 4.04  660.0  370.71  237.75
2454542.90124 15.2410  0.0041 3.77  647.0  370.71  237.75
2454543.86266 15.2458  0.0041 4.51  561.0  370.71  237.75
2454544.85946 15.2380  0.0041 4.10  644.0  370.71  237.75
2454545.87701 15.2446  0.0044 4.65  731.0  370.71  237.75
2454546.91193 15.2486  0.0045 4.24 1044.0  370.71  237.75
2454550.85078 15.2444  0.0044 4.55  764.0  370.71  237.75
2454551.90858 15.2453  0.0046 4.63  773.0  370.71  237.75
2454552.90553 15.2421  0.0045 3.88 1178.0  370.71  237.75
2454556.86984 15.2383  0.0042 4.21  622.0  370.71  237.75
2454557.89589 15.2394  0.0041 4.26  644.0  370.71  237.75
2454558.83095 15.2460  0.0041 3.82  624.0  370.71  237.75
2454559.86012 15.2461  0.0042 4.20  542.0  370.71  237.75
2454560.86059 15.2391  0.0039 3.39  535.0  370.71  237.75
2454561.84946 15.2395  0.0039 3.99  554.0  370.71  237.75
2454564.85363 15.2419  0.0040 4.02  514.0  370.71  237.75
2454565.84255 15.2297  0.0038 3.09  560.0  370.71  237.75
2454566.84460 15.2397  0.0040 3.81  550.0  370.71  237.75
2454567.84888 15.2459  0.0040 3.41  563.0  370.71  237.75
2454568.87891 15.2475  0.0039 4.45  801.0  370.71  237.75
2454569.86481 15.2402  0.0042 4.08  619.0  370.71  237.75
2454570.87011 15.2390  0.0042 4.10  647.0  370.71  237.75
2454571.83559 15.2398  0.0041 4.12  584.0  370.71  237.75
2454572.87339 15.2424  0.0050 6.09  733.0  370.71  237.75
2454573.84916 15.2415  0.0040 3.63  603.0  370.71  237.75
2454574.85128 15.2421  0.0045 4.45  793.0  370.71  237.75
2454575.86298 15.2459  0.0042 3.72  797.0  370.71  237.75
2454579.91529 15.2372  0.0044 4.04 1019.0  370.71  237.75
2454583.83510 15.2405  0.0044 3.66 1152.0  370.71  237.75
2454586.81558 15.2432  0.0046 5.06  706.0  370.71  237.75
2454587.85337 15.2490  0.0044 4.52  669.0  370.71  237.75
2454588.74170 15.2359  0.0042 4.22  632.0  370.71  237.75
2454589.77545 15.2439  0.0044 4.30  616.0  370.71  237.75
2454590.78983 15.2432  0.0044 4.48  659.0  370.71  237.75
2454591.76707 15.2422  0.0042 3.93  751.0  370.71  237.75
2454592.77923 15.2384  0.0043 3.92  908.0  370.71  237.75
2454593.76463 15.2459  0.0043 4.41  696.0  370.71  237.75
2454594.79298 15.2436  0.0042 3.98  631.0  370.71  237.75
2454595.78349 15.2412  0.0042 4.28  594.0  370.71  237.75
2454596.80403 15.2348  0.0042 4.17  581.0  370.71  237.75
2454597.80128 15.2403  0.0042 4.00  688.0  370.71  237.75
2454598.77060 15.2395  0.0039 3.39  496.0  370.71  237.75
2454599.75007 15.2409  0.0041 4.18  542.0  370.71  237.75
2454600.75562 15.2369  0.0040 3.60  537.0  370.71  237.75
2454601.76025 15.2343  0.0039 3.40  578.0  370.71  237.75
2454602.75781 15.2421  0.0040 3.46  666.0  370.71  237.75
2454606.77849 15.2405  0.0040 3.08  910.0  370.71  237.75
2454610.88072 15.2412  0.0044 3.88 1003.0  370.71  237.75
2454611.74190 15.2402  0.0043 3.66  778.0  370.71  237.75
2454611.92845 15.2470  0.0047 4.34 1198.0  370.71  237.75
2454616.73073 15.2447  0.0043 4.18  562.0  370.71  237.75
2454617.89868 15.2465  0.0051 5.90  828.0  370.71  237.75
2454622.71053 15.2400  0.0049 6.12  622.0  370.71  237.75
2454623.79035 15.2474  0.0051 5.94  742.0  370.71  237.75
2454624.72917 15.2395  0.0045 4.39  696.0  370.71  237.75
2454625.71050 15.2422  0.0048 5.57  635.0  370.71  237.75
2454626.76543 15.2451  0.0049 5.94  585.0  370.71  237.75
2454627.68982 15.2359  0.0040 3.60  486.0  370.71  237.75
2454628.68000 15.2362  0.0041 3.63  589.0  370.71  237.75
2454629.74569 15.2382  0.0042 3.48  625.0  370.71  237.75
2454630.68551 15.2466  0.0043 3.99  655.0  370.71  237.75
2454631.70382 15.2339  0.0040 3.22  546.0  370.71  237.75
2454632.72652 15.2377  0.0043 4.13  686.0  370.71  237.75
2454633.86639 15.2522  0.0050 5.27 1002.0  370.71  237.75
2454639.80691 15.2393  0.0050 5.00 1245.0  370.71  237.75
2454640.78245 15.2447  0.0043 4.24  647.0  370.71  237.75
2454641.86768 15.2335  0.0050 5.56 1018.0  370.71  237.75
2454642.70536 15.2424  0.0044 4.47  630.0  370.71  237.75
2454643.67146 15.2453  0.0044 4.93  577.0  370.71  237.75
2454644.75453 15.2483  0.0045 4.39  634.0  370.71  237.75
2454645.67324 15.2462  0.0044 4.13  556.0  370.71  237.75
2454646.64093 15.2406  0.0038 3.54  538.0  370.71  237.75
2454647.65193 15.2398  0.0043 3.79  640.0  370.71  237.75
2454648.65325 15.2475  0.0043 4.08  650.0  370.71  237.75
2454648.76264 15.2413  0.0045 4.85  608.0  370.71  237.75
2454649.64625 15.2456  0.0043 4.26  534.0  370.71  237.75
2454650.67771 15.2424  0.0044 4.42  629.0  370.71  237.75
2454651.68856 15.2451  0.0046 4.56  668.0  370.71  237.75
2454652.61744 15.2369  0.0044 4.16  691.0  370.71  237.75
2454653.61132 15.2483  0.0046 5.10  700.0  370.71  237.75
2454654.65048 15.2420  0.0044 4.29  642.0  370.71  237.75
2454655.61476 15.2371  0.0042 3.71  756.0  370.71  237.75
2454656.61799 15.2424  0.0044 3.93  649.0  370.71  237.75
2454658.77522 15.2469  0.0048 5.24  685.0  370.71  237.75
2454660.72489 15.2418  0.0049 5.74  703.0  370.71  237.75
2454661.60737 15.2326  0.0041 3.17  798.0  370.71  237.75
2454666.54013 15.2367  0.0047 4.62 1152.0  370.71  237.75
2454671.66402 15.2466  0.0043 4.31  552.0  370.71  237.75
2454672.62351 15.2436  0.0044 4.29  631.0  370.71  237.75
2454674.65167 15.2369  0.0046 5.12  568.0  370.71  237.75
2454677.67637 15.2390  0.0051 6.36  684.0  370.71  237.75
2454681.67966 15.2446  0.0045 4.91  579.0  370.71  237.75
2454682.63535 15.2452  0.0045 4.71  556.0  370.71  237.75
2454683.63323 15.2498  0.0046 5.06  607.0  370.71  237.75
2454684.65178 15.2411  0.0046 4.81  653.0  370.71  237.75
2454685.67789 15.2403  0.0043 4.05  613.0  370.71  237.75
2454686.75044 15.2412  0.0045 5.20  639.0  370.71  237.75
2454687.66593 15.2458  0.0046 4.59  668.0  370.71  237.75
2454688.61211 15.2429  0.0045 4.32  675.0  370.71  237.75
2454694.69616 15.2388  0.0051 5.38  959.0  370.71  237.75
2454697.61744 15.2326  0.0047 5.38  689.0  370.71  237.75
2454698.63902 15.2435  0.0045 4.66  661.0  370.71  237.75
2454700.63424 15.2461  0.0047 5.48  566.0  370.71  237.75
2454701.61714 15.2420  0.0045 4.79  569.0  370.71  237.75
2454702.63197 15.2466  0.0046 5.07  565.0  370.71  237.75
2454704.69319 15.2445  0.0051 6.33  667.0  370.71  237.75
2454708.65358 15.2465  0.0045 4.79  649.0  370.71  237.75
2454710.67150 15.2395  0.0044 5.84  642.0  370.71  237.75
2454720.58466 15.2350  0.0046 4.39  976.0  370.71  237.75
2454721.61929 15.2357  0.0052 5.84  999.0  370.71  237.75
2454724.63697 15.2403  0.0051 5.57 1162.0  370.71  237.75
2454725.65291 15.2453  0.0056 6.26 1180.0  370.71  237.75
2454726.61315 15.2370  0.0054 6.52  810.0  370.71  237.75
2454726.63033 15.2368  0.0052 6.88  803.0  370.71  237.75
2454733.57737 15.2382  0.0049 6.00  659.0  370.71  237.75
2454738.53747 15.2377  0.0046 5.13  623.0  370.71  237.75
2454741.61954 15.2476  0.0044 4.97  678.0  370.71  237.75
2454755.55861 15.2384  0.0053 5.95  972.0  370.71  237.75
2454763.50032 15.2440  0.0050 5.67  872.0  370.71  237.75
2454774.51398 15.2494  0.0047 5.43 1021.0  370.71  237.75
2454776.50888 15.2418  0.0056 6.33 1383.0  370.71  237.75
2454876.87365 15.2416  0.0044 5.05  848.0  370.71  237.75
2454883.85943 15.2390  0.0046 5.65  737.0  370.71  237.75
2454885.89966 15.2431  0.0052 4.66 2008.0  370.71  237.75
2454888.85389 15.2387  0.0043 4.69  690.0  370.71  237.75
2454892.84797 15.2495  0.0048 5.41  784.0  370.71  237.75
2454898.81823 15.2563  0.0046 4.81  830.0  370.71  237.75
2454901.82111 15.2388  0.0042 3.61  934.0  370.71  237.75
2454902.90996 15.2504  0.0043 3.66 1140.0  370.71  237.75
2454903.86847 15.2327  0.0040 3.39  783.0  370.71  237.75
2454905.86486 15.2403  0.0045 4.43  878.0  370.71  237.75
2454912.84967 15.2394  0.0038 3.27  533.0  370.71  237.75
2454914.89571 15.2443  0.0041 4.41  549.0  370.71  237.75
2454924.74560 15.2463  0.0041 4.62  690.0  370.71  237.75
2454925.86333 15.2429  0.0040 4.01  641.0  370.71  237.75
2454928.75359 15.2484  0.0042 4.15  739.0  370.71  237.75
2454930.79764 15.2450  0.0045 4.55  961.0  370.71  237.75
2454931.84210 15.2413  0.0042 4.02  852.0  370.71  237.75
2454932.85063 15.2329  0.0040 3.32  818.0  370.71  237.75
2454933.84552 15.2353  0.0042 4.17  862.0  370.71  237.75
2454934.90134 15.2389  0.0053 4.33 2263.0  370.71  237.75
2454938.82545 15.2405  0.0047 4.63 1172.0  370.71  237.75
2454940.76694 15.2513  0.0043 4.58  619.0  370.71  237.75
2454941.80268 15.2438  0.0041 4.01  646.0  370.71  237.75
2454942.74574 15.2417  0.0040 3.90  570.0  370.71  237.75
2454944.74808 15.2373  0.0041 3.57  671.0  370.71  237.75
2454945.80115 15.2360  0.0038 3.10  594.0  370.71  237.75
2454950.86094 15.2384  0.0040 4.09  639.0  370.71  237.75
2454953.84033 15.2415  0.0044 4.66  714.0  370.71  237.75
2454954.80999 15.2385  0.0041 4.40  579.0  370.71  237.75
2454955.80138 15.2436  0.0046 5.63  598.0  370.71  237.75
